Timestamp;DateTime;T Generatorkuehlluft;T Gear Bearing Temperatur HS-ROT;T Wellenlager;Scheinleistung;U ac;I ac;Operation Mode;Turmauslenkung;Grid Production CosPhi (avg);Blindleistung;Spannung L1-N;Spannung L2-N;Spannung L3-N;Strom L1;Strom L2;Strom L3;Pitch Angle 1 (avg);Gondelumdrehung;Generatordrehzahl;DC Modules;Windabweichung 1 sek;Pitch Angle 2 (avg);Pitch Angle 3 (avg);Blattwinkel 1 (Soll);Blattwinkel 2 (Soll);Blattwinkel 3 (Soll);cos phi (Soll);n-Soll 1;n-Soll 2;Drehmoment;Drehmoment (Soll);Max. Operatingstate;Gondelbild;Windabweichung 10 sek;Schnelllaufzahl;Digital 1;Digital 2;Leistungsschalter Zuschaltungen;Triebstr.beschleunigung;Turmbeschleunigung;Anlagenzustand;Gear Bearing High Speed Shaft Generator Temperature (avg);Hydraulikvordruck;T.1(202);T.2(205);T.3(208);T.4(211);T.5(214);T.6(217);T.7(220);T.8(224);T.9(227);T.10(231);T.11(234);Int.Temp.;T.Sub1(202);T.Sub2(205);T.Sub3(208);T.Sub4(211);T.Sub5(214);T.Sub6(217);T.Sub7(220);T.Sub8(224);T.Sub9(227);T.Sub10(231);T.Sub11(234);Intern T.Sub;Windg. 1+2;T. SAMI;A.Ein(236);A.Ein(239);A.Ein(242);A.Ein(245);A.Aus(400);A.Aus(404);Netz Freq.;Grid voltage;Drehstromsteller Soll;Deviation Wind Direction To Nacelle Direction (avg);Leistungsmittelwert 5 Sek;Leistungsmittelwert 30 Sek;zugeschaltete Blindleistung;Leistungsklasse;Zustand Blatt;Anzahl Komp. Stufen;T Stator;Subtotal Energy Generator 1;Subtotal Energy Generator 2;Subtotal Production Time Generator 1;Subtotal Production Time Generator 2;Subtotal Availability Total Hours;Subtotal Availability Total Error;Subtotal Availability;Subtotal Wind Average;Subtotal Wind Maximum;Subtotal Availability Wind OK Hours;Subtotal Availability Braked Hours;Subtotal Availability External Error Hours;Subtotal Availability Grid Error Hours;Total Energy Generator 1;Total Energy Generator 2;Total Production Time Generator 1;Total Production Time Generator 2;Total Availability Total Hours;Total Availability Total Error;Total Availability;Total Wind Average;Total Wind Maximum;Total Availability Wind OK Hours;Total Availability Braked Hours;Total Availability External Error Hours;Total Availability Grid Error Hours;Blattwinkel;T Hydraulic Oil;T Gear Oil;T Generator Cooling Water;T Spin;Generator Slip Ring Top Temperature (avg);FreeForReuse;T Spin Slip Ring;High Voltage Trafo Phase 1 Temperature (avg);High Voltage Trafo Phase 2 Temperature (avg);High Voltage Trafo Phase 3 Temperature (avg);Event;Event Modul;Air Pressure;Niederschlag;Wingeschwindigkeit (Extern);Windrichtungsabweichung Max;Windrichtungsabweichung Min;Windrichtungsabweichung (Extern);Generatordrehzahl Max;Generatordrehzahl Min;Blindleistung Max;Blindleistung Min;Netzspannung Max;Netzspannung Min;Netzstrom;Netzstrom Max;Netzstrom Min;Statorstrom;Blattwinkel Durchschnitt;Blattwinkel Max;Blattwinkel Min;Leistung Bezug;Scheinleistung Bezug;Scheinleistung Bezug Max;Active Power Reference Value;Reactive Power Reference Value;Schwingungssensor 1 X Achse Max;Schwingungssensor 1 Y Achse Max;Schwingungssensor 2 X Achse Max;Schwingungssensor 2 Y Achse Max;Energie Produktion;Energie Bezug;Blindenergie Produktion;Blindenergie Bezug;Gondelposition Sensor;Statortemperatur L1;Statortemperatur L2;Statortemperatur L3;Blatt1 Motortemperatur;Blatt2 Motortemperatur;Blatt3 Motortemperatur;Umrichter (Generator zu Gleich) Temperatur;Umrichter (Gleich zu Netz) Temperatur;Produktionsstunden;Bezugszaehler;Setpoint frequenzy;t (Total);t (Produktionsbetrieb);t (Innerhalb Windgrenzen);Setpoint voltage;Produktion Zaehler-Lebenszeit kWh;Exported active energy;Exported active energy (red. op-mode);Setpoint in percent;Setpoint active power in percent;Internal setpoint max power;Internal setpoint stop WTG;Internal setpoint start WTG;Betriebsstunden Gen. 1;Betriebsstunden Gen. 2;Grid Possible Power (avg);Air Density;Max. Grid Active Power (Setpoint);Min. Grid Active Power (Setpoint);Max. Possible Grid Active Power (Setpoint);Full Power Operation Time;Power Reduced Operation Time;Min. Operatingstate;Wind Speed 2;Wind Speed 3;Wind Direction 2;Relative Humidity;T Generator Bearing DE;T Generator Bearing NDE;Radiation Module [W/m2];Radiation Horizontal [W/m2];Module Temperature;Wind Speed 4;Wind Speed 5;Wind Speed 6;Wind Speed 7;Wind Speed 8;Wind Direction 3;Wind Direction 4;Temperature Outside 2;Availability Wind Sensor 1;Availability Wind Sensor 2;Active Wind Sector In Period LaPM / Boost);Sector Angle Begin In Period (LaPM / Boost);Sector Angle End In Period (LaPM / Boost);Sector Time In Period (LaPM / Boost);Wind Direction Leading To Power Management (LaPM / Boost);Number Of Currently Main Wind Sensor;Active Wind Sensor;Relative Wind Direction (avg);Relative Wind Direction (min);Relative Wind Direction (max);Relative Wind Direction (stddev);Relative Wind Direction Sensor 1 (avg);Relative Wind Direction Sensor 1 (min);Relative Wind Direction Sensor 1 (max);Relative Wind Direction Sensor 1 (stddev);Relative Wind Direction Sensor 2 (avg);Relative Wind Direction Sensor 2 (min);Relative Wind Direction Sensor 2 (max);Relative Wind Direction Sensor 2 (stddev);Estimated Wind Speed (avg);Estimated Wind Speed (min);Estimated Wind Speed (max);Estimated Wind Speed (stddev);Wind Speed (stddev);Wind Speed Sensor 1 (avg);Wind Speed Sensor 1 (min);Wind Speed Sensor 1 (max);Wind Speed Sensor 1 (stddev);Wind Speed Sensor 2 (avg);Wind Speed Sensor 2 (min);Wind Speed Sensor 2 (max);Wind Speed Sensor 2 (stddev);Pitch Angle 1 (min);Pitch Angle 1 (max);Pitch Angle 1 (stddev);Ground Controller Temperature (avg);Ground Controller Temperature (min);Ground Controller Temperature (max);Ground Controller Temperature (std);Hub Controller Temperature (avg);Hub Controller Temperature (min);Hub Controller Temperature (max);Hub Controller Temperature (stddev);Top Controller Temperature (avg);Top Controller Temperature (min);Top Controller Temperature (max);Top Controller Temperature (stddev);VCP Choke Coil Temperature (avg);VCP Choke Coil Temperature (min);VCP Choke Coil Temperature (max);VCP Choke Coil Temperature (stddev);VCP Temperature (avg);VCP Temperature (min);VCP Temperature (max);VCP Temperature (stddev);VCP Wtr Temperatur (avg);VCP Wtr Temperatur (min);VCP Wtr Temperatur (max);VCP Wtr Temperatur (stddev);Gear Bearing Temperature A (avg);Gear Bearing Temperature A (min);Gear Bearing Temperature A (max);Gear Bearing Temperature A (stddev);Gear Bearing Temperature B (avg);Gear Bearing Temperature B (min);Gear Bearing Temperature B (max);Fermenter Niveau;Fermenter Druck;Fermenter ph-Wert;Fermenter Redoxpotential;Fermenter Temperatur 1;Fermenter Gasanalyse CO2;Fermenter Gasanalyse H2S;Fermenter Gasanalyse CH4;Fermenter Gasanalyse O2;Fermenter TS-Gehalt;Fermenter oTS-Gehalt;Fermenter1 Niveau;Fermenter1 Druck;Fermenter1 ph-Wert;Fermenter1 Redoxpotential;Fermenter1 Temperatur 1;Fermenter1 Gasanalyse CO2;Fermenter1 Gasanalyse H2S;Fermenter1 Gasanalyse CH4;Fermenter1 Gasanalyse O2;Fermenter1 TS-Gehalt;Fermenter1 oTS-Gehalt;Fermenter2 Niveau;Fermenter2 Druck;Fermenter2 ph-Wert;Fermenter2 Redoxpotential;Fermenter2 Temperatur 1;Fermenter2 Gasanalyse CO2;Fermenter2 Gasanalyse H2S;Fermenter2 Gasanalyse CH4;Fermenter2 Gasanalyse O2;Fermenter2 TS-Gehalt;Fermenter2 oTS-Gehalt;Fermenter3 Niveau;Fermenter3 Druck;Fermenter3 ph-Wert;Fermenter3 Redoxpotential;Fermenter3 Temperatur 1;Fermenter3 Gasanalyse CO2;Fermenter3 Gasanalyse H2S;Fermenter3 Gasanalyse CH4;Fermenter3 Gasanalyse O2;Fermenter3 TS-Gehalt;Fermenter3 oTS-Gehalt;Fermenter4 Niveau;Fermenter4 Druck;Fermenter4 ph-Wert;Fermenter4 Redoxpotential;Fermenter4 Temperatur 1;Fermenter4 Gasanalyse CO2;Fermenter4 Gasanalyse H2S;Fermenter4 Gasanalyse CH4;Fermenter4 Gasanalyse O2;Fermenter4 TS-Gehalt;Fermenter4 oTS-Gehalt;Fermenter5 Niveau;Fermenter5 Druck;Fermenter5 ph-Wert;Fermenter5 Redoxpotential;Fermenter5 Temperatur 1;Fermenter5 Gasanalyse CO2;Fermenter5 Gasanalyse H2S;Fermenter5 Gasanalyse CH4;Fermenter5 Gasanalyse O2;Fermenter5 TS-Gehalt;Fermenter5 oTS-Gehalt;Nachgaerer Niveau;Nachgaerer Kopfdruckmessung;Nachgaerer Temperatur 1;Nachgaerer TS-Gehalt;Nachgaerer oTS-Gehalt;Nachgaerer1 Niveau;Nachgaerer1 Kopfdruckmessung;Nachgaerer1 Temperatur 1;Nachgaerer1 TS-Gehalt;Nachgaerer1 oTS-Gehalt;Nachgaerer2 Niveau;Nachgaerer2 Kopfdruckmessung;Nachgaerer2 Temperatur 1;Nachgaerer2 TS-Gehalt;Nachgaerer2 oTS-Gehalt;Nachgaerer3 Niveau;Nachgaerer3 Kopfdruckmessung;Nachgaerer3 Temperatur 1;Nachgaerer3 TS-Gehalt;Nachgaerer3 oTS-Gehalt;Nachgaerer4 Niveau;Nachgaerer4 Kopfdruckmessung;Nachgaerer4 Temperatur 1;Nachgaerer4 TS-Gehalt;Nachgaerer4 oTS-Gehalt;Nachgaerer5 Niveau;Nachgaerer5 Kopfdruckmessung;Nachgaerer5 Temperatur 1;Nachgaerer5 TS-Gehalt;Nachgaerer5 oTS-Gehalt;Rohstofflager Fuellstand;Rohstofflager TS-Gehalt;Rohstofflager oTS-Gehalt;Gasspeicher Fuellstand 1;Gasspeicher Gasdruck;Gasspeicher Temperatur;Gasspeicher1 Fuellstand 1;Gasspeicher1 Gasdruck;Gasspeicher1 Temperatur;Gasspeicher2 Fuellstand 1;Gasspeicher2 Gasdruck;Gasspeicher2 Temperatur;Gasspeicher3 Fuellstand 1;Gasspeicher3 Gasdruck;Gasspeicher3 Temperatur;Gasspeicher4 Fuellstand 1;Gasspeicher4 Gasdruck;Gasspeicher4 Temperatur;Gasspeicher5 Fuellstand 1;Gasspeicher5 Gasdruck;Gasspeicher5 Temperatur;BHKW Leistung;BHKW Gasdurchfluss;BHKW Vorlauftemperatur Fermenter;BHKW Ruecklauftemperatur Fermenter;BHKW Gasanalyse CO2;BHKW Gasanalyse H2S;BHKW Gasanalyse O2;BHKW Gasanalyse CH4;BHKW Gasanalyse H2;BHKW1 Leistung;BHKW1 Gasdurchfluss;BHKW1 Vorlauftemperatur Fermenter;BHKW1 Ruecklauftemperatur Fermenter;BHKW1 Gasanalyse CO2;BHKW1 Gasanalyse H2S;BHKW1 Gasanalyse O2;BHKW1 Gasanalyse CH4;BHKW1 Gasanalyse H2;BHKW2 Leistung;BHKW2 Gasdurchfluss;BHKW2 Vorlauftemperatur Fermenter;BHKW2 Ruecklauftemperatur Fermenter;BHKW2 Gasanalyse CO2;BHKW2 Gasanalyse H2S;BHKW2 Gasanalyse O2;BHKW2 Gasanalyse CH4;BHKW2 Gasanalyse H2;BHKW3 Leistung;BHKW3 Gasdurchfluss;BHKW3 Vorlauftemperatur Fermenter;BHKW3 Ruecklauftemperatur Fermenter;BHKW3 Gasanalyse CO2;BHKW3 Gasanalyse H2S;BHKW3 Gasanalyse O2;BHKW3 Gasanalyse CH4;BHKW3 Gasanalyse H2;BHKW4 Leistung;BHKW4 Gasdurchfluss;BHKW4 Vorlauftemperatur Fermenter;BHKW4 Ruecklauftemperatur Fermenter;BHKW4 Gasanalyse CO2;BHKW4 Gasanalyse H2S;BHKW4 Gasanalyse O2;BHKW4 Gasanalyse CH4;BHKW4 Gasanalyse H2;BHKW5 Leistung;BHKW5 Gasdurchfluss;BHKW5 Vorlauftemperatur Fermenter;BHKW5 Ruecklauftemperatur Fermenter;BHKW5 Gasanalyse CO2;BHKW5 Gasanalyse H2S;BHKW5 Gasanalyse O2;BHKW5 Gasanalyse CH4;BHKW5 Gasanalyse H2;ZM-Pumpe Druckmessung;ZM-Pumpe Temperatur;ZM-Pumpe Durchflussmessung;Durchflussmenge;Leitapparat;Oberpegel;Pegel;BHKW Gesamtleistungsbezug Eigenbedarf;BHKW Gasverbrauch heute;BHKW Gasverbrauch gesamt;Fuellstand Vorgrube;Niederschlag max;Niederschlag min;T Mittelspannungstrafo Windung U ;T Mittelspannungstrafo Windung V;T Mittelspannungstrafo Windung W ;T Mittelspannungstrafo Umbegung;Ice Level;External setpoint power factor;Free For Reuse;Water Flow Rate;Upstream Water Level;Downstream Water Level;Weir Water Level;Setpoint power from grid operator;Setpoint power from direct marketer;Setpoint power from customer;Vmin;Vmax;Vout;Iout;%Wout;Freq;%Cap;Vbat;TupsC;%VAout;Setpoint active power controller;Wind Average of Running plants;Gear Bearing Temperature B (stddev);Gear Bearing Temperature C (avg);Gear Bearing Temperature C (min);Gear Bearing Temperature C (max);Gear Bearing Temperature C (stddev);Gear Bearing Hollow Shaft Generator Temperature (avg);Gear Bearing Hollow Shaft Generator Temperature (min);Gear Bearing Hollow Shaft Generator Temperature (max);Gear Bearing Hollow Shaft Generator Temperature (stddev);Gear Bearing Hollow Shaft Rotor Temperature (avg);Gear Bearing Hollow Shaft Rotor Temperature (min);Gear Bearing Hollow Shaft Rotor Temperature (max);Gear Bearing Hollow Shaft Rotor Temperature (stddev);Gear Bearing High Speed Generator Temperature (min);Gear Bearing High Speed Generator Temperature (max);Gear Bearing High Speed Generator Temperature (stddev);Gear Bearing High Speed Middle Temperature (avg);Gear Bearing High Speed Middle Temperature (min);Gear Bearing High Speed Middle Temperature (max);Gear Bearing High Speed Middle Temperature (stddev);Gear Bearing High Speed Rotor Temperature (avg);Gear Bearing High Speed Rotor Temperature (min);Gear Bearing High Speed Rotor Temperature (max);Gear Bearing High Speed Rotor Temperature (stddev);Gear Bearing Intermediate Shaft 1 Temperature (avg);Gear Bearing Intermediate Shaft 1 Temperature (min);Gear Bearing Intermediate Shaft 1 Temperature (max);Gear Bearing Intermediate Shaft 1 Temperature (stddev);Gear Bearing Intermediate Shaft 2 Temperature (avg);Gear Bearing Intermediate Shaft 2 Temperature (min);Gear Bearing Intermediate Shaft 2 Temperature (max);Gear Bearing Intermediate Shaft 2 Temperature (stddev);Gear Bearing Intermediate Shaft 3 Temperature (avg);Gear Bearing Intermediate Shaft 3 Temperature (min);Gear Bearing Intermediate Shaft 3 Temperature (max);Gear Bearing Intermediate Shaft 3 Temperature (stddev);Gear Cooling Water Temperature (avg);Gear Cooling Water Temperature (min);Gear Cooling Water Temperature (max);Gear Cooling Water Temperature (stddev);Gear Lubrication Oil Temperature (avg);Gear Lubrication Oil Temperature (min);Gear Lubrication Oil Temperature (max);Gear Lubrication Oil Temperature (stddev);Gear Main Bearing Temperature (avg);Gear Main Bearing Temperature (min);Gear Main Bearing Temperature (max);Gear Main Bearing Temperature (stddev);Gear Main Tank Oil Temperature (avg);Gear Main Tank Oil Temperature (min);Gear Main Tank Oil Temperature (max);Gear Main Tank Oil Temperature (stddev);Gear Oil Inlet Temperature (avg);Gear Oil Inlet Temperature (min);Gear Oil Inlet Temperature (max);Gear Oil Inlet Temperature (stddev);Generator RPM (min);Generator RPM (max);Generator RPM (stddev);Generator Slip Ring Top Temperature (min);Generator Slip Ring Top Temperature (max);Generator Slip Ring Top Temperature (stddev);Grid Busbar Temperature (avg);Grid Busbar Temperature (min);Grid Busbar Temperature (max);Grid Busbar Temperature (stddev);Grid Production CosPhi (min);Grid Production CosPhi (max);Grid Production CosPhi (stddev);Grid Possible Power (min);Grid Possible Power (max);Grid Possible Power (stddev);Grid Produced Power Internal Derate State;Grid Produced Power Internal Derate Time;Grid Produced Power Standard Deviation;Grid Rotor (Inverter) Phase 1 Current (avg);Grid Rotor (Inverter) Phase 1 Current (min);Grid Rotor (Inverter) Phase 1 Current (max);Grid Rotor (Inverter) Phase 1 Current (stddec);Grid Rotor (Inverter) Phase 1 Temperature (avg);Grid Rotor (Inverter) Phase 2 Current (avg);Grid Rotor (Inverter) Phase 2 Current (min);Grid Rotor (Inverter) Phase 2 Current (max);Grid Rotor (Inverter) Phase 2 Current (stddev);Grid Rotor (Inverter) Phase 2 Temperature (avg);Grid Rotor (Inverter) Phase 2 Temperature (min);Grid Rotor (Inverter) Phase 2 Temperature (max);Grid Rotor (Inverter) Phase 2 Temperature (stddev);Grid Rotor (Inverter) Phase 3 Current (avg);Grid Rotor (Inverter) Phase 3 Current (min);Grid Rotor (Inverter) Phase 3 Current (max);Grid Rotor (Inverter) Phase 3 Current (stddev);Grid Rotor (Inverter) Phase 3 Temperature (avg);Grid Rotor (Inverter) Phase 3 Temperature (min);Grid Rotor (Inverter) Phase 3 Temperature (max);Grid Rotor (Inverter) Phase 3 Temperature (stddev);Active Power Reference Value (min);Active Power Reference Value (max);Active Power Setting Source;Reactive Power Setting Source;VCRS Chopper Temperature (avg);High Voltage Trafo Air Outlet Temperature (avg);High Voltage Trafo Core Temperature 1 (avg);High Voltage Trafo Core Temperature 1 (min);High Voltage Trafo Core Temperature 1 (max);High Voltage Trafo Core Temperature 1 (stddev);High Voltage Trafo Core Temperature 2 (avg);High Voltage Trafo Core Temperature 2 (min);High Voltage Trafo Core Temperature 2 (max);High Voltage Trafo Core Temperature 2 (stddev);High Voltage Trafo Phase 1 Temperature (min);High Voltage Trafo Phase 1 Temperature (max);High Voltage Trafo Phase 1 Temperature (stddev);High Voltage Trafo Phase 2 Temperature (min);High Voltage Trafo Phase 2 Temperature (max);High Voltage Trafo Phase 2 Temperature (stddev);High Voltage Trafo Phase 3 Temperature (min);High Voltage Trafo Phase 3 Temperature (max);High Voltage Trafo Phase 3 Temperature (stddev);Nacelle Damper Temperature (avg);Nacelle Damper Temperature (min);Nacelle Damper Temperature (max);Nacelle Damper Temperature (stddev);Rotor RPM (stddev);First Active Alarm Parameter 1;First Active Alarm Parameter 2;Tower Acceleration X Axis;Tower Acceleration Y Axis;Yaw Motors Temperature (avg);Yaw Motors Temperature (min);Yaw Motors Temperature (max);Yaw Motors Temperature (stddev);High Voltage Trafo Phase 1 Core Temperature (avg);High Voltage Trafo Phase 1 Core Temperature (min);High Voltage Trafo Phase 1 Core Temperature (max);High Voltage Trafo Phase 1 Core Temperature (stddev);High Voltage Trafo Phase 2 Core Temperature (avg);High Voltage Trafo Phase 2 Core Temperature (min);High Voltage Trafo Phase 2 Core Temperature (max);High Voltage Trafo Phase 2 Core Temperature (stddev);High Voltage Trafo Phase 3 Core Temperature (avg);High Voltage Trafo Phase 3 Core Temperature (min);High Voltage Trafo Phase 3 Core Temperature (max);High Voltage Trafo Phase 3 Core Temperature (stddev);PowerBoost gain (absolute) [kWh];Nacelle Orientation (max) [degrees];Nacelle Orientation (min) [degrees];Regulator power reference [kW];DMI power demand [kW];Utility power demand [kW];Visibility Range (avg);Visibility Range (min);Visibility Range (max);T Outside Ground Level (avg);Calculated By ROTORsoft;Fehlernummer;Windgeschwindigkeit;Windgeschwindigkeit Max;Windgeschwindigkeit Min;Rotor RPM (avg);Rotor RPM (max);Rotor RPM (min);Leistung;Leistung Max;Leistung Min;Gondelposition;Windrichtung;Generator RPM (avg);Stop Fault;Schwingung;Produktion Zaehler;T Outside Nacelle Level (avg);T Gen1;T Gen2;T Getriebe;T Lager A;T Lager B;T Inside Nacelle (avg)
1578783600000;2020-01-12T00:00:00.000+0100;;;;;;;;;1.00;-254.70;374.80;375.10;375.90;1037.00;1028.00;1032.00;-1.70;;;;;-1.70;-1.70;;;;;;;;;3.0;;;;;;;;;;;;;;;;;;;;;;;;;;;;;;;;;;;;;;;;;;;;50.00;;;;;;;;;;;;;;;;;;;;;;;;;;;;;;;;;;;;;;37.00;55.00;36.00;8.00;;;;57.00;61.00;57.00;;;;;;;;;1612.00;1369.10;-239.200;-270.700;;;;;;;;;;;;;1354.200;-240.000;;;;;;;;;;83.00;79.00;81.00;;;;;;;;;46786;;;;;;;;;;;;;;1119.500;;;;;;;;;;;;41.00;47.00;;;;;;;;;;;;;;0;0.00;0.00;;232.80;;3.00;-0.40;-6.60;;1.40;2.30;;;;-3.50;;;;8.60;;;;0.90;8.70;4.90;12.00;1.20;8.50;4.30;12.50;1.20;-2.40;2.70;1.00;17.00;;;;14.00;;;;33.00;;;;;;;;43.00;;;;;;;;;;;;55.00;;;;;;;;;;;;;;;;;;;;;;;;;;;;;;;;;;;;;;;;;;;;;;;;;;;;;;;;;;;;;;;;;;;;;;;;;;;;;;;;;;;;;;;;;;;;;;;;;;;;;;;;;;;;;;;;;;;;;;;;;;;;;;;;;;;;;;;;;;;;;;;;;;;;;;;;;;;;;;;;;;;;;;;;;;;;;;;;;;;;;;;;;;;;;;;;;;;;;;;;;;;;;;;;;;;;;;62.00;;;;;;;;;;;;;;;;;;;;;;;;;;;;;;;;;;;34.00;34.00;34.00;;;;;;;;;;;;;;54.00;54.00;55.00;;;;38.20;;;;;;;;;;;629.60;1573.40;203.40;18.00;0.00;201.50;;;;;;;;;;;;;;;;;;;;;;848.90;1720.10;1;1;;;;;;;;;;;;;;;;;;;;;;;;0.30;0;0;0.00;0.00;;;;;90.00;90.00;90.00;;103.00;103.00;103.00;;92.00;92.00;92.00;;;;;;;;;;;;;0;8.60;10.90;5.80;14.60;15.50;13.10;1134;1563;647;233;233;1533.30;;;20062200;2.00;;;;;;28.00
1578784200000;2020-01-12T00:10:00.000+0100;;;;;;;;;1.00;-241.10;374.70;375.10;375.90;993.00;984.00;987.00;-1.80;;;;;-1.80;-1.80;;;;;;;;;3.0;;;;;;;;;;;;;;;;;;;;;;;;;;;;;;;;;;;;;;;;;;;;50.00;;;;;;;;;;;;;;;;;;;;;;;;;;;;;;;;;;;;;;37.00;55.00;36.00;8.00;;;;58.00;61.00;58.00;;;;;;;;;1631.10;1387.30;-228.800;-250.600;;;;;;;;;;;;;1298.900;-240.000;;;;;;;;;;84.00;79.00;82.00;;;;;;;;;46786;;;;;;;;;;;;;;1075.500;;;;;;;;;;;;41.00;47.00;;;;;;;;;;;;;;0;0.00;0.00;;229.90;;3.00;-0.60;-9.90;;1.60;2.60;;;;-3.60;;;;8.50;;;;0.70;8.50;5.70;11.60;1.00;8.20;5.40;11.90;1.00;-2.40;3.50;1.10;17.00;;;;14.00;;;;33.00;;;;;;;;43.00;;;;;;;;;;;;56.00;;;;;;;;;;;;;;;;;;;;;;;;;;;;;;;;;;;;;;;;;;;;;;;;;;;;;;;;;;;;;;;;;;;;;;;;;;;;;;;;;;;;;;;;;;;;;;;;;;;;;;;;;;;;;;;;;;;;;;;;;;;;;;;;;;;;;;;;;;;;;;;;;;;;;;;;;;;;;;;;;;;;;;;;;;;;;;;;;;;;;;;;;;;;;;;;;;;;;;;;;;;;;;;;;;;;;;62.00;;;;;;;;;;;;;;;;;;;;;;;;;;;;;;;;;;;34.00;34.00;34.00;;;;;;;;;;;;;;55.00;54.00;55.00;;;;34.60;;;;;;;;;;;643.90;1588.90;180.60;18.00;0.00;181.90;;;;;;;;;;;;;;;;;;;;;;924.90;1785.10;1;1;;;;;;;;;;;;;;;;;;;;;;;;0.30;0;0;0.00;0.00;;;;;90.00;90.00;90.00;;103.00;103.00;104.00;;92.00;92.00;92.00;;;;;;;;;;;;;0;8.30;10.00;6.40;14.90;15.80;13.40;1084;1588;659;230;230;1538.90;;;20062382;2.00;;;;;;28.00
1578784800000;2020-01-12T00:20:00.000+0100;;;;;;;;;1.00;-241.60;374.30;374.70;375.50;1184.00;1173.00;1177.00;-1.70;;;;;-1.70;-1.70;;;;;;;;;3.0;;;;;;;;;;;;;;;;;;;;;;;;;;;;;;;;;;;;;;;;;;;;50.00;;;;;;;;;;;;;;;;;;;;;;;;;;;;;;;;;;;;;;37.00;55.00;36.00;7.00;;;;58.00;62.00;58.00;;;;;;;;;1619.80;1490.60;-228.800;-261.200;;;;;;;;;;;;;1524.200;-240.000;;;;;;;;;;85.00;81.00;83.00;;;;;;;;;46786;;;;;;;;;;;;;;1291.700;;;;;;;;;;;;40.00;47.00;;;;;;;;;;;;;;0;0.00;0.00;;230.10;;3.00;1.40;-0.60;;0.40;4.70;;;;-1.60;;;;9.00;;;;0.70;9.00;5.40;12.00;1.00;8.80;6.10;12.10;1.00;-2.40;2.70;1.10;17.00;;;;14.00;;;;33.00;;;;;;;;43.00;;;;;;;;;;;;56.00;;;;;;;;;;;;;;;;;;;;;;;;;;;;;;;;;;;;;;;;;;;;;;;;;;;;;;;;;;;;;;;;;;;;;;;;;;;;;;;;;;;;;;;;;;;;;;;;;;;;;;;;;;;;;;;;;;;;;;;;;;;;;;;;;;;;;;;;;;;;;;;;;;;;;;;;;;;;;;;;;;;;;;;;;;;;;;;;;;;;;;;;;;;;;;;;;;;;;;;;;;;;;;;;;;;;;;62.00;;;;;;;;;;;;;;;;;;;;;;;;;;;;;;;;;;;34.00;34.00;34.00;;;;;;;;;;;;;;55.00;55.00;55.00;;;;19.70;;;;;;;;;;;833.90;1846.80;210.50;18.00;0.00;210.70;;;;;;;;;;;;;;;;;;;;;;1148.90;2000.10;1;1;;;;;;;;;;;;;;;;;;;;;;;;0.30;0;0;0.00;0.00;;;;;90.00;90.00;90.00;;104.00;103.00;104.00;;92.00;92.00;92.00;;;;;;;;;;;;;0;8.90;10.50;6.90;14.90;15.50;14.30;1302;1858;863;230;232;1547.90;;;20062598;2.00;;;;;;28.00
1578785400000;2020-01-12T00:30:00.000+0100;;;;;;;;;1.00;-260.70;374.00;374.30;375.10;1000.00;991.00;995.00;-1.80;;;;;-1.80;-1.80;;;;;;;;;3.0;;;;;;;;;;;;;;;;;;;;;;;;;;;;;;;;;;;;;;;;;;;;50.00;;;;;;;;;;;;;;;;;;;;;;;;;;;;;;;;;;;;;;37.00;55.00;36.00;7.00;;;;59.00;63.00;59.00;;;;;;;;;1624.30;1363.20;-239.200;-271.000;;;;;;;;;;;;;1303.000;-270.000;;;;;;;;;;85.00;81.00;83.00;;;;;;;;;46786;;;;;;;;;;;;;;1077.200;;;;;;;;;;;;40.00;47.00;;;;;;;;;;;;;;0;0.00;0.00;;232.10;;3.00;1.40;-3.40;;0.80;4.00;;;;-1.50;;;;8.50;;;;0.90;8.50;5.60;12.20;1.20;8.20;5.20;11.80;1.10;-2.40;5.60;1.00;16.00;;;;14.00;;;;33.00;;;;;;;;43.00;;;;;;;;;;;;56.00;;;;;;;;;;;;;;;;;;;;;;;;;;;;;;;;;;;;;;;;;;;;;;;;;;;;;;;;;;;;;;;;;;;;;;;;;;;;;;;;;;;;;;;;;;;;;;;;;;;;;;;;;;;;;;;;;;;;;;;;;;;;;;;;;;;;;;;;;;;;;;;;;;;;;;;;;;;;;;;;;;;;;;;;;;;;;;;;;;;;;;;;;;;;;;;;;;;;;;;;;;;;;;;;;;;;;;62.00;;;;;;;;;;;;;;;;;;;;;;;;;;;;;;;;;;;34.00;34.00;34.00;;;;;;;;;;;;;;55.00;55.00;55.00;;;;47.40;;;;;;;;;;;664.30;1691.30;231.40;18.00;0.00;230.70;;;;;;;;;;;;;;;;;;;;;;908.00;1865.00;1;1;;;;;;;;;;;;;;;;;;;;;;;;0.60;0;0;0.00;0.00;;;;;90.00;90.00;90.00;;104.00;103.00;104.00;;92.00;92.00;92.00;;;;;;;;;;;;;0;8.30;10.60;6.20;14.60;15.50;13.10;1085;1684;670;230;232;1521.00;;;20062778;2.00;;;;;;27.00
1578786000000;2020-01-12T00:40:00.000+0100;;;;;;;;;1.00;-268.50;374.00;374.30;375.10;1115.00;1105.00;1109.00;-1.70;;;;;-1.70;-1.70;;;;;;;;;3.0;;;;;;;;;;;;;;;;;;;;;;;;;;;;;;;;;;;;;;;;;;;;50.00;;;;;;;;;;;;;;;;;;;;;;;;;;;;;;;;;;;;;;37.00;55.00;36.00;7.00;;;;59.00;63.00;59.00;;;;;;;;;1616.80;1374.20;-258.800;-281.000;;;;;;;;;;;;;1440.800;-270.000;;;;;;;;;;85.00;81.00;83.00;;;;;;;;;46786;;;;;;;;;;;;;;1204.000;;;;;;;;;;;;40.00;47.00;;;;;;;;;;;;;;0;0.00;0.00;;232.00;;3.00;-0.70;-0.90;;2.00;1.90;;;;-4.20;;;;8.80;;;;0.90;8.90;4.50;12.20;1.20;8.70;5.40;12.20;1.10;-2.40;3.70;1.00;16.00;;;;14.00;;;;33.00;;;;;;;;43.00;;;;;;;;;;;;56.00;;;;;;;;;;;;;;;;;;;;;;;;;;;;;;;;;;;;;;;;;;;;;;;;;;;;;;;;;;;;;;;;;;;;;;;;;;;;;;;;;;;;;;;;;;;;;;;;;;;;;;;;;;;;;;;;;;;;;;;;;;;;;;;;;;;;;;;;;;;;;;;;;;;;;;;;;;;;;;;;;;;;;;;;;;;;;;;;;;;;;;;;;;;;;;;;;;;;;;;;;;;;;;;;;;;;;;62.00;;;;;;;;;;;;;;;;;;;;;;;;;;;;;;;;;;;34.00;34.00;34.00;;;;;;;;;;;;;;55.00;55.00;55.00;;;;31.00;;;;;;;;;;;533.20;1729.50;232.60;18.00;0.00;231.00;;;;;;;;;;;;;;;;;;;;;;855.00;1926.90;1;1;;;;;;;;;;;;;;;;;;;;;;;;0.30;0;0;0.00;1.00;;;;;90.00;90.00;90.00;;104.00;104.00;104.00;;92.00;92.00;93.00;;;;;;;;;;;;;0;8.80;10.80;6.00;14.90;15.50;13.10;1216;1748;541;234;233;1539.50;;;20062980;2.00;;;;;;27.00
1578786600000;2020-01-12T00:50:00.000+0100;;;;;;;;;1.00;-260.70;373.80;374.20;375.00;1042.00;1033.00;1036.00;-1.60;;;;;-1.60;-1.60;;;;;;;;;3.0;;;;;;;;;;;;;;;;;;;;;;;;;;;;;;;;;;;;;;;;;;;;50.00;;;;;;;;;;;;;;;;;;;;;;;;;;;;;;;;;;;;;;37.00;55.00;36.00;7.00;;;;60.00;64.00;60.00;;;;;;;;;1625.50;1383.80;-248.800;-271.300;;;;;;;;;;;;;1359.600;-260.000;;;;;;;;;;85.00;81.00;83.00;;;;;;;;;46786;;;;;;;;;;;;;;1130.900;;;;;;;;;;;;40.00;47.00;;;;;;;;;;;;;;0;0.00;0.00;;233.40;;3.00;-0.70;-10.00;;0.90;2.00;;;;-3.50;;;;8.60;;;;0.90;8.80;5.30;12.60;1.10;8.50;5.30;11.60;1.00;-2.40;4.70;1.40;16.00;;;;14.00;;;;33.00;;;;;;;;43.00;;;;;;;;;;;;56.00;;;;;;;;;;;;;;;;;;;;;;;;;;;;;;;;;;;;;;;;;;;;;;;;;;;;;;;;;;;;;;;;;;;;;;;;;;;;;;;;;;;;;;;;;;;;;;;;;;;;;;;;;;;;;;;;;;;;;;;;;;;;;;;;;;;;;;;;;;;;;;;;;;;;;;;;;;;;;;;;;;;;;;;;;;;;;;;;;;;;;;;;;;;;;;;;;;;;;;;;;;;;;;;;;;;;;;63.00;;;;;;;;;;;;;;;;;;;;;;;;;;;;;;;;;;;34.00;34.00;34.00;;;;;;;;;;;;;;55.00;55.00;55.00;;;;32.20;;;;;;;;;;;621.60;1840.70;233.20;18.00;0.00;225.00;;;;;;;;;;;;;;;;;;;;;;862.00;2000.10;1;1;;;;;;;;;;;;;;;;;;;;;;;;0.30;0;0;0.00;0.00;;;;;90.00;90.00;91.00;;104.00;104.00;104.00;;92.00;92.00;93.00;;;;;;;;;;;;;0;8.60;11.10;6.10;14.60;15.50;13.40;1133;1747;631;235;234;1537.10;;;20063168;2.00;;;;;;27.00
1578787200000;2020-01-12T01:00:00.000+0100;;;;;;;;;1.00;-267.80;373.50;373.80;374.70;994.00;984.00;988.00;-1.80;;;;;-1.80;-1.80;;;;;;;;;3.0;;;;;;;;;;;;;;;;;;;;;;;;;;;;;;;;;;;;;;;;;;;;50.00;;;;;;;;;;;;;;;;;;;;;;;;;;;;;;;;;;;;;;37.00;55.00;36.00;7.00;;;;60.00;64.00;60.00;;;;;;;;;1615.60;1245.00;-249.200;-291.100;;;;;;;;;;;;;1286.400;-280.000;;;;;;;;;;85.00;81.00;83.00;;;;;;;;;46787;;;;;;;;;;;;;;1057.400;;;;;;;;;;;;40.00;47.00;;;;;;;;;;;;;;0;0.00;0.00;;233.60;;3.00;-2.00;-4.60;;0.50;0.70;;;;-5.10;;;;8.40;;;;0.90;8.50;4.50;11.50;1.20;8.20;4.80;11.50;1.10;-2.40;2.50;0.80;16.00;;;;14.00;;;;33.00;;;;;;;;43.00;;;;;;;;;;;;56.00;;;;;;;;;;;;;;;;;;;;;;;;;;;;;;;;;;;;;;;;;;;;;;;;;;;;;;;;;;;;;;;;;;;;;;;;;;;;;;;;;;;;;;;;;;;;;;;;;;;;;;;;;;;;;;;;;;;;;;;;;;;;;;;;;;;;;;;;;;;;;;;;;;;;;;;;;;;;;;;;;;;;;;;;;;;;;;;;;;;;;;;;;;;;;;;;;;;;;;;;;;;;;;;;;;;;;;62.00;;;;;;;;;;;;;;;;;;;;;;;;;;;;;;;;;;;34.00;34.00;34.00;;;;;;;;;;;;;;55.00;50.00;55.00;;;;58.50;;;;;;;;;;;567.00;1647.50;239.20;18.00;0.00;242.40;;;;;;;;;;;;;;;;;;;;;;773.90;1844.00;1;1;;;;;;;;;;;;;;;;;;;;;;;;0.60;0;0;0.00;0.00;;;;;90.00;90.00;90.00;;104.00;104.00;104.00;;92.00;92.00;93.00;;;;;;;;;;;;;0;8.30;10.20;5.50;14.60;15.50;11.90;1074;1649;578;233;231;1520.70;;;20063348;2.00;;;;;;27.00
1578787800000;2020-01-12T01:10:00.000+0100;;;;;;;;;0.90;-278.20;373.90;374.20;375.10;824.00;815.00;818.00;-1.90;;;;;-1.90;-1.90;;;;;;;;;3.0;;;;;;;;;;;;;;;;;;;;;;;;;;;;;;;;;;;;;;;;;;;;50.00;;;;;;;;;;;;;;;;;;;;;;;;;;;;;;;;;;;;;;37.00;55.00;36.00;7.00;;;;59.00;63.00;59.00;;;;;;;;;1621.90;1269.20;-269.000;-281.200;;;;;;;;;;;;;1082.600;-280.000;;;;;;;;;;83.00;79.00;81.00;;;;;;;;;46787;;;;;;;;;;;;;;865.600;;;;;;;;;;;;40.00;47.00;;;;;;;;;;;;;;0;0.00;0.00;;228.70;;3.00;-0.60;-4.90;;0.60;1.70;;;;-3.40;;;;7.90;;;;0.70;7.70;4.90;10.90;0.90;7.50;5.00;11.30;0.90;-2.30;2.80;0.70;16.00;;;;14.00;;;;33.00;;;;;;;;42.00;;;;;;;;;;;;55.00;;;;;;;;;;;;;;;;;;;;;;;;;;;;;;;;;;;;;;;;;;;;;;;;;;;;;;;;;;;;;;;;;;;;;;;;;;;;;;;;;;;;;;;;;;;;;;;;;;;;;;;;;;;;;;;;;;;;;;;;;;;;;;;;;;;;;;;;;;;;;;;;;;;;;;;;;;;;;;;;;;;;;;;;;;;;;;;;;;;;;;;;;;;;;;;;;;;;;;;;;;;;;;;;;;;;;;62.00;;;;;;;;;;;;;;;;;;;;;;;;;;;;;;;;;;;34.00;34.00;34.00;;;;;;;;;;;;;;54.00;52.00;55.00;;;;66.50;;;;;;;;;;;406.10;1388.00;172.10;18.00;0.00;170.80;;;;;;;;;;;;;;;;;;;;;;677.90;1496.10;1;1;;;;;;;;;;;;;;;;;;;;;;;;0.60;0;0;0.00;0.00;;;;;91.00;90.00;91.00;;104.00;104.00;104.00;;93.00;93.00;93.00;;;;;;;;;;;;;0;7.60;10.00;5.60;14.30;15.50;12.20;875;1375;419;230;229;1483.10;;;20063496;2.00;;;;;;27.00
1578788400000;2020-01-12T01:20:00.000+0100;;;;;;;;;1.00;-277.40;374.30;374.70;375.50;880.00;872.00;876.00;-2.00;;;;;-2.00;-2.00;;;;;;;;;3.0;;;;;;;;;;;;;;;;;;;;;;;;;;;;;;;;;;;;;;;;;;;;50.00;;;;;;;;;;;;;;;;;;;;;;;;;;;;;;;;;;;;;;37.00;55.00;36.00;7.00;;;;58.00;62.00;58.00;;;;;;;;;1582.80;1434.80;-268.900;-290.900;;;;;;;;;;;;;1150.500;-280.000;;;;;;;;;;83.00;79.00;81.00;;;;;;;;;46787;;;;;;;;;;;;;;935.900;;;;;;;;;;;;41.00;47.00;;;;;;;;;;;;;;0;0.00;0.00;;227.00;;3.00;0.20;-0.90;;1.00;3.50;;;;-3.40;;;;8.10;;;;0.60;8.20;5.50;10.70;0.90;7.90;5.40;11.30;0.90;-2.40;2.50;0.80;16.00;;;;14.00;;;;33.00;;;;;;;;42.00;;;;;;;;;;;;55.00;;;;;;;;;;;;;;;;;;;;;;;;;;;;;;;;;;;;;;;;;;;;;;;;;;;;;;;;;;;;;;;;;;;;;;;;;;;;;;;;;;;;;;;;;;;;;;;;;;;;;;;;;;;;;;;;;;;;;;;;;;;;;;;;;;;;;;;;;;;;;;;;;;;;;;;;;;;;;;;;;;;;;;;;;;;;;;;;;;;;;;;;;;;;;;;;;;;;;;;;;;;;;;;;;;;;;;62.00;;;;;;;;;;;;;;;;;;;;;;;;;;;;;;;;;;;34.00;34.00;34.00;;;;;;;;;;;;;;55.00;54.00;55.00;;;;25.70;;;;;;;;;;;516.90;1404.70;164.10;18.00;0.00;162.80;;;;;;;;;;;;;;;;;;;;;;769.00;1534.00;1;1;;;;;;;;;;;;;;;;;;;;;;;;0.30;0;0;0.00;0.00;;;;;91.00;91.00;91.00;;104.00;104.00;104.00;;93.00;93.00;93.00;;;;;;;;;;;;;0;8.10;9.50;6.20;14.60;15.20;13.70;944;1407;525;230;230;1536.80;;;20063652;2.00;;;;;;28.00
1578789000000;2020-01-12T01:30:00.000+0100;;;;;;;;;0.90;-285.40;373.50;373.90;374.70;782.00;774.00;778.00;-2.00;;;;;-2.00;-2.00;;;;;;;;;3.0;;;;;;;;;;;;;;;;;;;;;;;;;;;;;;;;;;;;;;;;;;;;50.00;;;;;;;;;;;;;;;;;;;;;;;;;;;;;;;;;;;;;;37.00;54.00;36.00;7.00;;;;58.00;61.00;58.00;;;;;;;;;1569.70;1313.60;-268.900;-300.800;;;;;;;;;;;;;1030.400;-290.000;;;;;;;;;;82.00;78.00;80.00;;;;;;;;;46787;;;;;;;;;;;;;;815.500;;;;;;;;;;;;41.00;47.00;;;;;;;;;;;;;;0;0.00;0.00;;230.80;;3.00;-1.40;-7.20;;0.90;1.50;;;;-4.80;;;;7.70;;;;0.70;7.80;5.20;10.80;1.00;7.60;4.80;10.30;0.90;-2.30;2.40;0.60;16.00;;;;14.00;;;;33.00;;;;;;;;42.00;;;;;;;;;;;;55.00;;;;;;;;;;;;;;;;;;;;;;;;;;;;;;;;;;;;;;;;;;;;;;;;;;;;;;;;;;;;;;;;;;;;;;;;;;;;;;;;;;;;;;;;;;;;;;;;;;;;;;;;;;;;;;;;;;;;;;;;;;;;;;;;;;;;;;;;;;;;;;;;;;;;;;;;;;;;;;;;;;;;;;;;;;;;;;;;;;;;;;;;;;;;;;;;;;;;;;;;;;;;;;;;;;;;;;62.00;;;;;;;;;;;;;;;;;;;;;;;;;;;;;;;;;;;34.00;34.00;34.00;;;;;;;;;;;;;;54.00;54.00;55.00;;;;62.70;;;;;;;;;;;508.40;1192.10;141.60;18.00;0.00;143.30;;;;;;;;;;;;;;;;;;;;;;700.90;1392.10;1;1;;;;;;;;;;;;;;;;;;;;;;;;0.60;0;0;0.00;0.00;;;;;91.00;91.00;91.00;;104.00;104.00;104.00;;93.00;93.00;93.00;;;;;;;;;;;;;0;7.70;9.30;5.70;14.30;15.20;12.50;824;1204;515;230;229;1485.50;;;20063788;2.00;;;;;;27.00
1578789600000;2020-01-12T01:40:00.000+0100;;;;;;;;;0.90;-284.20;374.10;374.40;375.20;865.00;856.00;860.00;-1.90;;;;;-1.90;-1.90;;;;;;;;;3.0;;;;;;;;;;;;;;;;;;;;;;;;;;;;;;;;;;;;;;;;;;;;50.00;;;;;;;;;;;;;;;;;;;;;;;;;;;;;;;;;;;;;;37.00;54.00;36.00;7.00;;;;57.00;61.00;57.00;;;;;;;;;1601.60;1332.10;-269.100;-291.100;;;;;;;;;;;;;1126.900;-280.000;;;;;;;;;;82.00;77.00;80.00;;;;;;;;;46787;;;;;;;;;;;;;;908.400;;;;;;;;;;;;41.00;47.00;;;;;;;;;;;;;;0;0.00;0.00;;227.40;;3.00;1.00;-1.40;;1.20;3.40;;;;-2.30;;;;8.00;;;;0.80;8.00;5.20;11.40;1.00;7.70;5.10;10.90;1.00;-2.40;1.70;0.70;16.00;;;;14.00;;;;33.00;;;;;;;;42.00;;;;;;;;;;;;55.00;;;;;;;;;;;;;;;;;;;;;;;;;;;;;;;;;;;;;;;;;;;;;;;;;;;;;;;;;;;;;;;;;;;;;;;;;;;;;;;;;;;;;;;;;;;;;;;;;;;;;;;;;;;;;;;;;;;;;;;;;;;;;;;;;;;;;;;;;;;;;;;;;;;;;;;;;;;;;;;;;;;;;;;;;;;;;;;;;;;;;;;;;;;;;;;;;;;;;;;;;;;;;;;;;;;;;;62.00;;;;;;;;;;;;;;;;;;;;;;;;;;;;;;;;;;;34.00;34.00;34.00;;;;;;;;;;;;;;54.00;54.00;54.00;;;;54.30;;;;;;;;;;;426.80;1442.70;208.60;18.00;0.00;209.90;;;;;;;;;;;;;;;;;;;;;;727.00;1637.90;1;1;;;;;;;;;;;;;;;;;;;;;;;;0.60;0;0;0.00;0.00;;;;;91.00;91.00;91.00;;104.00;104.00;104.00;;93.00;93.00;93.00;;;;;;;;;;;;;0;7.80;10.20;5.90;14.30;15.50;12.80;922;1466;441;230;231;1498.60;;;20063942;2.00;;;;;;28.00
1578790200000;2020-01-12T01:50:00.000+0100;;;;;;;;;0.90;-278.70;374.20;374.60;375.40;791.00;783.00;787.00;-1.90;;;;;-1.90;-1.90;;;;;;;;;3.0;;;;;;;;;;;;;;;;;;;;;;;;;;;;;;;;;;;;;;;;;;;;50.00;;;;;;;;;;;;;;;;;;;;;;;;;;;;;;;;;;;;;;37.00;54.00;36.00;7.00;;;;57.00;61.00;57.00;;;;;;;;;1621.00;1083.80;-268.900;-290.900;;;;;;;;;;;;;1040.400;-280.000;;;;;;;;;;81.00;77.00;79.00;;;;;;;;;46787;;;;;;;;;;;;;;826.900;;;;;;;;;;;;41.00;47.00;;;;;;;;;;;;;;0;0.00;0.00;;230.10;;3.00;-1.50;-7.90;;0.90;1.60;;;;-4.00;;;;7.70;;;;0.90;7.80;4.10;10.80;1.10;7.60;3.70;10.30;1.10;-2.40;2.90;0.80;16.00;;;;14.00;;;;32.00;;;;;;;;42.00;;;;;;;;;;;;55.00;;;;;;;;;;;;;;;;;;;;;;;;;;;;;;;;;;;;;;;;;;;;;;;;;;;;;;;;;;;;;;;;;;;;;;;;;;;;;;;;;;;;;;;;;;;;;;;;;;;;;;;;;;;;;;;;;;;;;;;;;;;;;;;;;;;;;;;;;;;;;;;;;;;;;;;;;;;;;;;;;;;;;;;;;;;;;;;;;;;;;;;;;;;;;;;;;;;;;;;;;;;;;;;;;;;;;;61.00;;;;;;;;;;;;;;;;;;;;;;;;;;;;;;;;;;;34.00;33.00;34.00;;;;;;;;;;;;;;53.00;45.00;54.00;;;;107.70;;;;;;;;;;;372.20;1414.30;211.50;18.00;0.00;216.40;;;;;;;;;;;;;;;;;;;;;;537.10;1609.00;1;1;;;;;;;;;;;;;;;;;;;;;;;;0.90;0;0;0.00;0.00;;;;;91.00;91.00;91.00;;104.00;104.00;104.00;;93.00;93.00;93.00;;;;;;;;;;;;;0;7.70;9.50;4.70;14.00;15.50;10.40;837;1448;373;232;231;1471.20;;;20064082;2.00;;;;;;28.00
1578790800000;2020-01-12T02:00:00.000+0100;;;;;;;;;0.90;-278.80;375.00;375.40;376.20;829.00;821.00;825.00;-1.90;;;;;-1.90;-1.90;;;;;;;;;3.0;;;;;;;;;;;;;;;;;;;;;;;;;;;;;;;;;;;;;;;;;;;;50.00;;;;;;;;;;;;;;;;;;;;;;;;;;;;;;;;;;;;;;37.00;54.00;36.00;7.00;;;;57.00;60.00;57.00;;;;;;;;;1604.30;1305.30;-269.100;-291.000;;;;;;;;;;;;;1093.100;-270.000;;;;;;;;;;81.00;77.00;79.00;;;;;;;;;46788;;;;;;;;;;;;;;872.200;;;;;;;;;;;;42.00;47.00;;;;;;;;;;;;;;0;0.00;0.00;;231.60;;3.00;-1.10;-3.60;;1.00;2.20;;;;-4.30;;;;7.90;;;;0.80;7.90;4.80;12.10;1.10;7.70;4.90;10.80;1.00;-2.40;2.50;0.70;16.00;;;;14.00;;;;33.00;;;;;;;;43.00;;;;;;;;;;;;55.00;;;;;;;;;;;;;;;;;;;;;;;;;;;;;;;;;;;;;;;;;;;;;;;;;;;;;;;;;;;;;;;;;;;;;;;;;;;;;;;;;;;;;;;;;;;;;;;;;;;;;;;;;;;;;;;;;;;;;;;;;;;;;;;;;;;;;;;;;;;;;;;;;;;;;;;;;;;;;;;;;;;;;;;;;;;;;;;;;;;;;;;;;;;;;;;;;;;;;;;;;;;;;;;;;;;;;;61.00;;;;;;;;;;;;;;;;;;;;;;;;;;;;;;;;;;;34.00;34.00;34.00;;;;;;;;;;;;;;54.00;54.00;54.00;;;;64.80;;;;;;;;;;;451.10;1468.90;191.70;18.00;0.00;184.80;;;;;;;;;;;;;;;;;;;;;;736.00;1666.00;1;1;;;;;;;;;;;;;;;;;;;;;;;;0.60;0;0;0.00;0.00;;;;;91.00;91.00;91.00;;104.00;104.00;104.00;;93.00;93.00;93.00;;;;;;;;;;;;;0;7.80;10.00;5.60;14.30;15.50;12.50;884;1471;454;232;231;1489.40;;;20064230;2.00;;;;;;29.00
1578791400000;2020-01-12T02:10:00.000+0100;;;;;;;;;0.90;-283.60;375.50;375.90;376.60;716.00;709.00;712.00;-2.10;;;;;-2.10;-2.10;;;;;;;;;3.0;;;;;;;;;;;;;;;;;;;;;;;;;;;;;;;;;;;;;;;;;;;;50.00;;;;;;;;;;;;;;;;;;;;;;;;;;;;;;;;;;;;;;37.00;54.00;36.00;7.00;;;;56.00;60.00;56.00;;;;;;;;;1563.10;1282.30;-269.300;-291.100;;;;;;;;;;;;;951.000;-290.000;;;;;;;;;;80.00;76.00;78.00;;;;;;;;;46788;;;;;;;;;;;;;;745.700;;;;;;;;;;;;42.00;47.00;;;;;;;;;;;;;;0;0.00;0.00;;231.30;;3.00;-0.10;-10.10;;1.70;2.40;;;;-3.10;;;;7.50;;;;0.60;7.40;4.20;9.90;0.90;7.20;4.10;9.70;0.90;-2.30;0.60;0.30;16.00;;;;14.00;;;;33.00;;;;;;;;43.00;;;;;;;;;;;;55.00;;;;;;;;;;;;;;;;;;;;;;;;;;;;;;;;;;;;;;;;;;;;;;;;;;;;;;;;;;;;;;;;;;;;;;;;;;;;;;;;;;;;;;;;;;;;;;;;;;;;;;;;;;;;;;;;;;;;;;;;;;;;;;;;;;;;;;;;;;;;;;;;;;;;;;;;;;;;;;;;;;;;;;;;;;;;;;;;;;;;;;;;;;;;;;;;;;;;;;;;;;;;;;;;;;;;;;61.00;;;;;;;;;;;;;;;;;;;;;;;;;;;;;;;;;;;34.00;34.00;34.00;;;;;;;;;;;;;;54.00;53.00;54.00;;;;64.20;;;;;;;;;;;445.90;1292.90;127.40;18.00;0.00;128.30;;;;;;;;;;;;;;;;;;;;;;678.90;1399.00;1;1;;;;;;;;;;;;;;;;;;;;;;;;0.60;0;0;0.00;0.00;;;;;91.00;91.00;91.00;;104.00;104.00;104.00;;93.00;93.00;93.00;;;;;;;;;;;;;0;7.30;9.00;5.60;13.70;14.90;12.20;750;1283;454;230;229;1435.70;;;20064354;2.00;;;;;;29.00
1578792000000;2020-01-12T02:20:00.000+0100;;;;;;;;;0.90;-290.00;369.80;370.20;370.90;733.00;723.00;727.00;-1.90;;;;;-1.90;-1.90;;;;;;;;;3.0;;;;;;;;;;;;;;;;;;;;;;;;;;;;;;;;;;;;;;;;;;;;50.00;;;;;;;;;;;;;;;;;;;;;;;;;;;;;;;;;;;;;;37.00;53.00;36.00;7.00;;;;56.00;59.00;56.00;;;;;;;;;1564.00;1248.30;-279.200;-301.200;;;;;;;;;;;;;961.300;-290.000;;;;;;;;;;79.00;75.00;77.00;;;;;;;;;46788;;;;;;;;;;;;;;742.000;;;;;;;;;;;;42.00;47.00;;;;;;;;;;;;;;0;0.00;0.00;;230.20;;3.00;0.30;-3.40;;1.00;2.70;;;;-2.40;;;;7.50;;;;0.60;7.50;3.80;11.50;0.90;7.20;4.90;9.80;0.90;-2.40;3.30;0.80;16.00;;;;14.00;;;;32.00;;;;;;;;42.00;;;;;;;;;;;;54.00;;;;;;;;;;;;;;;;;;;;;;;;;;;;;;;;;;;;;;;;;;;;;;;;;;;;;;;;;;;;;;;;;;;;;;;;;;;;;;;;;;;;;;;;;;;;;;;;;;;;;;;;;;;;;;;;;;;;;;;;;;;;;;;;;;;;;;;;;;;;;;;;;;;;;;;;;;;;;;;;;;;;;;;;;;;;;;;;;;;;;;;;;;;;;;;;;;;;;;;;;;;;;;;;;;;;;;60.00;;;;;;;;;;;;;;;;;;;;;;;;;;;;;;;;;;;34.00;34.00;34.00;;;;;;;;;;;;;;53.00;53.00;54.00;;;;64.50;;;;;;;;;;;458.20;1079.40;113.50;18.00;0.00;119.40;;;;;;;;;;;;;;;;;;;;;;684.00;1273.10;1;1;;;;;;;;;;;;;;;;;;;;;;;;0.60;0;0;0.00;0.00;;;;;91.00;91.00;91.00;;104.00;104.00;104.00;;93.00;93.00;93.00;;;;;;;;;;;;;0;7.30;9.10;5.90;13.70;14.90;11.90;752;1079;460;229;229;1436.60;;;20064480;2.00;;;;;;29.00
1578792600000;2020-01-12T02:30:00.000+0100;;;;;;;;;0.90;-280.80;369.70;370.10;370.90;733.00;725.00;728.00;-2.10;;;;;-2.10;-2.10;;;;;;;;;3.0;;;;;;;;;;;;;;;;;;;;;;;;;;;;;;;;;;;;;;;;;;;;50.00;;;;;;;;;;;;;;;;;;;;;;;;;;;;;;;;;;;;;;37.00;53.00;36.00;7.00;;;;55.00;59.00;55.00;;;;;;;;;1559.50;1282.30;-269.100;-291.100;;;;;;;;;;;;;958.000;-280.000;;;;;;;;;;79.00;75.00;77.00;;;;;;;;;46788;;;;;;;;;;;;;;753.200;;;;;;;;;;;;42.00;47.00;;;;;;;;;;;;;;0;0.00;0.00;;228.70;;3.00;0.10;-3.60;;1.10;2.60;;;;-2.50;;;;7.50;;;;0.60;7.60;4.90;10.60;0.90;7.30;5.40;10.20;0.80;-2.30;-0.60;0.20;16.00;;;;14.00;;;;33.00;;;;;;;;42.00;;;;;;;;;;;;54.00;;;;;;;;;;;;;;;;;;;;;;;;;;;;;;;;;;;;;;;;;;;;;;;;;;;;;;;;;;;;;;;;;;;;;;;;;;;;;;;;;;;;;;;;;;;;;;;;;;;;;;;;;;;;;;;;;;;;;;;;;;;;;;;;;;;;;;;;;;;;;;;;;;;;;;;;;;;;;;;;;;;;;;;;;;;;;;;;;;;;;;;;;;;;;;;;;;;;;;;;;;;;;;;;;;;;;;61.00;;;;;;;;;;;;;;;;;;;;;;;;;;;;;;;;;;;34.00;34.00;34.00;;;;;;;;;;;;;;53.00;53.00;54.00;;;;64.50;;;;;;;;;;;505.90;1161.70;130.60;18.00;0.00;133.10;;;;;;;;;;;;;;;;;;;;;;685.10;1310.00;1;1;;;;;;;;;;;;;;;;;;;;;;;;0.60;0;0;0.00;1.00;;;;;91.00;91.00;91.00;;104.00;104.00;104.00;;93.00;93.00;93.00;;;;;;;;;;;;;0;7.50;9.40;6.00;14.00;14.90;12.20;757;1138;518;227;227;1466.70;;;20064606;2.00;;;;;;30.00
1578793200000;2020-01-12T02:40:00.000+0100;;;;;;;;;0.90;-278.80;369.90;370.30;371.00;726.00;718.00;721.00;-2.00;;;;;-2.00;-2.00;;;;;;;;;3.0;;;;;;;;;;;;;;;;;;;;;;;;;;;;;;;;;;;;;;;;;;;;50.00;;;;;;;;;;;;;;;;;;;;;;;;;;;;;;;;;;;;;;37.00;53.00;36.00;7.00;;;;55.00;58.00;55.00;;;;;;;;;1555.30;1245.30;-249.500;-291.400;;;;;;;;;;;;;953.900;-250.000;;;;;;;;;;78.00;75.00;77.00;;;;;;;;;46788;;;;;;;;;;;;;;745.000;;;;;;;;;;;;42.00;47.00;;;;;;;;;;;;;;0;0.00;0.00;;227.00;;3.00;-0.50;-0.50;;1.80;2.50;;;;-3.40;;;;7.50;;;;0.80;7.50;4.30;10.40;1.00;7.20;4.80;11.00;1.00;-2.40;2.90;0.70;16.00;;;;14.00;;;;33.00;;;;;;;;42.00;;;;;;;;;;;;54.00;;;;;;;;;;;;;;;;;;;;;;;;;;;;;;;;;;;;;;;;;;;;;;;;;;;;;;;;;;;;;;;;;;;;;;;;;;;;;;;;;;;;;;;;;;;;;;;;;;;;;;;;;;;;;;;;;;;;;;;;;;;;;;;;;;;;;;;;;;;;;;;;;;;;;;;;;;;;;;;;;;;;;;;;;;;;;;;;;;;;;;;;;;;;;;;;;;;;;;;;;;;;;;;;;;;;;;60.00;;;;;;;;;;;;;;;;;;;;;;;;;;;;;;;;;;;34.00;34.00;34.00;;;;;;;;;;;;;;53.00;52.00;53.00;;;;81.50;;;;;;;;;;;482.60;1260.80;155.40;18.00;0.00;155.20;;;;;;;;;;;;;;;;;;;;;;716.00;1458.90;1;1;;;;;;;;;;;;;;;;;;;;;;;;0.90;0;0;0.00;0.00;;;;;91.00;91.00;91.00;;104.00;104.00;104.00;;93.00;93.00;93.00;;;;;;;;;;;;;0;7.30;9.60;5.80;13.70;14.90;11.90;749;1277;494;227;227;1422.00;;;20064730;2.00;;;;;;30.00
1578793800000;2020-01-12T02:50:00.000+0100;;;;;;;;;1.00;-247.80;371.00;371.50;372.20;948.00;938.00;943.00;-1.90;;;;;-1.90;-1.90;;;;;;;;;3.0;;;;;;;;;;;;;;;;;;;;;;;;;;;;;;;;;;;;;;;;;;;;50.00;;;;;;;;;;;;;;;;;;;;;;;;;;;;;;;;;;;;;;37.00;54.00;36.00;7.00;;;;55.00;59.00;55.00;;;;;;;;;1616.20;1309.40;-229.100;-260.900;;;;;;;;;;;;;1228.300;-250.000;;;;;;;;;;81.00;77.00;79.00;;;;;;;;;46788;;;;;;;;;;;;;;1003.500;;;;;;;;;;;;42.00;47.00;;;;;;;;;;;;;;0;0.00;0.00;;224.20;;3.00;0.10;-3.70;;1.00;3.50;;;;-2.90;;;;8.30;;;;0.70;8.40;4.20;11.10;1.00;8.10;4.60;11.20;0.90;-2.40;2.30;0.80;16.00;;;;13.00;;;;32.00;;;;;;;;43.00;;;;;;;;;;;;55.00;;;;;;;;;;;;;;;;;;;;;;;;;;;;;;;;;;;;;;;;;;;;;;;;;;;;;;;;;;;;;;;;;;;;;;;;;;;;;;;;;;;;;;;;;;;;;;;;;;;;;;;;;;;;;;;;;;;;;;;;;;;;;;;;;;;;;;;;;;;;;;;;;;;;;;;;;;;;;;;;;;;;;;;;;;;;;;;;;;;;;;;;;;;;;;;;;;;;;;;;;;;;;;;;;;;;;;61.00;;;;;;;;;;;;;;;;;;;;;;;;;;;;;;;;;;;34.00;34.00;34.00;;;;;;;;;;;;;;54.00;53.00;54.00;;;;40.60;;;;;;;;;;;439.50;1467.30;184.00;18.00;0.00;190.50;;;;;;;;;;;;;;;;;;;;;;699.90;1647.10;1;1;;;;;;;;;;;;;;;;;;;;;;;;0.30;0;0;0.00;0.00;;;;;91.00;91.00;91.00;;104.00;104.00;104.00;;93.00;93.00;93.00;;;;;;;;;;;;;0;8.30;9.90;5.50;14.60;15.50;12.50;1020;1478;456;226;226;1535.00;;;20064900;2.00;;;;;;30.00
1578794400000;2020-01-12T03:00:00.000+0100;;;;;;;;;1.00;-238.00;371.30;371.70;372.40;975.00;965.00;970.00;-2.00;;;;;-2.00;-2.00;;;;;;;;;3.0;;;;;;;;;;;;;;;;;;;;;;;;;;;;;;;;;;;;;;;;;;;;50.00;;;;;;;;;;;;;;;;;;;;;;;;;;;;;;;;;;;;;;37.00;54.00;36.00;7.00;;;;56.00;59.00;56.00;;;;;;;;;1612.00;1409.40;-219.300;-260.800;;;;;;;;;;;;;1255.900;-220.000;;;;;;;;;;81.00;78.00;80.00;;;;;;;;;46789;;;;;;;;;;;;;;1043.100;;;;;;;;;;;;42.00;47.00;;;;;;;;;;;;;;0;0.00;0.00;;226.40;;3.00;1.10;-2.60;;1.00;4.00;;;;-1.50;;;;8.30;;;;0.80;8.50;5.70;12.30;1.10;8.10;4.90;11.30;1.00;-2.40;1.70;0.60;16.00;;;;13.00;;;;33.00;;;;;;;;43.00;;;;;;;;;;;;55.00;;;;;;;;;;;;;;;;;;;;;;;;;;;;;;;;;;;;;;;;;;;;;;;;;;;;;;;;;;;;;;;;;;;;;;;;;;;;;;;;;;;;;;;;;;;;;;;;;;;;;;;;;;;;;;;;;;;;;;;;;;;;;;;;;;;;;;;;;;;;;;;;;;;;;;;;;;;;;;;;;;;;;;;;;;;;;;;;;;;;;;;;;;;;;;;;;;;;;;;;;;;;;;;;;;;;;;62.00;;;;;;;;;;;;;;;;;;;;;;;;;;;;;;;;;;;34.00;34.00;34.00;;;;;;;;;;;;;;54.00;54.00;54.00;;;;30.70;;;;;;;;;;;666.30;1540.60;172.70;18.00;0.00;177.90;;;;;;;;;;;;;;;;;;;;;;914.90;1681.90;1;1;;;;;;;;;;;;;;;;;;;;;;;;0.30;0;0;0.00;0.00;;;;;91.00;91.00;91.00;;104.00;104.00;104.00;;93.00;93.00;93.00;;;;;;;;;;;;;0;8.30;10.40;6.50;14.60;15.50;13.40;1054;1562;667;225;226;1532.40;;;20065078;2.00;;;;;;30.00
1578795000000;2020-01-12T03:10:00.000+0100;;;;;;;;;1.00;-251.10;370.10;370.50;371.20;829.00;819.00;821.00;-2.00;;;;;-2.00;-2.00;;;;;;;;;3.0;;;;;;;;;;;;;;;;;;;;;;;;;;;;;;;;;;;;;;;;;;;;50.00;;;;;;;;;;;;;;;;;;;;;;;;;;;;;;;;;;;;;;37.00;54.00;36.00;7.00;;;;56.00;60.00;57.00;;;;;;;;;1576.80;1281.70;-219.000;-281.200;;;;;;;;;;;;;1084.900;-280.000;;;;;;;;;;82.00;78.00;80.00;;;;;;;;;46789;;;;;;;;;;;;;;870.000;;;;;;;;;;;;41.00;47.00;;;;;;;;;;;;;;0;0.00;0.00;;227.20;;3.00;0.50;-1.80;;1.20;3.50;;;;-2.60;;;;7.90;;;;0.70;8.00;4.60;11.50;1.00;7.70;4.50;10.70;1.00;-2.40;2.30;0.50;16.00;;;;13.00;;;;32.00;;;;;;;;42.00;;;;;;;;;;;;55.00;;;;;;;;;;;;;;;;;;;;;;;;;;;;;;;;;;;;;;;;;;;;;;;;;;;;;;;;;;;;;;;;;;;;;;;;;;;;;;;;;;;;;;;;;;;;;;;;;;;;;;;;;;;;;;;;;;;;;;;;;;;;;;;;;;;;;;;;;;;;;;;;;;;;;;;;;;;;;;;;;;;;;;;;;;;;;;;;;;;;;;;;;;;;;;;;;;;;;;;;;;;;;;;;;;;;;;62.00;;;;;;;;;;;;;;;;;;;;;;;;;;;;;;;;;;;34.00;34.00;34.00;;;;;;;;;;;;;;54.00;54.00;54.00;;;;51.60;;;;;;;;;;;534.60;1236.00;126.50;18.00;0.00;129.10;;;;;;;;;;;;;;;;;;;;;;705.00;1394.90;1;1;;;;;;;;;;;;;;;;;;;;;;;;0.60;0;0;0.00;0.00;;;;;91.00;90.00;91.00;;104.00;104.00;104.00;;93.00;93.00;93.00;;;;;;;;;;;;;0;7.80;10.30;5.30;14.60;15.20;12.20;879;1260;557;231;231;1507.60;;;20065224;2.00;;;;;;31.00
1578795600000;2020-01-12T03:20:00.000+0100;;;;;;;;;1.00;-251.50;369.90;370.20;371.00;934.00;924.00;926.00;-1.80;;;;;-1.80;-1.80;;;;;;;;;3.0;;;;;;;;;;;;;;;;;;;;;;;;;;;;;;;;;;;;;;;;;;;;50.00;;;;;;;;;;;;;;;;;;;;;;;;;;;;;;;;;;;;;;37.00;54.00;36.00;7.00;;;;56.00;59.00;56.00;;;;;;;;;1610.00;1385.20;-218.900;-280.800;;;;;;;;;;;;;1213.400;-250.000;;;;;;;;;;82.00;78.00;80.00;;;;;;;;;46789;;;;;;;;;;;;;;989.100;;;;;;;;;;;;41.00;47.00;;;;;;;;;;;;;;0;0.00;0.00;;231.80;;3.00;-0.50;-7.30;;1.20;2.10;;;;-3.50;;;;8.20;;;;0.90;8.30;5.00;12.60;1.20;8.00;5.10;12.20;1.10;-2.40;3.20;1.00;16.00;;;;13.00;;;;33.00;;;;;;;;42.00;;;;;;;;;;;;55.00;;;;;;;;;;;;;;;;;;;;;;;;;;;;;;;;;;;;;;;;;;;;;;;;;;;;;;;;;;;;;;;;;;;;;;;;;;;;;;;;;;;;;;;;;;;;;;;;;;;;;;;;;;;;;;;;;;;;;;;;;;;;;;;;;;;;;;;;;;;;;;;;;;;;;;;;;;;;;;;;;;;;;;;;;;;;;;;;;;;;;;;;;;;;;;;;;;;;;;;;;;;;;;;;;;;;;;62.00;;;;;;;;;;;;;;;;;;;;;;;;;;;;;;;;;;;34.00;34.00;34.00;;;;;;;;;;;;;;54.00;54.00;54.00;;;;44.80;;;;;;;;;;;554.00;1730.00;250.00;18.00;0.00;248.40;;;;;;;;;;;;;;;;;;;;;;809.00;1927.90;1;1;;;;;;;;;;;;;;;;;;;;;;;;0.30;0;0;0.00;0.00;;;;;90.00;90.00;91.00;;104.00;104.00;104.00;;93.00;93.00;93.00;;;;;;;;;;;;;0;8.10;11.20;6.50;14.60;15.50;13.40;998;1736;559;230;230;1514.50;;;20065390;2.00;;;;;;30.00
1578796200000;2020-01-12T03:30:00.000+0100;;;;;;;;;1.00;-170.60;371.20;371.70;372.40;890.00;881.00;885.00;-1.80;;;;;-1.80;-1.80;;;;;;;;;3.0;;;;;;;;;;;;;;;;;;;;;;;;;;;;;;;;;;;;;;;;;;;;50.00;;;;;;;;;;;;;;;;;;;;;;;;;;;;;;;;;;;;;;37.00;54.00;36.00;7.00;;;;56.00;60.00;56.00;;;;;;;;;1579.50;1251.30;-109.000;-261.300;;;;;;;;;;;;;1182.200;-130.000;;;;;;;;;;82.00;78.00;80.00;;;;;;;;;46789;;;;;;;;;;;;;;960.900;;;;;;;;;;;;41.00;47.00;;;;;;;;;;;;;;0;0.00;0.00;;229.70;;3.00;-1.40;-2.90;;0.80;1.70;;;;-4.90;;;;8.10;;;;0.90;8.20;5.20;12.70;1.10;7.80;4.80;11.50;1.00;-2.40;4.30;1.10;16.00;;;;13.00;;;;32.00;;;;;;;;42.00;;;;;;;;;;;;55.00;;;;;;;;;;;;;;;;;;;;;;;;;;;;;;;;;;;;;;;;;;;;;;;;;;;;;;;;;;;;;;;;;;;;;;;;;;;;;;;;;;;;;;;;;;;;;;;;;;;;;;;;;;;;;;;;;;;;;;;;;;;;;;;;;;;;;;;;;;;;;;;;;;;;;;;;;;;;;;;;;;;;;;;;;;;;;;;;;;;;;;;;;;;;;;;;;;;;;;;;;;;;;;;;;;;;;;62.00;;;;;;;;;;;;;;;;;;;;;;;;;;;;;;;;;;;34.00;34.00;34.00;;;;;;;;;;;;;;54.00;51.00;54.00;;;;70.10;;;;;;;;;;;517.80;1473.80;220.60;18.00;0.00;221.20;;;;;;;;;;;;;;;;;;;;;;762.10;1612.00;1;1;;;;;;;;;;;;;;;;;;;;;;;;0.60;0;0;0.00;0.00;;;;;91.00;90.00;91.00;;104.00;104.00;104.00;;93.00;93.00;93.00;;;;;;;;;;;;;0;8.00;10.40;5.70;14.30;15.20;11.90;969;1465;532;229;227;1502.50;;;20065550;2.00;;;;;;29.00
1578796800000;2020-01-12T03:40:00.000+0100;;;;;;;;;1.00;-139.80;371.70;372.20;372.90;717.00;709.00;712.00;-1.90;;;;;-1.90;-1.90;;;;;;;;;3.0;;;;;;;;;;;;;;;;;;;;;;;;;;;;;;;;;;;;;;;;;;;;50.00;;;;;;;;;;;;;;;;;;;;;;;;;;;;;;;;;;;;;;37.00;54.00;36.00;7.00;;;;56.00;59.00;56.00;;;;;;;;;1557.10;1171.60;-119.100;-150.800;;;;;;;;;;;;;990.000;-140.000;;;;;;;;;;81.00;77.00;79.00;;;;;;;;;46789;;;;;;;;;;;;;;771.300;;;;;;;;;;;;41.00;47.00;;;;;;;;;;;;;;0;0.00;0.00;;226.80;;3.00;1.00;-3.30;;1.60;3.60;;;;-2.80;;;;7.60;;;;0.70;7.60;3.90;10.80;1.00;7.40;4.40;9.90;0.90;-2.40;2.10;0.70;16.00;;;;13.00;;;;33.00;;;;;;;;42.00;;;;;;;;;;;;55.00;;;;;;;;;;;;;;;;;;;;;;;;;;;;;;;;;;;;;;;;;;;;;;;;;;;;;;;;;;;;;;;;;;;;;;;;;;;;;;;;;;;;;;;;;;;;;;;;;;;;;;;;;;;;;;;;;;;;;;;;;;;;;;;;;;;;;;;;;;;;;;;;;;;;;;;;;;;;;;;;;;;;;;;;;;;;;;;;;;;;;;;;;;;;;;;;;;;;;;;;;;;;;;;;;;;;;;61.00;;;;;;;;;;;;;;;;;;;;;;;;;;;;;;;;;;;34.00;34.00;34.00;;;;;;;;;;;;;;53.00;48.00;54.00;;;;74.90;;;;;;;;;;;476.00;1225.70;156.10;18.00;0.00;157.10;;;;;;;;;;;;;;;;;;;;;;655.10;1434.10;1;1;;;;;;;;;;;;;;;;;;;;;;;;0.60;0;0;0.00;0.00;;;;;91.00;91.00;91.00;;104.00;104.00;104.00;;93.00;93.00;93.00;;;;;;;;;;;;;0;7.50;9.20;4.90;14.00;14.90;11.30;783;1198;488;230;231;1464.30;;;20065680;2.00;;;;;;29.00
1578797400000;2020-01-12T03:50:00.000+0100;;;;;;;;;1.00;-155.00;371.00;371.50;372.20;640.00;634.00;636.00;-2.00;;;;;-2.00;-2.00;;;;;;;;;3.0;;;;;;;;;;;;;;;;;;;;;;;;;;;;;;;;;;;;;;;;;;;;50.00;;;;;;;;;;;;;;;;;;;;;;;;;;;;;;;;;;;;;;37.00;53.00;36.00;7.00;;;;55.00;58.00;55.00;;;;;;;;;1555.60;1174.90;-139.000;-170.700;;;;;;;;;;;;;897.300;-160.000;;;;;;;;;;80.00;76.00;78.00;;;;;;;;;46789;;;;;;;;;;;;;;683.600;;;;;;;;;;;;41.00;47.00;;;;;;;;;;;;;;0;0.00;0.00;;230.40;;3.00;1.50;0.30;;1.10;4.80;;;;-1.40;;;;7.30;;;;0.70;7.40;4.80;10.00;1.00;7.00;3.50;9.40;0.90;-2.40;2.80;0.60;16.00;;;;13.00;;;;33.00;;;;;;;;42.00;;;;;;;;;;;;54.00;;;;;;;;;;;;;;;;;;;;;;;;;;;;;;;;;;;;;;;;;;;;;;;;;;;;;;;;;;;;;;;;;;;;;;;;;;;;;;;;;;;;;;;;;;;;;;;;;;;;;;;;;;;;;;;;;;;;;;;;;;;;;;;;;;;;;;;;;;;;;;;;;;;;;;;;;;;;;;;;;;;;;;;;;;;;;;;;;;;;;;;;;;;;;;;;;;;;;;;;;;;;;;;;;;;;;;60.00;;;;;;;;;;;;;;;;;;;;;;;;;;;;;;;;;;;34.00;34.00;34.00;;;;;;;;;;;;;;53.00;47.00;54.00;;;;91.90;;;;;;;;;;;425.00;1021.80;119.10;18.00;0.00;123.30;;;;;;;;;;;;;;;;;;;;;;633.10;1227.00;1;1;;;;;;;;;;;;;;;;;;;;;;;;0.90;0;0;0.00;0.00;;;;;91.00;91.00;91.00;;104.00;104.00;104.00;;93.00;93.00;93.00;;;;;;;;;;;;;0;7.20;8.80;4.90;13.70;14.90;11.30;692;1034;439;229;230;1418.70;;;20065798;2.00;;;;;;29.00
1578798000000;2020-01-12T04:00:00.000+0100;;;;;;;;;1.00;-161.30;370.40;370.80;371.50;657.00;649.00;652.00;-2.00;;;;;-2.00;-2.00;;;;;;;;;3.0;;;;;;;;;;;;;;;;;;;;;;;;;;;;;;;;;;;;;;;;;;;;50.00;;;;;;;;;;;;;;;;;;;;;;;;;;;;;;;;;;;;;;37.00;53.00;36.00;7.00;;;;54.00;57.00;54.00;;;;;;;;;1590.00;1084.40;-148.900;-171.100;;;;;;;;;;;;;909.100;-160.000;;;;;;;;;;79.00;75.00;77.00;;;;;;;;;46790;;;;;;;;;;;;;;697.000;;;;;;;;;;;;41.00;47.00;;;;;;;;;;;;;;0;0.00;0.00;;230.30;;3.00;-0.60;-0.90;;0.90;2.70;;;;-3.90;;;;7.30;;;;0.80;7.40;3.90;11.80;1.00;7.00;3.60;10.10;0.90;-2.40;1.50;0.60;16.00;;;;13.00;;;;32.00;;;;;;;;42.00;;;;;;;;;;;;54.00;;;;;;;;;;;;;;;;;;;;;;;;;;;;;;;;;;;;;;;;;;;;;;;;;;;;;;;;;;;;;;;;;;;;;;;;;;;;;;;;;;;;;;;;;;;;;;;;;;;;;;;;;;;;;;;;;;;;;;;;;;;;;;;;;;;;;;;;;;;;;;;;;;;;;;;;;;;;;;;;;;;;;;;;;;;;;;;;;;;;;;;;;;;;;;;;;;;;;;;;;;;;;;;;;;;;;;60.00;;;;;;;;;;;;;;;;;;;;;;;;;;;;;;;;;;;34.00;33.00;34.00;;;;;;;;;;;;;;53.00;47.00;53.00;;;;87.40;;;;;;;;;;;379.30;1227.40;170.50;18.00;0.00;169.70;;;;;;;;;;;;;;;;;;;;;;596.00;1423.10;1;1;;;;;;;;;;;;;;;;;;;;;;;;0.90;0;0;0.00;0.00;;;;;91.00;91.00;91.00;;104.00;104.00;104.00;;93.00;93.00;93.00;;;;;;;;;;;;;0;7.20;9.70;4.70;13.40;15.20;10.40;707;1269;385;229;228;1409.70;;;20065914;2.00;;;;;;29.00
1578798600000;2020-01-12T04:10:00.000+0100;;;;;;;;;1.00;-166.00;370.10;370.50;371.20;629.00;622.00;624.00;-2.10;;;;;-2.10;-2.10;;;;;;;;;3.0;;;;;;;;;;;;;;;;;;;;;;;;;;;;;;;;;;;;;;;;;;;;50.00;;;;;;;;;;;;;;;;;;;;;;;;;;;;;;;;;;;;;;37.00;53.00;36.00;7.00;;;;53.00;57.00;53.00;;;;;;;;;1552.70;1151.60;-158.800;-171.100;;;;;;;;;;;;;871.400;-170.000;;;;;;;;;;78.00;74.00;76.00;;;;;;;;;46790;;;;;;;;;;;;;;665.200;;;;;;;;;;;;41.00;47.00;;;;;;;;;;;;;;0;0.00;0.00;;227.80;;3.00;1.30;-5.00;;1.40;3.50;;;;-1.50;;;;7.20;;;;0.70;7.20;4.00;10.20;1.00;6.90;3.30;10.30;1.00;-2.20;0.30;0.30;16.00;;;;13.00;;;;33.00;;;;;;;;42.00;;;;;;;;;;;;54.00;;;;;;;;;;;;;;;;;;;;;;;;;;;;;;;;;;;;;;;;;;;;;;;;;;;;;;;;;;;;;;;;;;;;;;;;;;;;;;;;;;;;;;;;;;;;;;;;;;;;;;;;;;;;;;;;;;;;;;;;;;;;;;;;;;;;;;;;;;;;;;;;;;;;;;;;;;;;;;;;;;;;;;;;;;;;;;;;;;;;;;;;;;;;;;;;;;;;;;;;;;;;;;;;;;;;;;60.00;;;;;;;;;;;;;;;;;;;;;;;;;;;;;;;;;;;34.00;33.00;34.00;;;;;;;;;;;;;;52.00;47.00;53.00;;;;104.10;;;;;;;;;;;375.40;1073.60;133.10;18.00;0.00;139.20;;;;;;;;;;;;;;;;;;;;;;577.00;1238.00;1;1;;;;;;;;;;;;;;;;;;;;;;;;0.90;0;0;0.00;0.00;;;;;91.00;91.00;91.00;;104.00;104.00;104.00;;93.00;93.00;93.00;;;;;;;;;;;;;0;7.10;9.20;5.00;13.40;14.90;11.00;673;1105;384;229;230;1383.50;;;20066026;2.00;;;;;;30.00
1578799200000;2020-01-12T04:20:00.000+0100;;;;;;;;;1.00;-153.00;371.20;371.70;372.40;630.00;623.00;625.00;-1.90;;;;;-1.90;-1.90;;;;;;;;;3.0;;;;;;;;;;;;;;;;;;;;;;;;;;;;;;;;;;;;;;;;;;;;50.00;;;;;;;;;;;;;;;;;;;;;;;;;;;;;;;;;;;;;;37.00;53.00;36.00;7.00;;;;53.00;56.00;53.00;;;;;;;;;1542.50;1223.80;-139.200;-171.000;;;;;;;;;;;;;890.100;-160.000;;;;;;;;;;78.00;74.00;76.00;;;;;;;;;46790;;;;;;;;;;;;;;673.200;;;;;;;;;;;;41.00;46.00;;;;;;;;;;;;;;0;0.00;0.00;;230.10;;3.00;1.70;0.60;;0.60;4.70;;;;-2.00;;;;7.30;;;;0.70;7.40;4.30;10.20;1.00;7.10;4.40;10.20;0.90;-2.40;3.70;0.80;16.00;;;;13.00;;;;32.00;;;;;;;;42.00;;;;;;;;;;;;54.00;;;;;;;;;;;;;;;;;;;;;;;;;;;;;;;;;;;;;;;;;;;;;;;;;;;;;;;;;;;;;;;;;;;;;;;;;;;;;;;;;;;;;;;;;;;;;;;;;;;;;;;;;;;;;;;;;;;;;;;;;;;;;;;;;;;;;;;;;;;;;;;;;;;;;;;;;;;;;;;;;;;;;;;;;;;;;;;;;;;;;;;;;;;;;;;;;;;;;;;;;;;;;;;;;;;;;;60.00;;;;;;;;;;;;;;;;;;;;;;;;;;;;;;;;;;;34.00;34.00;34.00;;;;;;;;;;;;;;52.00;51.00;53.00;;;;74.30;;;;;;;;;;;397.00;1108.60;132.00;18.00;0.00;131.60;;;;;;;;;;;;;;;;;;;;;;600.10;1317.10;1;1;;;;;;;;;;;;;;;;;;;;;;;;0.60;0;0;0.00;0.00;;;;;91.00;91.00;91.00;;104.00;104.00;104.00;;93.00;93.00;93.00;;;;;;;;;;;;;0;7.20;9.10;5.30;13.70;14.90;11.60;680;1089;436;229;231;1417.20;;;20066140;1.00;;;;;;30.00
1578799800000;2020-01-12T04:30:00.000+0100;;;;;;;;;1.00;-156.70;371.10;371.50;372.20;750.00;742.00;745.00;-2.00;;;;;-2.00;-2.00;;;;;;;;;3.0;;;;;;;;;;;;;;;;;;;;;;;;;;;;;;;;;;;;;;;;;;;;50.00;;;;;;;;;;;;;;;;;;;;;;;;;;;;;;;;;;;;;;37.00;53.00;36.00;7.00;;;;52.00;56.00;53.00;;;;;;;;;1591.70;1250.10;-148.900;-170.700;;;;;;;;;;;;;1016.600;-170.000;;;;;;;;;;78.00;75.00;76.00;;;;;;;;;46790;;;;;;;;;;;;;;807.200;;;;;;;;;;;;41.00;46.00;;;;;;;;;;;;;;0;0.00;0.00;;232.90;;3.00;-0.80;-10.90;;1.80;2.00;;;;-3.90;;;;7.70;;;;0.80;7.80;4.50;10.80;1.00;7.60;4.60;11.00;1.00;-2.40;2.50;0.60;15.00;;;;13.00;;;;32.00;;;;;;;;42.00;;;;;;;;;;;;54.00;;;;;;;;;;;;;;;;;;;;;;;;;;;;;;;;;;;;;;;;;;;;;;;;;;;;;;;;;;;;;;;;;;;;;;;;;;;;;;;;;;;;;;;;;;;;;;;;;;;;;;;;;;;;;;;;;;;;;;;;;;;;;;;;;;;;;;;;;;;;;;;;;;;;;;;;;;;;;;;;;;;;;;;;;;;;;;;;;;;;;;;;;;;;;;;;;;;;;;;;;;;;;;;;;;;;;;60.00;;;;;;;;;;;;;;;;;;;;;;;;;;;;;;;;;;;34.00;34.00;34.00;;;;;;;;;;;;;;53.00;52.00;53.00;;;;74.90;;;;;;;;;;;357.00;1345.40;174.10;18.00;0.00;175.40;;;;;;;;;;;;;;;;;;;;;;670.00;1506.00;1;1;;;;;;;;;;;;;;;;;;;;;;;;0.60;0;0;0.00;0.00;;;;;91.00;91.00;91.00;;104.00;104.00;104.00;;93.00;93.00;93.00;;;;;;;;;;;;;0;7.70;10.00;5.00;14.30;15.20;11.90;816;1371;369;231;230;1484.90;;;20066276;2.00;;;;;;30.00
1578800400000;2020-01-12T04:40:00.000+0100;;;;;;;;;1.00;-168.30;370.40;370.90;371.50;639.00;632.00;634.00;-1.90;;;;;-1.90;-1.90;;;;;;;;;3.0;;;;;;;;;;;;;;;;;;;;;;;;;;;;;;;;;;;;;;;;;;;;50.00;;;;;;;;;;;;;;;;;;;;;;;;;;;;;;;;;;;;;;37.00;53.00;36.00;7.00;;;;52.00;56.00;53.00;;;;;;;;;1550.00;1238.10;-148.900;-171.600;;;;;;;;;;;;;891.900;-170.000;;;;;;;;;;78.00;74.00;76.00;;;;;;;;;46790;;;;;;;;;;;;;;680.000;;;;;;;;;;;;41.00;46.00;;;;;;;;;;;;;;0;0.00;0.00;;228.30;;3.00;0.60;0.30;;1.40;3.50;;;;-2.50;;;;7.30;;;;0.70;7.40;4.50;10.70;1.00;7.10;4.60;10.50;0.90;-2.40;2.80;0.70;15.00;;;;13.00;;;;33.00;;;;;;;;42.00;;;;;;;;;;;;54.00;;;;;;;;;;;;;;;;;;;;;;;;;;;;;;;;;;;;;;;;;;;;;;;;;;;;;;;;;;;;;;;;;;;;;;;;;;;;;;;;;;;;;;;;;;;;;;;;;;;;;;;;;;;;;;;;;;;;;;;;;;;;;;;;;;;;;;;;;;;;;;;;;;;;;;;;;;;;;;;;;;;;;;;;;;;;;;;;;;;;;;;;;;;;;;;;;;;;;;;;;;;;;;;;;;;;;;60.00;;;;;;;;;;;;;;;;;;;;;;;;;;;;;;;;;;;34.00;34.00;34.00;;;;;;;;;;;;;;52.00;52.00;53.00;;;;85.60;;;;;;;;;;;342.30;1111.40;135.50;18.00;0.00;135.40;;;;;;;;;;;;;;;;;;;;;;585.00;1318.90;1;1;;;;;;;;;;;;;;;;;;;;;;;;0.90;0;0;0.00;0.00;;;;;91.00;91.00;91.00;;104.00;104.00;104.00;;93.00;93.00;93.00;;;;;;;;;;;;;0;7.30;9.20;5.50;13.70;14.90;11.90;685;1112;355;229;230;1423.40;;;20066390;2.00;;;;;;30.00
1578801000000;2020-01-12T04:50:00.000+0100;;;;;;;;;1.00;-171.10;370.50;370.90;371.50;631.00;622.00;625.00;-2.00;;;;;-2.00;-2.00;;;;;;;;;3.0;;;;;;;;;;;;;;;;;;;;;;;;;;;;;;;;;;;;;;;;;;;;50.00;;;;;;;;;;;;;;;;;;;;;;;;;;;;;;;;;;;;;;37.00;52.00;36.00;7.00;;;;52.00;55.00;52.00;;;;;;;;;1551.80;1197.80;-158.800;-181.100;;;;;;;;;;;;;877.600;-180.000;;;;;;;;;;77.00;73.00;76.00;;;;;;;;;46790;;;;;;;;;;;;;;665.200;;;;;;;;;;;;42.00;46.00;;;;;;;;;;;;;;0;0.00;0.00;;229.90;;3.00;-0.80;-3.70;;0.80;2.00;;;;-3.70;;;;7.20;;;;0.70;7.20;4.40;10.30;1.00;7.00;4.60;11.00;0.90;-2.30;1.60;0.60;15.00;;;;13.00;;;;32.00;;;;;;;;42.00;;;;;;;;;;;;53.00;;;;;;;;;;;;;;;;;;;;;;;;;;;;;;;;;;;;;;;;;;;;;;;;;;;;;;;;;;;;;;;;;;;;;;;;;;;;;;;;;;;;;;;;;;;;;;;;;;;;;;;;;;;;;;;;;;;;;;;;;;;;;;;;;;;;;;;;;;;;;;;;;;;;;;;;;;;;;;;;;;;;;;;;;;;;;;;;;;;;;;;;;;;;;;;;;;;;;;;;;;;;;;;;;;;;;;60.00;;;;;;;;;;;;;;;;;;;;;;;;;;;;;;;;;;;34.00;34.00;34.00;;;;;;;;;;;;;;52.00;49.00;53.00;;;;79.70;;;;;;;;;;;331.50;1259.70;161.70;18.00;0.00;161.30;;;;;;;;;;;;;;;;;;;;;;630.00;1496.10;1;1;;;;;;;;;;;;;;;;;;;;;;;;0.90;0;0;0.00;0.00;;;;;91.00;91.00;91.00;;104.00;104.00;104.00;;93.00;92.00;93.00;;;;;;;;;;;;;0;7.10;9.50;5.50;13.40;14.90;11.60;673;1233;344;229;229;1388.80;;;20066504;1.00;;;;;;30.00
1578801600000;2020-01-12T05:00:00.000+0100;;;;;;;;;0.90;-178.90;370.10;370.60;371.30;522.00;516.00;517.00;-2.10;;;;;-2.10;-2.10;;;;;;;;;3.0;;;;;;;;;;;;;;;;;;;;;;;;;;;;;;;;;;;;;;;;;;;;50.00;;;;;;;;;;;;;;;;;;;;;;;;;;;;;;;;;;;;;;37.00;52.00;36.00;7.00;;;;51.00;55.00;52.00;;;;;;;;;1495.10;1102.60;-159.400;-200.800;;;;;;;;;;;;;746.800;-190.000;;;;;;;;;;76.00;72.00;75.00;;;;;;;;;46791;;;;;;;;;;;;;;542.100;;;;;;;;;;;;42.00;46.00;;;;;;;;;;;;;;0;0.00;0.00;;227.10;;3.00;1.70;-5.30;;1.10;4.70;;;;-1.50;;;;6.70;;;;0.70;6.90;3.40;10.50;0.90;6.60;3.30;10.10;0.90;-2.30;-0.50;0.20;15.00;;;;13.00;;;;32.00;;;;;;;;42.00;;;;;;;;;;;;53.00;;;;;;;;;;;;;;;;;;;;;;;;;;;;;;;;;;;;;;;;;;;;;;;;;;;;;;;;;;;;;;;;;;;;;;;;;;;;;;;;;;;;;;;;;;;;;;;;;;;;;;;;;;;;;;;;;;;;;;;;;;;;;;;;;;;;;;;;;;;;;;;;;;;;;;;;;;;;;;;;;;;;;;;;;;;;;;;;;;;;;;;;;;;;;;;;;;;;;;;;;;;;;;;;;;;;;;59.00;;;;;;;;;;;;;;;;;;;;;;;;;;;;;;;;;;;34.00;33.00;34.00;;;;;;;;;;;;;;51.00;44.00;52.00;;;;87.40;;;;;;;;;;;282.80;865.30;112.10;18.00;0.00;113.50;;;;;;;;;;;;;;;;;;;;;;485.90;1104.90;1;1;;;;;;;;;;;;;;;;;;;;;;;;0.90;0;0;0.00;0.00;;;;;91.00;90.00;91.00;;104.00;104.00;104.00;;92.00;92.00;93.00;;;;;;;;;;;;;0;6.70;8.90;4.80;12.80;14.30;10.40;546;882;285;229;231;1323.20;;;20066594;1.00;;;;;;31.00
1578802200000;2020-01-12T05:10:00.000+0100;;;;;;;;;1.00;-185.30;370.00;370.40;371.10;694.00;686.00;689.00;-1.80;;;;;-1.80;-1.80;;;;;;;;;3.0;;;;;;;;;;;;;;;;;;;;;;;;;;;;;;;;;;;;;;;;;;;;50.00;;;;;;;;;;;;;;;;;;;;;;;;;;;;;;;;;;;;;;37.00;52.00;36.00;7.00;;;;51.00;54.00;51.00;;;;;;;;;1553.90;1185.00;-178.800;-200.800;;;;;;;;;;;;;953.100;-180.000;;;;;;;;;;76.00;73.00;75.00;;;;;;;;;46791;;;;;;;;;;;;;;733.400;;;;;;;;;;;;42.00;46.00;;;;;;;;;;;;;;0;0.00;0.00;;231.20;;3.00;1.50;1.00;;1.50;4.80;;;;-1.70;;;;7.40;;;;0.80;7.50;4.10;10.70;1.10;7.30;4.10;9.80;1.00;-2.40;3.70;0.80;15.00;;;;13.00;;;;33.00;;;;;;;;42.00;;;;;;;;;;;;53.00;;;;;;;;;;;;;;;;;;;;;;;;;;;;;;;;;;;;;;;;;;;;;;;;;;;;;;;;;;;;;;;;;;;;;;;;;;;;;;;;;;;;;;;;;;;;;;;;;;;;;;;;;;;;;;;;;;;;;;;;;;;;;;;;;;;;;;;;;;;;;;;;;;;;;;;;;;;;;;;;;;;;;;;;;;;;;;;;;;;;;;;;;;;;;;;;;;;;;;;;;;;;;;;;;;;;;;59.00;;;;;;;;;;;;;;;;;;;;;;;;;;;;;;;;;;;34.00;34.00;34.00;;;;;;;;;;;;;;52.00;47.00;52.00;;;;89.80;;;;;;;;;;;345.60;1393.20;178.20;18.00;0.00;176.60;;;;;;;;;;;;;;;;;;;;;;590.10;1594.90;1;1;;;;;;;;;;;;;;;;;;;;;;;;0.90;0;0;0.00;0.00;;;;;90.00;90.00;91.00;;104.00;104.00;104.00;;92.00;92.00;92.00;;;;;;;;;;;;;0;7.40;9.40;5.30;13.70;14.90;11.30;743;1391;345;230;232;1433.60;;;20066718;1.00;;;;;;31.00
1578802800000;2020-01-12T05:20:00.000+0100;;;;;;;;;1.00;-186.00;369.10;369.50;370.20;632.00;625.00;628.00;-2.00;;;;;-2.00;-2.00;;;;;;;;;3.0;;;;;;;;;;;;;;;;;;;;;;;;;;;;;;;;;;;;;;;;;;;;50.00;;;;;;;;;;;;;;;;;;;;;;;;;;;;;;;;;;;;;;37.00;52.00;36.00;7.00;;;;51.00;54.00;51.00;;;;;;;;;1560.10;1134.30;-178.600;-201.100;;;;;;;;;;;;;871.200;-200.000;;;;;;;;;;77.00;73.00;75.00;;;;;;;;;46791;;;;;;;;;;;;;;658.500;;;;;;;;;;;;41.00;46.00;;;;;;;;;;;;;;0;0.00;0.00;;230.20;;3.00;0.10;-8.20;;2.00;3.60;;;;-2.20;;;;7.10;;;;1.00;7.20;2.90;11.30;1.20;6.90;3.40;10.60;1.10;-2.30;0.10;0.30;15.00;;;;13.00;;;;33.00;;;;;;;;42.00;;;;;;;;;;;;53.00;;;;;;;;;;;;;;;;;;;;;;;;;;;;;;;;;;;;;;;;;;;;;;;;;;;;;;;;;;;;;;;;;;;;;;;;;;;;;;;;;;;;;;;;;;;;;;;;;;;;;;;;;;;;;;;;;;;;;;;;;;;;;;;;;;;;;;;;;;;;;;;;;;;;;;;;;;;;;;;;;;;;;;;;;;;;;;;;;;;;;;;;;;;;;;;;;;;;;;;;;;;;;;;;;;;;;;60.00;;;;;;;;;;;;;;;;;;;;;;;;;;;;;;;;;;;34.00;33.00;34.00;;;;;;;;;;;;;;51.00;45.00;52.00;;;;114.60;;;;;;;;;;;262.00;1197.60;204.70;18.00;0.00;208.60;;;;;;;;;;;;;;;;;;;;;;484.10;1328.10;1;1;;;;;;;;;;;;;;;;;;;;;;;;1.20;0;0;0.00;0.00;;;;;90.00;90.00;90.00;;104.00;104.00;104.00;;92.00;92.00;92.00;;;;;;;;;;;;;0;7.10;10.10;4.70;13.10;14.90;10.70;669;1182;266;232;233;1381.10;;;20066830;1.00;;;;;;31.00
1578803400000;2020-01-12T05:30:00.000+0100;;;;;;;;;0.90;-196.40;368.50;368.90;369.70;578.00;571.00;574.00;-2.00;;;;;-2.00;-2.00;;;;;;;;;3.0;;;;;;;;;;;;;;;;;;;;;;;;;;;;;;;;;;;;;;;;;;;;50.00;;;;;;;;;;;;;;;;;;;;;;;;;;;;;;;;;;;;;;37.00;52.00;36.00;7.00;;;;51.00;54.00;51.00;;;;;;;;;1548.20;1080.90;-189.100;-201.200;;;;;;;;;;;;;802.300;-190.000;;;;;;;;;;76.00;72.00;74.00;;;;;;;;;46791;;;;;;;;;;;;;;599.100;;;;;;;;;;;;42.00;46.00;;;;;;;;;;;;;;0;0.00;0.00;;232.40;;3.00;-1.30;-10.60;;1.90;1.30;;;;-4.40;;;;7.00;;;;0.70;7.20;3.40;10.30;1.00;6.90;3.00;9.80;0.90;-2.30;2.80;0.50;15.00;;;;13.00;;;;32.00;;;;;;;;42.00;;;;;;;;;;;;53.00;;;;;;;;;;;;;;;;;;;;;;;;;;;;;;;;;;;;;;;;;;;;;;;;;;;;;;;;;;;;;;;;;;;;;;;;;;;;;;;;;;;;;;;;;;;;;;;;;;;;;;;;;;;;;;;;;;;;;;;;;;;;;;;;;;;;;;;;;;;;;;;;;;;;;;;;;;;;;;;;;;;;;;;;;;;;;;;;;;;;;;;;;;;;;;;;;;;;;;;;;;;;;;;;;;;;;;59.00;;;;;;;;;;;;;;;;;;;;;;;;;;;;;;;;;;;34.00;33.00;34.00;;;;;;;;;;;;;;51.00;46.00;52.00;;;;91.30;;;;;;;;;;;325.60;996.10;122.20;18.00;0.00;125.60;;;;;;;;;;;;;;;;;;;;;;496.90;1132.00;1;1;;;;;;;;;;;;;;;;;;;;;;;;0.90;0;0;0.00;0.00;;;;;90.00;90.00;90.00;;104.00;104.00;104.00;;92.00;92.00;92.00;;;;;;;;;;;;;0;7.00;8.60;4.40;13.40;14.90;10.40;604;998;327;232;231;1384.90;;;20066930;1.00;;;;;;31.00
1578804000000;2020-01-12T05:40:00.000+0100;;;;;;;;;0.90;-230.40;367.70;368.00;368.90;551.00;543.00;546.00;-2.00;;;;;-2.00;-2.00;;;;;;;;;3.0;;;;;;;;;;;;;;;;;;;;;;;;;;;;;;;;;;;;;;;;;;;;50.00;;;;;;;;;;;;;;;;;;;;;;;;;;;;;;;;;;;;;;37.00;51.00;36.00;7.00;;;;50.00;54.00;51.00;;;;;;;;;1479.20;990.70;-189.000;-321.200;;;;;;;;;;;;;756.700;-320.000;;;;;;;;;;75.00;72.00;74.00;;;;;;;;;46791;;;;;;;;;;;;;;542.700;;;;;;;;;;;;42.00;46.00;;;;;;;;;;;;;;0;0.00;0.00;;231.40;;3.00;2.50;-6.60;;1.60;5.50;;;;0.20;;;;6.80;;;;0.90;6.70;3.30;9.40;1.10;6.50;3.00;9.50;1.10;-2.40;1.60;0.40;15.00;;;;13.00;;;;32.00;;;;;;;;42.00;;;;;;;;;;;;52.00;;;;;;;;;;;;;;;;;;;;;;;;;;;;;;;;;;;;;;;;;;;;;;;;;;;;;;;;;;;;;;;;;;;;;;;;;;;;;;;;;;;;;;;;;;;;;;;;;;;;;;;;;;;;;;;;;;;;;;;;;;;;;;;;;;;;;;;;;;;;;;;;;;;;;;;;;;;;;;;;;;;;;;;;;;;;;;;;;;;;;;;;;;;;;;;;;;;;;;;;;;;;;;;;;;;;;;58.00;;;;;;;;;;;;;;;;;;;;;;;;;;;;;;;;;;;34.00;33.00;34.00;;;;;;;;;;;;;;50.00;44.00;52.00;;;;120.60;;;;;;;;;;;250.40;994.70;138.70;18.00;0.00;145.40;;;;;;;;;;;;;;;;;;;;;;382.00;1140.00;1;1;;;;;;;;;;;;;;;;;;;;;;;;1.20;0;0;0.00;1.00;;;;;90.00;90.00;90.00;;104.00;104.00;104.00;;92.00;92.00;92.00;;;;;;;;;;;;;0;6.60;8.50;3.90;12.50;14.30;9.50;552;1012;253;232;235;1312.70;;;20067020;1.00;;;;;;32.00
1578804600000;2020-01-12T05:50:00.000+0100;;;;;;;;;0.80;-322.40;365.20;365.70;366.50;490.00;481.00;484.00;-2.10;;;;;-2.10;-2.10;;;;;;;;;3.0;;;;;;;;;;;;;;;;;;;;;;;;;;;;;;;;;;;;;;;;;;;;50.00;;;;;;;;;;;;;;;;;;;;;;;;;;;;;;;;;;;;;;37.00;51.00;36.00;7.00;;;;50.00;53.00;50.00;;;;;;;;;1385.20;980.30;-318.800;-331.300;;;;;;;;;;;;;624.600;-330.000;;;;;;;;;;73.00;69.00;72.00;;;;;;;;;46791;;;;;;;;;;;;;;412.900;;;;;;;;;;;;42.00;46.00;;;;;;;;;;;;;;0;0.00;0.00;;237.20;;3.00;3.00;-2.70;;1.30;5.60;;;;0.30;;;;6.20;;;;0.80;6.10;3.00;9.10;1.10;5.80;2.60;8.50;1.00;-2.40;-0.90;0.20;15.00;;;;13.00;;;;32.00;;;;;;;;42.00;;;;;;;;;;;;51.00;;;;;;;;;;;;;;;;;;;;;;;;;;;;;;;;;;;;;;;;;;;;;;;;;;;;;;;;;;;;;;;;;;;;;;;;;;;;;;;;;;;;;;;;;;;;;;;;;;;;;;;;;;;;;;;;;;;;;;;;;;;;;;;;;;;;;;;;;;;;;;;;;;;;;;;;;;;;;;;;;;;;;;;;;;;;;;;;;;;;;;;;;;;;;;;;;;;;;;;;;;;;;;;;;;;;;;57.00;;;;;;;;;;;;;;;;;;;;;;;;;;;;;;;;;;;34.00;33.00;34.00;;;;;;;;;;;;;;46.00;42.00;51.00;;;;106.50;;;;;;;;;;;180.90;692.30;105.00;18.00;0.00;107.40;;;;;;;;;;;;;;;;;;;;;;441.10;2000.10;1;1;;;;;;;;;;;;;;;;;;;;;;;;0.90;0;0;0.00;0.00;;;;;90.00;90.00;90.00;;104.00;104.00;104.00;;92.00;92.00;92.00;;;;;;;;;;;;;0;5.90;7.60;3.70;11.30;13.40;9.50;418;680;189;232;235;1170.70;;;20067090;1.00;;;;;;32.00
1578805200000;2020-01-12T06:00:00.000+0100;;;;;;;;;0.80;-321.50;367.00;367.30;368.10;621.00;612.00;615.00;-2.10;;;;;-2.10;-2.10;;;;;;;;;3.0;;;;;;;;;;;;;;;;;;;;;;;;;;;;;;;;;;;;;;;;;;;;50.00;;;;;;;;;;;;;;;;;;;;;;;;;;;;;;;;;;;;;;37.00;51.00;36.00;7.00;;;;49.00;53.00;50.00;;;;;;;;;1557.70;936.10;-308.900;-331.100;;;;;;;;;;;;;821.000;-320.000;;;;;;;;;;73.00;70.00;72.00;;;;;;;;;46792;;;;;;;;;;;;;;583.400;;;;;;;;;;;;42.00;46.00;;;;;;;;;;;;;;0;0.00;0.00;;236.30;;3.00;1.30;-7.20;;1.90;3.70;;;;-1.10;;;;6.90;;;;1.00;6.90;3.00;11.10;1.30;6.70;2.90;9.80;1.20;-2.30;-0.50;0.20;15.00;;;;13.00;;;;33.00;;;;;;;;42.00;;;;;;;;;;;;51.00;;;;;;;;;;;;;;;;;;;;;;;;;;;;;;;;;;;;;;;;;;;;;;;;;;;;;;;;;;;;;;;;;;;;;;;;;;;;;;;;;;;;;;;;;;;;;;;;;;;;;;;;;;;;;;;;;;;;;;;;;;;;;;;;;;;;;;;;;;;;;;;;;;;;;;;;;;;;;;;;;;;;;;;;;;;;;;;;;;;;;;;;;;;;;;;;;;;;;;;;;;;;;;;;;;;;;;58.00;;;;;;;;;;;;;;;;;;;;;;;;;;;;;;;;;;;34.00;33.00;34.00;;;;;;;;;;;;;;49.00;42.00;51.00;;;;151.90;;;;;;;;;;;165.50;1091.60;195.80;18.00;0.00;194.50;;;;;;;;;;;;;;;;;;;;;;356.10;2000.10;1;1;;;;;;;;;;;;;;;;;;;;;;;;1.50;0;0;0.00;0.00;;;;;90.00;90.00;90.00;;104.00;103.00;104.00;;92.00;92.00;92.00;;;;;;;;;;;;;0;6.80;9.30;4.20;12.80;14.90;9.00;589;1096;167;235;236;1338.40;;;20067188;1.00;;;;;;32.00
1578805800000;2020-01-12T06:10:00.000+0100;;;;;;;;;0.90;-263.60;371.10;371.30;372.20;577.00;569.00;573.00;-2.00;;;;;-2.00;-2.00;;;;;;;;;3.0;;;;;;;;;;;;;;;;;;;;;;;;;;;;;;;;;;;;;;;;;;;;50.00;;;;;;;;;;;;;;;;;;;;;;;;;;;;;;;;;;;;;;37.00;51.00;36.00;7.00;;;;49.00;53.00;50.00;;;;;;;;;1541.90;984.50;-249.000;-320.700;;;;;;;;;;;;;778.000;-250.000;;;;;;;;;;73.00;70.00;72.00;;;;;;;;;46792;;;;;;;;;;;;;;568.200;;;;;;;;;;;;42.00;46.00;;;;;;;;;;;;;;0;0.00;0.00;;235.80;;3.00;-0.60;-13.10;;1.80;2.40;;;;-4.30;;;;6.90;;;;1.00;6.80;2.80;10.30;1.20;6.60;3.20;9.60;1.20;-2.40;1.70;0.40;15.00;;;;13.00;;;;33.00;;;;;;;;42.00;;;;;;;;;;;;52.00;;;;;;;;;;;;;;;;;;;;;;;;;;;;;;;;;;;;;;;;;;;;;;;;;;;;;;;;;;;;;;;;;;;;;;;;;;;;;;;;;;;;;;;;;;;;;;;;;;;;;;;;;;;;;;;;;;;;;;;;;;;;;;;;;;;;;;;;;;;;;;;;;;;;;;;;;;;;;;;;;;;;;;;;;;;;;;;;;;;;;;;;;;;;;;;;;;;;;;;;;;;;;;;;;;;;;;58.00;;;;;;;;;;;;;;;;;;;;;;;;;;;;;;;;;;;34.00;33.00;34.00;;;;;;;;;;;;;;49.00;44.00;51.00;;;;123.80;;;;;;;;;;;226.70;934.00;138.40;18.00;0.00;139.70;;;;;;;;;;;;;;;;;;;;;;418.00;1218.00;1;1;;;;;;;;;;;;;;;;;;;;;;;;1.20;0;0;0.00;0.00;;;;;90.00;90.00;90.00;;103.00;103.00;103.00;;92.00;92.00;92.00;;;;;;;;;;;;;0;6.70;8.90;3.80;12.50;14.90;9.50;577;926;235;236;235;1307.40;;;20067286;2.00;;;;;;32.00
1578806400000;2020-01-12T06:20:00.000+0100;;;;;;;;;0.90;-249.20;372.70;373.00;373.80;723.00;715.00;719.00;-1.90;;;;;-1.90;-1.90;;;;;;;;;3.0;;;;;;;;;;;;;;;;;;;;;;;;;;;;;;;;;;;;;;;;;;;;50.00;;;;;;;;;;;;;;;;;;;;;;;;;;;;;;;;;;;;;;37.00;51.00;36.00;7.00;;;;49.00;53.00;50.00;;;;;;;;;1570.60;1177.20;-238.800;-261.700;;;;;;;;;;;;;972.300;-240.000;;;;;;;;;;75.00;72.00;74.00;;;;;;;;;46792;;;;;;;;;;;;;;749.500;;;;;;;;;;;;42.00;46.00;;;;;;;;;;;;;;0;0.00;0.00;;230.20;;3.00;2.40;-3.10;;2.00;5.40;;;;-0.60;;;;7.50;;;;1.00;7.60;3.80;10.80;1.30;7.30;3.90;10.70;1.20;-2.40;2.40;0.80;15.00;;;;13.00;;;;33.00;;;;;;;;42.00;;;;;;;;;;;;52.00;;;;;;;;;;;;;;;;;;;;;;;;;;;;;;;;;;;;;;;;;;;;;;;;;;;;;;;;;;;;;;;;;;;;;;;;;;;;;;;;;;;;;;;;;;;;;;;;;;;;;;;;;;;;;;;;;;;;;;;;;;;;;;;;;;;;;;;;;;;;;;;;;;;;;;;;;;;;;;;;;;;;;;;;;;;;;;;;;;;;;;;;;;;;;;;;;;;;;;;;;;;;;;;;;;;;;;59.00;;;;;;;;;;;;;;;;;;;;;;;;;;;;;;;;;;;34.00;34.00;34.00;;;;;;;;;;;;;;51.00;49.00;52.00;;;;100.60;;;;;;;;;;;342.00;1186.30;172.90;18.00;0.00;167.60;;;;;;;;;;;;;;;;;;;;;;533.00;1346.00;1;1;;;;;;;;;;;;;;;;;;;;;;;;0.90;0;0;0.00;0.00;;;;;90.00;90.00;90.00;;103.00;103.00;103.00;;92.00;92.00;92.00;;;;;;;;;;;;;0;7.50;9.50;4.60;13.70;15.20;11.30;763;1211;373;231;233;1436.00;;;20067412;2.00;;;;;;32.00
1578807000000;2020-01-12T06:30:00.000+0100;;;;;;;;;0.90;-249.90;372.50;372.90;373.70;722.00;714.00;717.00;-1.90;;;;;-1.90;-1.90;;;;;;;;;3.0;;;;;;;;;;;;;;;;;;;;;;;;;;;;;;;;;;;;;;;;;;;;50.00;;;;;;;;;;;;;;;;;;;;;;;;;;;;;;;;;;;;;;37.00;52.00;36.00;7.00;;;;50.00;54.00;50.00;;;;;;;;;1563.40;1200.20;-238.900;-270.600;;;;;;;;;;;;;969.000;-260.000;;;;;;;;;;77.00;73.00;75.00;;;;;;;;;46792;;;;;;;;;;;;;;741.300;;;;;;;;;;;;42.00;46.00;;;;;;;;;;;;;;0;0.00;0.00;;231.10;;3.00;0.60;-0.60;;1.80;3.70;;;;-2.20;;;;7.50;;;;0.90;7.60;3.90;10.90;1.20;7.30;3.30;10.70;1.10;-2.40;1.70;0.70;15.00;;;;13.00;;;;32.00;;;;;;;;42.00;;;;;;;;;;;;53.00;;;;;;;;;;;;;;;;;;;;;;;;;;;;;;;;;;;;;;;;;;;;;;;;;;;;;;;;;;;;;;;;;;;;;;;;;;;;;;;;;;;;;;;;;;;;;;;;;;;;;;;;;;;;;;;;;;;;;;;;;;;;;;;;;;;;;;;;;;;;;;;;;;;;;;;;;;;;;;;;;;;;;;;;;;;;;;;;;;;;;;;;;;;;;;;;;;;;;;;;;;;;;;;;;;;;;;60.00;;;;;;;;;;;;;;;;;;;;;;;;;;;;;;;;;;;34.00;34.00;34.00;;;;;;;;;;;;;;51.00;50.00;52.00;;;;86.80;;;;;;;;;;;338.10;1347.30;182.00;18.00;0.00;182.30;;;;;;;;;;;;;;;;;;;;;;656.10;1545.00;1;1;;;;;;;;;;;;;;;;;;;;;;;;0.90;0;0;0.00;0.00;;;;;90.00;90.00;90.00;;103.00;103.00;103.00;;92.00;92.00;92.00;;;;;;;;;;;;;0;7.50;9.80;5.00;14.00;14.90;11.60;761;1360;355;233;234;1449.70;;;20067540;2.00;;;;;;32.00
1578807600000;2020-01-12T06:40:00.000+0100;;;;;;;;;0.90;-269.90;372.20;372.50;373.20;533.00;526.00;529.00;-2.00;;;;;-2.00;-2.00;;;;;;;;;3.0;;;;;;;;;;;;;;;;;;;;;;;;;;;;;;;;;;;;;;;;;;;;50.00;;;;;;;;;;;;;;;;;;;;;;;;;;;;;;;;;;;;;;37.00;51.00;36.00;7.00;;;;50.00;54.00;50.00;;;;;;;;;1533.90;1002.10;-248.800;-281.400;;;;;;;;;;;;;724.000;-280.000;;;;;;;;;;75.00;71.00;74.00;;;;;;;;;46792;;;;;;;;;;;;;;517.000;;;;;;;;;;;;42.00;46.00;;;;;;;;;;;;;;0;0.00;0.00;;235.70;;3.00;-2.10;-2.80;;3.00;0.20;;;;-5.50;;;;6.70;;;;0.90;6.60;3.90;9.70;1.10;6.50;3.30;9.70;1.10;-2.30;1.30;0.30;15.00;;;;13.00;;;;32.00;;;;;;;;42.00;;;;;;;;;;;;52.00;;;;;;;;;;;;;;;;;;;;;;;;;;;;;;;;;;;;;;;;;;;;;;;;;;;;;;;;;;;;;;;;;;;;;;;;;;;;;;;;;;;;;;;;;;;;;;;;;;;;;;;;;;;;;;;;;;;;;;;;;;;;;;;;;;;;;;;;;;;;;;;;;;;;;;;;;;;;;;;;;;;;;;;;;;;;;;;;;;;;;;;;;;;;;;;;;;;;;;;;;;;;;;;;;;;;;;58.00;;;;;;;;;;;;;;;;;;;;;;;;;;;;;;;;;;;34.00;33.00;34.00;;;;;;;;;;;;;;49.00;43.00;51.00;;;;124.10;;;;;;;;;;;256.10;801.70;116.50;18.00;0.00;119.10;;;;;;;;;;;;;;;;;;;;;;429.10;1008.90;1;1;;;;;;;;;;;;;;;;;;;;;;;;1.20;0;0;0.00;0.00;;;;;90.00;90.00;90.00;;103.00;103.00;103.00;;92.00;92.00;92.00;;;;;;;;;;;;;0;6.50;9.00;4.60;12.20;14.60;9.50;523;799;257;237;235;1281.10;;;20067626;2.00;;;;;;32.00
1578808200000;2020-01-12T06:50:00.000+0100;;;;;;;;;0.80;-271.70;371.40;371.70;372.50;425.00;418.00;420.00;-2.00;;;;;-2.00;-2.00;;;;;;;;;3.0;;;;;;;;;;;;;;;;;;;;;;;;;;;;;;;;;;;;;;;;;;;;50.00;;;;;;;;;;;;;;;;;;;;;;;;;;;;;;;;;;;;;;37.00;50.00;36.00;7.00;;;;50.00;53.00;50.00;;;;;;;;;1523.70;946.00;-258.800;-281.200;;;;;;;;;;;;;613.100;-270.000;;;;;;;;;;73.00;69.00;72.00;;;;;;;;;46792;;;;;;;;;;;;;;374.700;;;;;;;;;;;;42.00;46.00;;;;;;;;;;;;;;0;0.00;0.00;;232.90;;3.00;-1.50;-13.10;;2.40;1.00;;;;-4.20;;;;6.00;;;;0.90;6.10;2.20;9.80;1.10;5.90;2.80;9.90;1.10;-2.40;0.80;0.30;15.00;;;;13.00;;;;32.00;;;;;;;;42.00;;;;;;;;;;;;51.00;;;;;;;;;;;;;;;;;;;;;;;;;;;;;;;;;;;;;;;;;;;;;;;;;;;;;;;;;;;;;;;;;;;;;;;;;;;;;;;;;;;;;;;;;;;;;;;;;;;;;;;;;;;;;;;;;;;;;;;;;;;;;;;;;;;;;;;;;;;;;;;;;;;;;;;;;;;;;;;;;;;;;;;;;;;;;;;;;;;;;;;;;;;;;;;;;;;;;;;;;;;;;;;;;;;;;;57.00;;;;;;;;;;;;;;;;;;;;;;;;;;;;;;;;;;;34.00;33.00;34.00;;;;;;;;;;;;;;46.00;42.00;51.00;;;;127.10;;;;;;;;;;;140.00;743.20;100.50;18.00;0.00;100.70;;;;;;;;;;;;;;;;;;;;;;385.00;2000.10;1;1;;;;;;;;;;;;;;;;;;;;;;;;1.20;0;0;0.00;0.00;;;;;90.00;90.00;90.00;;103.00;103.00;103.00;;92.00;92.00;92.00;;;;;;;;;;;;;0;6.00;8.50;4.00;11.30;14.60;9.00;378;740;141;237;236;1188.60;;;20067690;2.00;;;;;;33.00
1578808800000;2020-01-12T07:00:00.000+0100;;;;;;;;;0.80;-276.80;371.20;371.60;372.40;434.00;427.00;430.00;-2.00;;;;;-2.00;-2.00;;;;;;;;;3.0;;;;;;;;;;;;;;;;;;;;;;;;;;;;;;;;;;;;;;;;;;;;50.00;;;;;;;;;;;;;;;;;;;;;;;;;;;;;;;;;;;;;;37.00;50.00;36.00;7.00;;;;49.00;52.00;49.00;;;;;;;;;1407.60;907.80;-268.700;-281.300;;;;;;;;;;;;;608.800;-270.000;;;;;;;;;;71.00;68.00;70.00;;;;;;;;;46793;;;;;;;;;;;;;;384.600;;;;;;;;;;;;42.00;46.00;;;;;;;;;;;;;;0;0.00;0.00;;235.70;;3.00;-1.70;-7.00;;1.40;0.00;;;;-4.70;;;;6.00;;;;0.90;6.10;2.70;9.00;1.10;5.90;2.50;8.40;1.10;-2.30;-1.10;0.20;15.00;;;;13.00;;;;32.00;;;;;;;;42.00;;;;;;;;;;;;50.00;;;;;;;;;;;;;;;;;;;;;;;;;;;;;;;;;;;;;;;;;;;;;;;;;;;;;;;;;;;;;;;;;;;;;;;;;;;;;;;;;;;;;;;;;;;;;;;;;;;;;;;;;;;;;;;;;;;;;;;;;;;;;;;;;;;;;;;;;;;;;;;;;;;;;;;;;;;;;;;;;;;;;;;;;;;;;;;;;;;;;;;;;;;;;;;;;;;;;;;;;;;;;;;;;;;;;;56.00;;;;;;;;;;;;;;;;;;;;;;;;;;;;;;;;;;;34.00;33.00;34.00;;;;;;;;;;;;;;47.00;42.00;50.00;;;;120.30;;;;;;;;;;;180.10;704.10;103.60;18.00;0.00;105.30;;;;;;;;;;;;;;;;;;;;;;373.00;2000.10;1;1;;;;;;;;;;;;;;;;;;;;;;;;1.20;0;0;0.00;0.00;;;;;90.00;90.00;90.00;;103.00;103.00;103.00;;92.00;92.00;92.00;;;;;;;;;;;;;0;6.00;7.70;3.50;11.30;13.40;8.70;387;698;182;237;235;1188.00;;;20067754;2.00;;;;;;34.00
1578809400000;2020-01-12T07:10:00.000+0100;;;;;;;;;0.90;-271.40;372.70;373.00;373.80;499.00;493.00;495.00;-2.10;;;;;-2.10;-2.10;;;;;;;;;3.0;;;;;;;;;;;;;;;;;;;;;;;;;;;;;;;;;;;;;;;;;;;;50.00;;;;;;;;;;;;;;;;;;;;;;;;;;;;;;;;;;;;;;37.00;50.00;36.00;7.00;;;;48.00;52.00;49.00;;;;;;;;;1535.60;1030.70;-259.100;-280.800;;;;;;;;;;;;;680.400;-260.000;;;;;;;;;;71.00;68.00;70.00;;;;;;;;;46793;;;;;;;;;;;;;;477.500;;;;;;;;;;;;42.00;45.00;;;;;;;;;;;;;;0;0.00;0.00;;232.60;;3.00;-4.00;-9.70;;0.90;-2.00;;;;-6.50;;;;6.50;;;;0.70;6.70;3.60;9.80;1.00;6.50;2.60;9.20;0.90;-2.20;-0.10;0.20;15.00;;;;13.00;;;;32.00;;;;;;;;42.00;;;;;;;;;;;;51.00;;;;;;;;;;;;;;;;;;;;;;;;;;;;;;;;;;;;;;;;;;;;;;;;;;;;;;;;;;;;;;;;;;;;;;;;;;;;;;;;;;;;;;;;;;;;;;;;;;;;;;;;;;;;;;;;;;;;;;;;;;;;;;;;;;;;;;;;;;;;;;;;;;;;;;;;;;;;;;;;;;;;;;;;;;;;;;;;;;;;;;;;;;;;;;;;;;;;;;;;;;;;;;;;;;;;;;57.00;;;;;;;;;;;;;;;;;;;;;;;;;;;;;;;;;;;34.00;34.00;34.00;;;;;;;;;;;;;;49.00;44.00;50.00;;;;106.80;;;;;;;;;;;250.20;908.20;128.60;18.00;0.00;130.40;;;;;;;;;;;;;;;;;;;;;;454.90;1080.10;1;1;;;;;;;;;;;;;;;;;;;;;;;;0.90;0;0;0.00;0.00;;;;;90.00;90.00;90.00;;103.00;103.00;103.00;;92.00;92.00;92.00;;;;;;;;;;;;;0;6.60;8.60;4.30;12.50;14.60;9.80;479;891;256;235;231;1292.10;;;20067834;2.00;;;;;;34.00
1578810000000;2020-01-12T07:20:00.000+0100;;;;;;;;;0.90;-260.50;373.30;373.70;374.40;500.00;493.00;495.00;-2.10;;;;;-2.10;-2.10;;;;;;;;;3.0;;;;;;;;;;;;;;;;;;;;;;;;;;;;;;;;;;;;;;;;;;;;50.00;;;;;;;;;;;;;;;;;;;;;;;;;;;;;;;;;;;;;;37.00;50.00;36.00;7.00;;;;48.00;51.00;48.00;;;;;;;;;1492.10;987.80;-249.000;-270.800;;;;;;;;;;;;;687.900;-260.000;;;;;;;;;;72.00;68.00;71.00;;;;;;;;;46793;;;;;;;;;;;;;;488.300;;;;;;;;;;;;42.00;45.00;;;;;;;;;;;;;;0;0.00;0.00;;230.90;;3.00;-2.60;-4.00;;1.50;0.10;;;;-4.70;;;;6.50;;;;0.60;6.70;2.80;8.90;0.90;6.40;3.60;9.00;0.80;-2.20;-1.50;0.10;15.00;;;;13.00;;;;32.00;;;;;;;;43.00;;;;;;;;;;;;51.00;;;;;;;;;;;;;;;;;;;;;;;;;;;;;;;;;;;;;;;;;;;;;;;;;;;;;;;;;;;;;;;;;;;;;;;;;;;;;;;;;;;;;;;;;;;;;;;;;;;;;;;;;;;;;;;;;;;;;;;;;;;;;;;;;;;;;;;;;;;;;;;;;;;;;;;;;;;;;;;;;;;;;;;;;;;;;;;;;;;;;;;;;;;;;;;;;;;;;;;;;;;;;;;;;;;;;;57.00;;;;;;;;;;;;;;;;;;;;;;;;;;;;;;;;;;;34.00;33.00;34.00;;;;;;;;;;;;;;49.00;44.00;50.00;;;;80.60;;;;;;;;;;;217.30;743.80;92.00;0.00;0.00;92.40;;;;;;;;;;;;;;;;;;;;;;432.90;977.90;1;1;;;;;;;;;;;;;;;;;;;;;;;;0.90;0;0;0.00;0.00;;;;;90.00;90.00;90.00;;103.00;103.00;103.00;;92.00;92.00;92.00;;;;;;;;;;;;;0;6.60;8.00;3.90;12.50;14.30;9.50;489;727;221;231;228;1296.90;;;20067916;1.00;;;;;;33.00
1578810600000;2020-01-12T07:30:00.000+0100;;;;;;;;;0.90;-255.80;373.80;374.00;374.90;593.00;585.00;588.00;-2.10;;;;;-2.10;-2.10;;;;;;;;;3.0;;;;;;;;;;;;;;;;;;;;;;;;;;;;;;;;;;;;;;;;;;;;50.00;;;;;;;;;;;;;;;;;;;;;;;;;;;;;;;;;;;;;;37.00;50.00;36.00;7.00;;;;48.00;51.00;48.00;;;;;;;;;1528.50;1199.00;-239.000;-270.900;;;;;;;;;;;;;804.400;-240.000;;;;;;;;;;73.00;69.00;71.00;;;;;;;;;46793;;;;;;;;;;;;;;607.200;;;;;;;;;;;;42.00;45.00;;;;;;;;;;;;;;0;0.00;0.00;;224.60;;3.00;2.90;-2.60;;0.90;5.40;;;;0.40;;;;7.00;;;;0.60;7.00;3.80;9.90;0.90;6.70;4.40;9.10;0.80;-2.20;-2.00;0.10;15.00;;;;13.00;;;;32.00;;;;;;;;43.00;;;;;;;;;;;;51.00;;;;;;;;;;;;;;;;;;;;;;;;;;;;;;;;;;;;;;;;;;;;;;;;;;;;;;;;;;;;;;;;;;;;;;;;;;;;;;;;;;;;;;;;;;;;;;;;;;;;;;;;;;;;;;;;;;;;;;;;;;;;;;;;;;;;;;;;;;;;;;;;;;;;;;;;;;;;;;;;;;;;;;;;;;;;;;;;;;;;;;;;;;;;;;;;;;;;;;;;;;;;;;;;;;;;;;58.00;;;;;;;;;;;;;;;;;;;;;;;;;;;;;;;;;;;34.00;34.00;34.00;;;;;;;;;;;;;;50.00;49.00;50.00;;;;76.40;;;;;;;;;;;344.80;873.00;107.30;0.00;0.00;107.10;;;;;;;;;;;;;;;;;;;;;;547.10;1086.00;1;1;;;;;;;;;;;;;;;;;;;;;;;;0.60;0;0;0.00;0.00;;;;;90.00;90.00;90.00;;103.00;103.00;103.00;;92.00;92.00;92.00;;;;;;;;;;;;;0;6.80;8.30;5.40;12.80;14.60;11.60;607;865;346;223;225;1350.60;;;20068016;1.00;;;;;;33.00
1578811200000;2020-01-12T07:40:00.000+0100;;;;;;;;;0.90;-246.30;374.10;374.30;375.20;634.00;627.00;628.00;-2.00;;;;;-2.00;-2.00;;;;;;;;;3.0;;;;;;;;;;;;;;;;;;;;;;;;;;;;;;;;;;;;;;;;;;;;50.00;;;;;;;;;;;;;;;;;;;;;;;;;;;;;;;;;;;;;;37.00;50.00;36.00;7.00;;;;48.00;51.00;48.00;;;;;;;;;1536.80;1184.40;-239.000;-251.200;;;;;;;;;;;;;866.300;-250.000;;;;;;;;;;74.00;70.00;72.00;;;;;;;;;46793;;;;;;;;;;;;;;658.000;;;;;;;;;;;;42.00;45.00;;;;;;;;;;;;;;0;0.00;0.00;;225.50;;3.00;0.60;-13.30;;1.60;3.60;;;;-1.80;;;;7.20;;;;0.60;7.20;4.10;10.60;0.90;7.00;4.00;9.30;0.80;-2.30;2.30;0.40;15.00;;;;13.00;;;;32.00;;;;;;;;42.00;;;;;;;;;;;;52.00;;;;;;;;;;;;;;;;;;;;;;;;;;;;;;;;;;;;;;;;;;;;;;;;;;;;;;;;;;;;;;;;;;;;;;;;;;;;;;;;;;;;;;;;;;;;;;;;;;;;;;;;;;;;;;;;;;;;;;;;;;;;;;;;;;;;;;;;;;;;;;;;;;;;;;;;;;;;;;;;;;;;;;;;;;;;;;;;;;;;;;;;;;;;;;;;;;;;;;;;;;;;;;;;;;;;;;58.00;;;;;;;;;;;;;;;;;;;;;;;;;;;;;;;;;;;34.00;34.00;34.00;;;;;;;;;;;;;;50.00;49.00;51.00;;;;76.40;;;;;;;;;;;384.80;991.90;111.20;18.00;0.00;113.00;;;;;;;;;;;;;;;;;;;;;;628.00;1208.10;1;1;;;;;;;;;;;;;;;;;;;;;;;;0.60;0;0;0.00;0.00;;;;;90.00;89.00;90.00;;103.00;103.00;103.00;;91.00;91.00;92.00;;;;;;;;;;;;;0;7.10;8.60;5.50;13.40;14.60;11.30;662;985;388;226;227;1397.20;;;20068128;1.00;;;;;;34.00
1578811800000;2020-01-12T07:50:00.000+0100;;;;;;;;;0.90;-241.20;374.20;374.40;375.20;654.00;646.00;647.00;-2.00;;;;;-2.00;-2.00;;;;;;;;;3.0;;;;;;;;;;;;;;;;;;;;;;;;;;;;;;;;;;;;;;;;;;;;50.00;;;;;;;;;;;;;;;;;;;;;;;;;;;;;;;;;;;;;;37.00;51.00;36.00;7.00;;;;48.00;51.00;48.00;;;;;;;;;1555.60;1259.30;-229.400;-251.100;;;;;;;;;;;;;888.600;-240.000;;;;;;;;;;75.00;71.00;74.00;;;;;;;;;46793;;;;;;;;;;;;;;679.900;;;;;;;;;;;;41.00;45.00;;;;;;;;;;;;;;0;0.00;0.00;;226.90;;3.00;2.00;-1.10;;0.60;5.30;;;;-1.00;;;;7.30;;;;0.70;7.30;4.70;10.60;0.90;7.00;4.20;9.80;0.90;-2.20;0.30;0.30;15.00;;;;13.00;;;;33.00;;;;;;;;42.00;;;;;;;;;;;;52.00;;;;;;;;;;;;;;;;;;;;;;;;;;;;;;;;;;;;;;;;;;;;;;;;;;;;;;;;;;;;;;;;;;;;;;;;;;;;;;;;;;;;;;;;;;;;;;;;;;;;;;;;;;;;;;;;;;;;;;;;;;;;;;;;;;;;;;;;;;;;;;;;;;;;;;;;;;;;;;;;;;;;;;;;;;;;;;;;;;;;;;;;;;;;;;;;;;;;;;;;;;;;;;;;;;;;;;59.00;;;;;;;;;;;;;;;;;;;;;;;;;;;;;;;;;;;34.00;34.00;34.00;;;;;;;;;;;;;;50.00;50.00;51.00;;;;79.10;;;;;;;;;;;432.00;997.20;110.40;18.00;0.00;115.90;;;;;;;;;;;;;;;;;;;;;;645.90;1191.90;1;1;;;;;;;;;;;;;;;;;;;;;;;;0.90;0;0;0.00;0.00;;;;;89.00;89.00;89.00;;103.00;103.00;103.00;;91.00;91.00;91.00;;;;;;;;;;;;;0;7.20;9.30;5.70;13.40;14.90;12.20;687;1026;437;228;230;1410.30;;;20068242;1.00;;;;;;32.00
1578812400000;2020-01-12T08:00:00.000+0100;;;;;;;;;0.90;-237.90;374.20;374.50;375.30;678.00;672.00;672.00;-2.10;;;;;-2.10;-2.10;;;;;;;;;3.0;;;;;;;;;;;;;;;;;;;;;;;;;;;;;;;;;;;;;;;;;;;;50.00;;;;;;;;;;;;;;;;;;;;;;;;;;;;;;;;;;;;;;37.00;51.00;36.00;6.00;;;;47.00;51.00;48.00;;;;;;;;;1566.40;1252.50;-229.100;-250.900;;;;;;;;;;;;;917.800;-230.000;;;;;;;;;;76.00;73.00;74.00;;;;;;;;;46794;;;;;;;;;;;;;;714.000;;;;;;;;;;;;40.00;45.00;;;;;;;;;;;;;;0;0.00;0.00;;230.40;;3.00;-2.00;-2.20;;0.40;1.20;;;;-5.00;;;;7.40;;;;0.60;7.50;5.10;11.00;0.90;7.20;4.90;9.70;0.80;-2.30;-0.20;0.20;15.00;;;;13.00;;;;32.00;;;;;;;;42.00;;;;;;;;;;;;52.00;;;;;;;;;;;;;;;;;;;;;;;;;;;;;;;;;;;;;;;;;;;;;;;;;;;;;;;;;;;;;;;;;;;;;;;;;;;;;;;;;;;;;;;;;;;;;;;;;;;;;;;;;;;;;;;;;;;;;;;;;;;;;;;;;;;;;;;;;;;;;;;;;;;;;;;;;;;;;;;;;;;;;;;;;;;;;;;;;;;;;;;;;;;;;;;;;;;;;;;;;;;;;;;;;;;;;;59.00;;;;;;;;;;;;;;;;;;;;;;;;;;;;;;;;;;;34.00;34.00;34.00;;;;;;;;;;;;;;51.00;50.00;51.00;;;;82.70;;;;;;;;;;;372.70;1112.30;131.60;18.00;0.00;133.80;;;;;;;;;;;;;;;;;;;;;;670.00;1232.90;1;1;;;;;;;;;;;;;;;;;;;;;;;;0.90;0;0;0.00;0.00;;;;;89.00;89.00;89.00;;103.00;103.00;103.00;;91.00;91.00;91.00;;;;;;;;;;;;;0;7.40;9.20;5.70;14.00;14.90;11.90;718;1099;383;230;228;1445.20;;;20068360;1.00;;;;;;30.00
1578813000000;2020-01-12T08:10:00.000+0100;;;;;;;;;1.00;-219.20;374.40;374.70;375.50;660.00;652.00;653.00;-2.10;;;;;-2.10;-2.10;;;;;;;;;3.0;;;;;;;;;;;;;;;;;;;;;;;;;;;;;;;;;;;;;;;;;;;;50.00;;;;;;;;;;;;;;;;;;;;;;;;;;;;;;;;;;;;;;36.00;51.00;36.00;6.00;;;;47.00;50.00;47.00;;;;;;;;;1534.20;1228.00;-199.100;-230.900;;;;;;;;;;;;;899.100;-200.000;;;;;;;;;;76.00;73.00;75.00;;;;;;;;;46794;;;;;;;;;;;;;;697.700;;;;;;;;;;;;39.00;45.00;;;;;;;;;;;;;;0;0.00;0.00;;226.00;;3.00;0.90;-5.10;;1.30;2.90;;;;-1.90;;;;7.30;;;;0.50;7.30;4.80;10.00;0.80;7.00;4.30;9.00;0.80;-2.30;1.20;0.30;15.00;;;;13.00;;;;33.00;;;;;;;;42.00;;;;;;;;;;;;52.00;;;;;;;;;;;;;;;;;;;;;;;;;;;;;;;;;;;;;;;;;;;;;;;;;;;;;;;;;;;;;;;;;;;;;;;;;;;;;;;;;;;;;;;;;;;;;;;;;;;;;;;;;;;;;;;;;;;;;;;;;;;;;;;;;;;;;;;;;;;;;;;;;;;;;;;;;;;;;;;;;;;;;;;;;;;;;;;;;;;;;;;;;;;;;;;;;;;;;;;;;;;;;;;;;;;;;;59.00;;;;;;;;;;;;;;;;;;;;;;;;;;;;;;;;;;;34.00;34.00;34.00;;;;;;;;;;;;;;51.00;50.00;51.00;;;;59.70;;;;;;;;;;;483.10;951.60;85.50;18.00;0.00;88.80;;;;;;;;;;;;;;;;;;;;;;674.00;1129.00;1;1;;;;;;;;;;;;;;;;;;;;;;;;0.60;0;0;0.00;0.00;;;;;89.00;89.00;89.00;;103.00;103.00;103.00;;91.00;91.00;91.00;;;;;;;;;;;;;0;7.20;8.80;5.80;13.70;14.60;11.90;702;965;483;226;227;1413.90;;;20068478;1.00;;;;;;29.00
1578813600000;2020-01-12T08:20:00.000+0100;;;;;;;;;1.00;-206.80;373.80;374.10;374.80;685.00;676.00;679.00;-2.00;;;;;-2.00;-2.00;;;;;;;;;3.0;;;;;;;;;;;;;;;;;;;;;;;;;;;;;;;;;;;;;;;;;;;;50.00;;;;;;;;;;;;;;;;;;;;;;;;;;;;;;;;;;;;;;36.00;51.00;36.00;6.00;;;;46.00;50.00;47.00;;;;;;;;;1550.00;1263.20;-199.100;-220.900;;;;;;;;;;;;;938.200;-200.000;;;;;;;;;;77.00;73.00;75.00;;;;;;;;;46794;;;;;;;;;;;;;;725.400;;;;;;;;;;;;39.00;44.00;;;;;;;;;;;;;;0;0.00;0.00;;227.80;;3.00;1.00;-0.10;;0.90;4.20;;;;-1.80;;;;7.40;;;;0.60;7.40;5.10;10.10;0.90;7.10;4.30;10.30;0.80;-2.30;1.40;0.40;15.00;;;;13.00;;;;33.00;;;;;;;;42.00;;;;;;;;;;;;52.00;;;;;;;;;;;;;;;;;;;;;;;;;;;;;;;;;;;;;;;;;;;;;;;;;;;;;;;;;;;;;;;;;;;;;;;;;;;;;;;;;;;;;;;;;;;;;;;;;;;;;;;;;;;;;;;;;;;;;;;;;;;;;;;;;;;;;;;;;;;;;;;;;;;;;;;;;;;;;;;;;;;;;;;;;;;;;;;;;;;;;;;;;;;;;;;;;;;;;;;;;;;;;;;;;;;;;;59.00;;;;;;;;;;;;;;;;;;;;;;;;;;;;;;;;;;;34.00;34.00;34.00;;;;;;;;;;;;;;51.00;50.00;51.00;;;;73.40;;;;;;;;;;;445.10;1227.60;132.20;18.00;0.00;139.80;;;;;;;;;;;;;;;;;;;;;;724.00;1424.10;1;1;;;;;;;;;;;;;;;;;;;;;;;;0.60;0;0;0.00;0.00;;;;;89.00;89.00;89.00;;102.00;102.00;103.00;;91.00;91.00;91.00;;;;;;;;;;;;;0;7.20;9.20;5.70;13.70;14.90;12.20;734;1236;456;228;229;1415.70;;;20068600;1.00;;;;;;28.00
1578814200000;2020-01-12T08:30:00.000+0100;;;;;;;;;1.00;-201.90;374.30;374.70;375.40;783.00;775.00;779.00;-2.10;;;;;-2.10;-2.10;;;;;;;;;3.0;;;;;;;;;;;;;;;;;;;;;;;;;;;;;;;;;;;;;;;;;;;;50.00;;;;;;;;;;;;;;;;;;;;;;;;;;;;;;;;;;;;;;36.00;51.00;36.00;6.00;;;;47.00;50.00;47.00;;;;;;;;;1567.60;1317.80;-188.900;-211.100;;;;;;;;;;;;;1051.400;-200.000;;;;;;;;;;78.00;74.00;76.00;;;;;;;;;46794;;;;;;;;;;;;;;840.800;;;;;;;;;;;;39.00;44.00;;;;;;;;;;;;;;0;0.00;0.00;;230.40;;3.00;-0.30;-12.20;;0.80;3.10;;;;-3.40;;;;7.80;;;;0.70;7.70;4.80;10.90;1.00;7.50;4.50;10.30;0.90;-2.40;-0.30;0.30;15.00;;;;13.00;;;;33.00;;;;;;;;42.00;;;;;;;;;;;;53.00;;;;;;;;;;;;;;;;;;;;;;;;;;;;;;;;;;;;;;;;;;;;;;;;;;;;;;;;;;;;;;;;;;;;;;;;;;;;;;;;;;;;;;;;;;;;;;;;;;;;;;;;;;;;;;;;;;;;;;;;;;;;;;;;;;;;;;;;;;;;;;;;;;;;;;;;;;;;;;;;;;;;;;;;;;;;;;;;;;;;;;;;;;;;;;;;;;;;;;;;;;;;;;;;;;;;;;60.00;;;;;;;;;;;;;;;;;;;;;;;;;;;;;;;;;;;34.00;34.00;34.00;;;;;;;;;;;;;;51.00;51.00;52.00;;;;73.70;;;;;;;;;;;362.60;1283.60;182.30;18.00;0.00;188.00;;;;;;;;;;;;;;;;;;;;;;642.00;1481.00;1;1;;;;;;;;;;;;;;;;;;;;;;;;0.60;0;0;0.00;0.00;;;;;89.00;89.00;89.00;;102.00;102.00;103.00;;91.00;91.00;91.00;;;;;;;;;;;;;0;7.60;9.50;5.80;14.00;14.90;12.50;851;1307;373;229;229;1472.10;;;20068742;1.00;;;;;;27.00
1578814800000;2020-01-12T08:40:00.000+0100;;;;;;;;;1.00;-196.90;374.30;374.70;375.40;717.00;709.00;713.00;-2.10;;;;;-2.10;-2.10;;;;;;;;;3.0;;;;;;;;;;;;;;;;;;;;;;;;;;;;;;;;;;;;;;;;;;;;50.00;;;;;;;;;;;;;;;;;;;;;;;;;;;;;;;;;;;;;;36.00;51.00;36.00;6.00;;;;47.00;51.00;47.00;;;;;;;;;1552.40;1317.50;-179.300;-210.800;;;;;;;;;;;;;975.600;-200.000;;;;;;;;;;78.00;74.00;76.00;;;;;;;;;46794;;;;;;;;;;;;;;769.000;;;;;;;;;;;;40.00;44.00;;;;;;;;;;;;;;0;0.00;0.00;;228.10;;3.00;1.30;-0.60;;1.10;4.60;;;;-1.70;;;;7.50;;;;0.60;7.60;5.10;10.80;0.90;7.30;5.00;9.70;0.80;-2.20;-0.80;0.10;15.00;;;;13.00;;;;33.00;;;;;;;;42.00;;;;;;;;;;;;53.00;;;;;;;;;;;;;;;;;;;;;;;;;;;;;;;;;;;;;;;;;;;;;;;;;;;;;;;;;;;;;;;;;;;;;;;;;;;;;;;;;;;;;;;;;;;;;;;;;;;;;;;;;;;;;;;;;;;;;;;;;;;;;;;;;;;;;;;;;;;;;;;;;;;;;;;;;;;;;;;;;;;;;;;;;;;;;;;;;;;;;;;;;;;;;;;;;;;;;;;;;;;;;;;;;;;;;;60.00;;;;;;;;;;;;;;;;;;;;;;;;;;;;;;;;;;;34.00;34.00;34.00;;;;;;;;;;;;;;51.00;51.00;52.00;;;;60.90;;;;;;;;;;;494.50;1073.20;103.00;18.00;0.00;108.20;;;;;;;;;;;;;;;;;;;;;;736.00;1263.10;1;1;;;;;;;;;;;;;;;;;;;;;;;;0.60;0;0;0.00;0.00;;;;;89.00;89.00;89.00;;102.00;102.00;103.00;;91.00;91.00;91.00;;;;;;;;;;;;;0;7.40;9.30;6.00;14.00;14.90;12.50;776;1079;505;226;227;1457.20;;;20068870;1.00;;;;;;28.00
1578815400000;2020-01-12T08:50:00.000+0100;;;;;;;;;1.00;-202.70;374.30;374.70;375.30;689.00;680.00;683.00;-2.10;;;;;-2.10;-2.10;;;;;;;;;3.0;;;;;;;;;;;;;;;;;;;;;;;;;;;;;;;;;;;;;;;;;;;;50.00;;;;;;;;;;;;;;;;;;;;;;;;;;;;;;;;;;;;;;37.00;52.00;36.00;6.00;;;;47.00;51.00;48.00;;;;;;;;;1561.90;1248.60;-189.200;-220.500;;;;;;;;;;;;;940.500;-210.000;;;;;;;;;;78.00;74.00;76.00;;;;;;;;;46794;;;;;;;;;;;;;;735.300;;;;;;;;;;;;40.00;45.00;;;;;;;;;;;;;;0;0.00;0.00;;227.60;;3.00;0.40;-6.00;;1.40;3.20;;;;-1.90;;;;7.40;;;;0.70;7.50;4.80;10.70;1.00;7.10;3.90;10.30;0.90;-2.30;-0.40;0.20;15.00;;;;13.00;;;;33.00;;;;;;;;42.00;;;;;;;;;;;;53.00;;;;;;;;;;;;;;;;;;;;;;;;;;;;;;;;;;;;;;;;;;;;;;;;;;;;;;;;;;;;;;;;;;;;;;;;;;;;;;;;;;;;;;;;;;;;;;;;;;;;;;;;;;;;;;;;;;;;;;;;;;;;;;;;;;;;;;;;;;;;;;;;;;;;;;;;;;;;;;;;;;;;;;;;;;;;;;;;;;;;;;;;;;;;;;;;;;;;;;;;;;;;;;;;;;;;;;60.00;;;;;;;;;;;;;;;;;;;;;;;;;;;;;;;;;;;34.00;34.00;34.00;;;;;;;;;;;;;;52.00;51.00;52.00;;;;74.30;;;;;;;;;;;423.60;1133.20;130.10;18.00;0.00;133.80;;;;;;;;;;;;;;;;;;;;;;685.10;1305.10;1;1;;;;;;;;;;;;;;;;;;;;;;;;0.60;0;0;0.00;0.00;;;;;89.00;89.00;89.00;;102.00;102.00;103.00;;91.00;91.00;91.00;;;;;;;;;;;;;0;7.30;9.40;5.90;13.70;14.90;11.90;740;1145;434;226;226;1428.20;;;20068994;1.00;;;;;;28.00
1578816000000;2020-01-12T09:00:00.000+0100;;;;;;;;;1.00;-205.60;374.00;374.30;375.00;799.00;791.00;795.00;-2.10;;;;;-2.10;-2.10;;;;;;;;;3.0;;;;;;;;;;;;;;;;;;;;;;;;;;;;;;;;;;;;;;;;;;;;50.00;;;;;;;;;;;;;;;;;;;;;;;;;;;;;;;;;;;;;;37.00;52.00;36.00;6.00;;;;48.00;51.00;48.00;;;;;;;;;1583.70;1374.80;-188.900;-221.000;;;;;;;;;;;;;1068.300;-190.000;;;;;;;;;;79.00;75.00;77.00;;;;;;;;;46795;;;;;;;;;;;;;;864.800;;;;;;;;;;;;40.00;45.00;;;;;;;;;;;;;;0;0.00;0.00;;226.60;;3.00;0.20;-1.30;;1.30;2.70;;;;-3.60;;;;7.80;;;;0.60;7.90;5.00;11.10;0.90;7.60;4.90;11.00;0.90;-2.40;1.60;0.40;15.00;;;;13.00;;;;32.00;;;;;;;;42.00;;;;;;;;;;;;53.00;;;;;;;;;;;;;;;;;;;;;;;;;;;;;;;;;;;;;;;;;;;;;;;;;;;;;;;;;;;;;;;;;;;;;;;;;;;;;;;;;;;;;;;;;;;;;;;;;;;;;;;;;;;;;;;;;;;;;;;;;;;;;;;;;;;;;;;;;;;;;;;;;;;;;;;;;;;;;;;;;;;;;;;;;;;;;;;;;;;;;;;;;;;;;;;;;;;;;;;;;;;;;;;;;;;;;;60.00;;;;;;;;;;;;;;;;;;;;;;;;;;;;;;;;;;;34.00;34.00;34.00;;;;;;;;;;;;;;52.00;51.00;52.00;;;;48.30;;;;;;;;;;;541.10;1263.20;135.60;18.00;0.00;135.70;;;;;;;;;;;;;;;;;;;;;;813.10;1460.00;1;1;;;;;;;;;;;;;;;;;;;;;;;;0.60;0;0;0.00;0.00;;;;;89.00;89.00;89.00;;103.00;102.00;103.00;;91.00;91.00;91.00;;;;;;;;;;;;;0;7.80;9.50;6.30;14.30;15.20;13.10;868;1294;541;226;226;1501.90;;;20069138;1.00;;;;;;29.00
1578816600000;2020-01-12T09:10:00.000+0100;;;;;;;;;1.00;-189.80;374.40;374.80;375.50;911.00;903.00;908.00;-2.00;;;;;-2.00;-2.00;;;;;;;;;3.0;;;;;;;;;;;;;;;;;;;;;;;;;;;;;;;;;;;;;;;;;;;;50.00;;;;;;;;;;;;;;;;;;;;;;;;;;;;;;;;;;;;;;37.00;52.00;36.00;6.00;;;;49.00;52.00;49.00;;;;;;;;;1614.10;1298.40;-169.200;-201.300;;;;;;;;;;;;;1207.800;-200.000;;;;;;;;;;80.00;76.00;78.00;;;;;;;;;46795;;;;;;;;;;;;;;986.400;;;;;;;;;;;;40.00;45.00;;;;;;;;;;;;;;0;0.00;0.00;;226.80;;3.00;-0.30;-6.90;;0.90;2.70;;;;-3.40;;;;8.20;;;;0.70;8.20;4.90;10.90;1.00;7.90;5.00;11.20;0.90;-2.30;2.20;0.70;15.00;;;;13.00;;;;33.00;;;;;;;;42.00;;;;;;;;;;;;54.00;;;;;;;;;;;;;;;;;;;;;;;;;;;;;;;;;;;;;;;;;;;;;;;;;;;;;;;;;;;;;;;;;;;;;;;;;;;;;;;;;;;;;;;;;;;;;;;;;;;;;;;;;;;;;;;;;;;;;;;;;;;;;;;;;;;;;;;;;;;;;;;;;;;;;;;;;;;;;;;;;;;;;;;;;;;;;;;;;;;;;;;;;;;;;;;;;;;;;;;;;;;;;;;;;;;;;;61.00;;;;;;;;;;;;;;;;;;;;;;;;;;;;;;;;;;;34.00;34.00;34.00;;;;;;;;;;;;;;53.00;52.00;53.00;;;;43.00;;;;;;;;;;;637.40;1422.00;148.80;18.00;0.00;155.70;;;;;;;;;;;;;;;;;;;;;;918.00;1540.10;1;1;;;;;;;;;;;;;;;;;;;;;;;;0.30;0;0;0.00;0.00;;;;;89.00;89.00;89.00;;103.00;103.00;103.00;;91.00;91.00;91.00;;;;;;;;;;;;;0;8.10;10.00;5.90;14.60;15.50;12.50;1002;1418;648;226;225;1524.30;;;20069306;1.00;;;;;;29.00
1578817200000;2020-01-12T09:20:00.000+0100;;;;;;;;;1.00;-145.60;375.50;375.70;376.50;1050.00;1041.00;1046.00;-1.80;;;;;-1.80;-1.80;;;;;;;;;3.0;;;;;;;;;;;;;;;;;;;;;;;;;;;;;;;;;;;;;;;;;;;;50.00;;;;;;;;;;;;;;;;;;;;;;;;;;;;;;;;;;;;;;37.00;53.00;36.00;6.00;;;;50.00;54.00;51.00;;;;;;;;;1609.40;1501.30;-88.800;-200.800;;;;;;;;;;;;;1379.300;-130.000;;;;;;;;;;82.00;78.00;80.00;;;;;;;;;46795;;;;;;;;;;;;;;1159.200;;;;;;;;;;;;41.00;45.00;;;;;;;;;;;;;;0;0.00;0.00;;225.70;;3.00;-0.50;-7.10;;0.60;2.10;;;;-2.90;;;;8.70;;;;0.70;8.80;5.40;11.90;1.10;8.50;5.80;11.40;0.90;-2.40;2.20;0.90;15.00;;;;13.00;;;;32.00;;;;;;;;42.00;;;;;;;;;;;;55.00;;;;;;;;;;;;;;;;;;;;;;;;;;;;;;;;;;;;;;;;;;;;;;;;;;;;;;;;;;;;;;;;;;;;;;;;;;;;;;;;;;;;;;;;;;;;;;;;;;;;;;;;;;;;;;;;;;;;;;;;;;;;;;;;;;;;;;;;;;;;;;;;;;;;;;;;;;;;;;;;;;;;;;;;;;;;;;;;;;;;;;;;;;;;;;;;;;;;;;;;;;;;;;;;;;;;;;62.00;;;;;;;;;;;;;;;;;;;;;;;;;;;;;;;;;;;34.00;34.00;34.00;;;;;;;;;;;;;;53.00;53.00;54.00;;;;15.20;;;;;;;;;;;674.20;1573.20;186.40;18.00;0.00;188.90;;;;;;;;;;;;;;;;;;;;;;958.00;1775.10;1;1;;;;;;;;;;;;;;;;;;;;;;;;0.00;0;0;0.00;0.00;;;;;89.00;89.00;89.00;;103.00;103.00;103.00;;91.00;91.00;91.00;;;;;;;;;;;;;0;8.60;10.60;6.80;14.90;15.50;14.30;1168;1586;686;226;225;1547.30;;;20069500;1.00;;;;;;29.00
1578817800000;2020-01-12T09:30:00.000+0100;;;;;;;;;1.00;-108.70;375.80;376.20;376.80;1099.00;1090.00;1093.00;-1.80;;;;;-1.80;-1.80;;;;;;;;;3.0;;;;;;;;;;;;;;;;;;;;;;;;;;;;;;;;;;;;;;;;;;;;50.00;;;;;;;;;;;;;;;;;;;;;;;;;;;;;;;;;;;;;;37.00;54.00;36.00;6.00;;;;53.00;56.00;53.00;;;;;;;;;1638.60;1476.90;-68.500;-160.700;;;;;;;;;;;;;1446.400;-160.000;;;;;;;;;;84.00;80.00;82.00;;;;;;;;;46795;;;;;;;;;;;;;;1218.600;;;;;;;;;;;;40.00;46.00;;;;;;;;;;;;;;0;0.00;0.00;;224.80;;3.00;-0.70;-4.60;;0.60;2.40;;;;-3.40;;;;8.80;;;;0.70;8.90;6.20;12.30;1.00;8.60;6.10;11.90;1.00;-2.40;4.10;1.00;15.00;;;;13.00;;;;33.00;;;;;;;;43.00;;;;;;;;;;;;55.00;;;;;;;;;;;;;;;;;;;;;;;;;;;;;;;;;;;;;;;;;;;;;;;;;;;;;;;;;;;;;;;;;;;;;;;;;;;;;;;;;;;;;;;;;;;;;;;;;;;;;;;;;;;;;;;;;;;;;;;;;;;;;;;;;;;;;;;;;;;;;;;;;;;;;;;;;;;;;;;;;;;;;;;;;;;;;;;;;;;;;;;;;;;;;;;;;;;;;;;;;;;;;;;;;;;;;;62.00;;;;;;;;;;;;;;;;;;;;;;;;;;;;;;;;;;;34.00;34.00;34.00;;;;;;;;;;;;;;54.00;53.00;54.00;;;;20.30;;;;;;;;;;;740.90;1703.90;194.00;18.00;0.00;196.90;;;;;;;;;;;;;;;;;;;;;;1065.00;1830.90;1;1;;;;;;;;;;;;;;;;;;;;;;;;0.30;0;0;0.00;0.00;;;;;89.00;89.00;89.00;;103.00;103.00;103.00;;91.00;91.00;91.00;;;;;;;;;;;;;0;8.80;10.90;6.90;14.90;15.80;14.30;1229;1685;755;226;225;1546.70;;;20069706;2.00;;;;;;30.00
1578818400000;2020-01-12T09:40:00.000+0100;;;;;;;;;1.00;-178.40;373.70;374.10;374.70;1109.00;1099.00;1102.00;-2.00;;;;;-2.00;-2.00;;;;;;;;;3.0;;;;;;;;;;;;;;;;;;;;;;;;;;;;;;;;;;;;;;;;;;;;50.00;;;;;;;;;;;;;;;;;;;;;;;;;;;;;;;;;;;;;;37.00;54.00;36.00;6.00;;;;54.00;58.00;55.00;;;;;;;;;1635.30;1476.30;-108.600;-221.400;;;;;;;;;;;;;1436.200;-210.000;;;;;;;;;;85.00;81.00;83.00;;;;;;;;;46795;;;;;;;;;;;;;;1213.100;;;;;;;;;;;;40.00;46.00;;;;;;;;;;;;;;0;0.00;0.00;;224.70;;3.00;-0.50;-4.30;;0.60;2.10;;;;-3.20;;;;8.80;;;;0.70;8.90;5.60;11.80;1.00;8.50;6.10;11.90;0.90;-2.40;3.80;0.80;15.00;;;;13.00;;;;33.00;;;;;;;;43.00;;;;;;;;;;;;55.00;;;;;;;;;;;;;;;;;;;;;;;;;;;;;;;;;;;;;;;;;;;;;;;;;;;;;;;;;;;;;;;;;;;;;;;;;;;;;;;;;;;;;;;;;;;;;;;;;;;;;;;;;;;;;;;;;;;;;;;;;;;;;;;;;;;;;;;;;;;;;;;;;;;;;;;;;;;;;;;;;;;;;;;;;;;;;;;;;;;;;;;;;;;;;;;;;;;;;;;;;;;;;;;;;;;;;;62.00;;;;;;;;;;;;;;;;;;;;;;;;;;;;;;;;;;;34.00;34.00;34.00;;;;;;;;;;;;;;54.00;54.00;54.00;;;;17.30;;;;;;;;;;;741.60;1665.30;183.80;18.00;0.00;183.90;;;;;;;;;;;;;;;;;;;;;;1034.00;1861.90;1;1;;;;;;;;;;;;;;;;;;;;;;;;0.30;0;0;0.00;0.00;;;;;89.00;89.00;89.00;;103.00;103.00;103.00;;91.00;91.00;91.00;;;;;;;;;;;;;0;8.70;10.40;6.90;14.90;15.80;14.30;1224;1661;751;226;225;1548.20;;;20069910;2.00;;;;;;29.00
1578819000000;2020-01-12T09:50:00.000+0100;;;;;;;;;1.00;-214.00;371.90;372.30;372.90;888.00;879.00;883.00;-2.00;;;;;-2.00;-2.00;;;;;;;;;3.0;;;;;;;;;;;;;;;;;;;;;;;;;;;;;;;;;;;;;;;;;;;;50.00;;;;;;;;;;;;;;;;;;;;;;;;;;;;;;;;;;;;;;37.00;54.00;36.00;7.00;;;;55.00;59.00;55.00;;;;;;;;;1599.80;1354.50;-189.100;-231.200;;;;;;;;;;;;;1164.800;-230.000;;;;;;;;;;84.00;80.00;82.00;;;;;;;;;46795;;;;;;;;;;;;;;953.100;;;;;;;;;;;;40.00;46.00;;;;;;;;;;;;;;0;0.00;0.00;;226.10;;3.00;-0.50;-3.10;;0.70;2.20;;;;-3.10;;;;8.10;;;;0.80;8.20;5.60;11.90;1.00;7.90;5.00;10.70;1.00;-2.40;2.00;0.50;15.00;;;;13.00;;;;33.00;;;;;;;;42.00;;;;;;;;;;;;55.00;;;;;;;;;;;;;;;;;;;;;;;;;;;;;;;;;;;;;;;;;;;;;;;;;;;;;;;;;;;;;;;;;;;;;;;;;;;;;;;;;;;;;;;;;;;;;;;;;;;;;;;;;;;;;;;;;;;;;;;;;;;;;;;;;;;;;;;;;;;;;;;;;;;;;;;;;;;;;;;;;;;;;;;;;;;;;;;;;;;;;;;;;;;;;;;;;;;;;;;;;;;;;;;;;;;;;;62.00;;;;;;;;;;;;;;;;;;;;;;;;;;;;;;;;;;;34.00;34.00;34.00;;;;;;;;;;;;;;54.00;53.00;54.00;;;;44.80;;;;;;;;;;;559.30;1413.10;162.00;18.00;0.00;169.60;;;;;;;;;;;;;;;;;;;;;;768.00;1612.00;1;1;;;;;;;;;;;;;;;;;;;;;;;;0.30;0;0;0.00;0.00;;;;;89.00;89.00;90.00;;103.00;103.00;103.00;;91.00;91.00;92.00;;;;;;;;;;;;;0;8.00;10.00;6.30;14.60;15.20;13.10;962;1452;573;226;225;1514.50;;;20070070;2.00;;;;;;28.00
1578819600000;2020-01-12T10:00:00.000+0100;;;;;;;;;1.00;-218.50;370.80;371.20;371.90;879.00;870.00;875.00;-2.10;;;;;-2.10;-2.10;;;;;;;;;3.0;;;;;;;;;;;;;;;;;;;;;;;;;;;;;;;;;;;;;;;;;;;;50.00;;;;;;;;;;;;;;;;;;;;;;;;;;;;;;;;;;;;;;37.00;54.00;36.00;7.00;;;;55.00;59.00;55.00;;;;;;;;;1600.70;1349.10;-208.800;-231.000;;;;;;;;;;;;;1153.000;-210.000;;;;;;;;;;83.00;79.00;81.00;;;;;;;;;46796;;;;;;;;;;;;;;942.300;;;;;;;;;;;;40.00;46.00;;;;;;;;;;;;;;0;0.00;0.00;;224.60;;3.00;0.30;-2.00;;0.50;3.10;;;;-2.70;;;;8.10;;;;0.70;8.00;5.10;11.50;1.00;7.80;5.30;10.30;0.90;-2.40;0.60;0.30;15.00;;;;13.00;;;;32.00;;;;;;;;42.00;;;;;;;;;;;;55.00;;;;;;;;;;;;;;;;;;;;;;;;;;;;;;;;;;;;;;;;;;;;;;;;;;;;;;;;;;;;;;;;;;;;;;;;;;;;;;;;;;;;;;;;;;;;;;;;;;;;;;;;;;;;;;;;;;;;;;;;;;;;;;;;;;;;;;;;;;;;;;;;;;;;;;;;;;;;;;;;;;;;;;;;;;;;;;;;;;;;;;;;;;;;;;;;;;;;;;;;;;;;;;;;;;;;;;62.00;;;;;;;;;;;;;;;;;;;;;;;;;;;;;;;;;;;34.00;34.00;34.00;;;;;;;;;;;;;;54.00;53.00;54.00;;;;51.00;;;;;;;;;;;525.60;1370.70;171.90;18.00;0.00;175.30;;;;;;;;;;;;;;;;;;;;;;796.90;1532.90;1;1;;;;;;;;;;;;;;;;;;;;;;;;0.60;0;0;0.00;0.00;;;;;90.00;90.00;90.00;;103.00;103.00;103.00;;92.00;91.00;92.00;;;;;;;;;;;;;0;7.90;9.50;6.30;14.60;15.50;12.80;949;1402;532;226;226;1510.90;;;20070230;2.00;;;;;;28.00
1578820200000;2020-01-12T10:10:00.000+0100;;;;;;;;;1.00;-203.40;371.40;371.80;372.50;949.00;940.00;945.00;-1.80;;;;;-1.80;-1.80;;;;;;;;;3.0;;;;;;;;;;;;;;;;;;;;;;;;;;;;;;;;;;;;;;;;;;;;50.00;;;;;;;;;;;;;;;;;;;;;;;;;;;;;;;;;;;;;;37.00;54.00;36.00;7.00;;;;55.00;59.00;55.00;;;;;;;;;1613.80;1419.30;-188.900;-211.300;;;;;;;;;;;;;1244.200;-190.000;;;;;;;;;;83.00;79.00;81.00;;;;;;;;;46796;;;;;;;;;;;;;;1022.100;;;;;;;;;;;;40.00;46.00;;;;;;;;;;;;;;0;0.00;0.00;;226.00;;3.00;1.40;-4.30;;0.80;4.30;;;;-1.50;;;;8.30;;;;0.70;8.40;5.60;12.00;1.00;8.00;4.90;10.90;0.90;-2.40;2.70;0.90;15.00;;;;13.00;;;;33.00;;;;;;;;42.00;;;;;;;;;;;;55.00;;;;;;;;;;;;;;;;;;;;;;;;;;;;;;;;;;;;;;;;;;;;;;;;;;;;;;;;;;;;;;;;;;;;;;;;;;;;;;;;;;;;;;;;;;;;;;;;;;;;;;;;;;;;;;;;;;;;;;;;;;;;;;;;;;;;;;;;;;;;;;;;;;;;;;;;;;;;;;;;;;;;;;;;;;;;;;;;;;;;;;;;;;;;;;;;;;;;;;;;;;;;;;;;;;;;;;62.00;;;;;;;;;;;;;;;;;;;;;;;;;;;;;;;;;;;34.00;34.00;34.00;;;;;;;;;;;;;;54.00;54.00;54.00;;;;28.10;;;;;;;;;;;637.60;1551.70;177.20;18.00;0.00;179.60;;;;;;;;;;;;;;;;;;;;;;923.90;1744.10;1;1;;;;;;;;;;;;;;;;;;;;;;;;0.30;0;0;0.00;0.00;;;;;90.00;90.00;90.00;;103.00;103.00;103.00;;92.00;92.00;92.00;;;;;;;;;;;;;0;8.20;10.30;6.20;14.60;15.50;13.70;1034;1566;646;226;227;1536.20;;;20070400;2.00;;;;;;28.00
1578820800000;2020-01-12T10:20:00.000+0100;;;;;;;;;1.00;-197.90;371.20;371.60;372.30;836.00;827.00;829.00;-2.00;;;;;-2.00;-2.00;;;;;;;;;3.0;;;;;;;;;;;;;;;;;;;;;;;;;;;;;;;;;;;;;;;;;;;;50.00;;;;;;;;;;;;;;;;;;;;;;;;;;;;;;;;;;;;;;37.00;54.00;36.00;7.00;;;;55.00;59.00;56.00;;;;;;;;;1569.10;1306.50;-189.000;-210.600;;;;;;;;;;;;;1105.900;-190.000;;;;;;;;;;83.00;78.00;80.00;;;;;;;;;46796;;;;;;;;;;;;;;887.800;;;;;;;;;;;;40.00;46.00;;;;;;;;;;;;;;0;0.00;0.00;;227.30;;3.00;2.10;-2.00;;0.70;4.90;;;;-0.60;;;;7.90;;;;0.70;7.90;4.90;10.90;0.90;7.60;4.50;10.60;0.90;-2.40;1.80;0.60;15.00;;;;13.00;;;;33.00;;;;;;;;42.00;;;;;;;;;;;;55.00;;;;;;;;;;;;;;;;;;;;;;;;;;;;;;;;;;;;;;;;;;;;;;;;;;;;;;;;;;;;;;;;;;;;;;;;;;;;;;;;;;;;;;;;;;;;;;;;;;;;;;;;;;;;;;;;;;;;;;;;;;;;;;;;;;;;;;;;;;;;;;;;;;;;;;;;;;;;;;;;;;;;;;;;;;;;;;;;;;;;;;;;;;;;;;;;;;;;;;;;;;;;;;;;;;;;;;62.00;;;;;;;;;;;;;;;;;;;;;;;;;;;;;;;;;;;34.00;34.00;34.00;;;;;;;;;;;;;;54.00;53.00;54.00;;;;53.40;;;;;;;;;;;546.40;1242.30;143.00;18.00;0.00;144.00;;;;;;;;;;;;;;;;;;;;;;809.00;1414.90;1;1;;;;;;;;;;;;;;;;;;;;;;;;0.60;0;0;0.00;0.00;;;;;89.00;89.00;90.00;;103.00;103.00;103.00;;92.00;91.00;92.00;;;;;;;;;;;;;0;7.80;9.50;5.70;14.30;15.20;12.50;903;1263;556;226;228;1504.30;;;20070550;2.00;;;;;;29.00
1578821400000;2020-01-12T10:30:00.000+0100;;;;;;;;;1.00;-190.80;371.90;372.30;373.10;957.00;948.00;952.00;-2.00;;;;;-2.00;-2.00;;;;;;;;;3.0;;;;;;;;;;;;;;;;;;;;;;;;;;;;;;;;;;;;;;;;;;;;50.00;;;;;;;;;;;;;;;;;;;;;;;;;;;;;;;;;;;;;;37.00;54.00;36.00;7.00;;;;55.00;59.00;55.00;;;;;;;;;1596.50;1420.20;-169.400;-210.800;;;;;;;;;;;;;1254.900;-200.000;;;;;;;;;;83.00;79.00;81.00;;;;;;;;;46796;;;;;;;;;;;;;;1035.300;;;;;;;;;;;;40.00;46.00;;;;;;;;;;;;;;0;0.00;0.00;;227.10;;3.00;1.30;-4.80;;1.10;4.40;;;;-1.90;;;;8.30;;;;0.60;8.40;4.70;12.10;0.90;8.00;5.70;11.40;0.90;-2.40;2.00;0.70;15.00;;;;13.00;;;;33.00;;;;;;;;42.00;;;;;;;;;;;;55.00;;;;;;;;;;;;;;;;;;;;;;;;;;;;;;;;;;;;;;;;;;;;;;;;;;;;;;;;;;;;;;;;;;;;;;;;;;;;;;;;;;;;;;;;;;;;;;;;;;;;;;;;;;;;;;;;;;;;;;;;;;;;;;;;;;;;;;;;;;;;;;;;;;;;;;;;;;;;;;;;;;;;;;;;;;;;;;;;;;;;;;;;;;;;;;;;;;;;;;;;;;;;;;;;;;;;;;62.00;;;;;;;;;;;;;;;;;;;;;;;;;;;;;;;;;;;34.00;34.00;34.00;;;;;;;;;;;;;;54.00;54.00;54.00;;;;22.70;;;;;;;;;;;581.60;1454.10;155.10;18.00;0.00;160.40;;;;;;;;;;;;;;;;;;;;;;921.10;1637.90;1;1;;;;;;;;;;;;;;;;;;;;;;;;0.30;0;0;0.00;0.00;;;;;90.00;89.00;90.00;;103.00;103.00;103.00;;92.00;91.00;92.00;;;;;;;;;;;;;0;8.20;10.80;6.60;14.90;15.20;13.70;1046;1485;583;226;227;1538.90;;;20070726;2.00;;;;;;28.00
1578822000000;2020-01-12T10:40:00.000+0100;;;;;;;;;1.00;-197.80;371.90;372.20;373.00;1031.00;1021.00;1024.00;-2.00;;;;;-2.00;-2.00;;;;;;;;;3.0;;;;;;;;;;;;;;;;;;;;;;;;;;;;;;;;;;;;;;;;;;;;50.00;;;;;;;;;;;;;;;;;;;;;;;;;;;;;;;;;;;;;;37.00;54.00;36.00;7.00;;;;56.00;59.00;56.00;;;;;;;;;1625.80;1465.80;-188.800;-201.200;;;;;;;;;;;;;1336.100;-200.000;;;;;;;;;;84.00;79.00;82.00;;;;;;;;;46796;;;;;;;;;;;;;;1116.400;;;;;;;;;;;;40.00;46.00;;;;;;;;;;;;;;0;0.00;0.00;;228.50;;3.00;-0.40;-2.90;;0.70;3.20;;;;-3.60;;;;8.60;;;;0.70;8.60;5.60;12.10;1.00;8.30;5.70;11.30;1.00;-2.40;2.90;0.80;15.00;;;;13.00;;;;33.00;;;;;;;;42.00;;;;;;;;;;;;55.00;;;;;;;;;;;;;;;;;;;;;;;;;;;;;;;;;;;;;;;;;;;;;;;;;;;;;;;;;;;;;;;;;;;;;;;;;;;;;;;;;;;;;;;;;;;;;;;;;;;;;;;;;;;;;;;;;;;;;;;;;;;;;;;;;;;;;;;;;;;;;;;;;;;;;;;;;;;;;;;;;;;;;;;;;;;;;;;;;;;;;;;;;;;;;;;;;;;;;;;;;;;;;;;;;;;;;;62.00;;;;;;;;;;;;;;;;;;;;;;;;;;;;;;;;;;;34.00;34.00;34.00;;;;;;;;;;;;;;54.00;54.00;54.00;;;;20.00;;;;;;;;;;;770.30;1584.30;152.50;18.00;0.00;156.60;;;;;;;;;;;;;;;;;;;;;;1009.90;1776.10;1;1;;;;;;;;;;;;;;;;;;;;;;;;0.30;0;0;0.00;0.00;;;;;90.00;90.00;90.00;;103.00;103.00;103.00;;92.00;92.00;92.00;;;;;;;;;;;;;0;8.50;10.20;6.50;14.90;15.50;14.00;1128;1596;781;226;225;1544.90;;;20070914;2.00;;;;;;28.00
1578822600000;2020-01-12T10:50:00.000+0100;;;;;;;;;1.00;-195.10;372.50;372.80;373.60;953.00;944.00;949.00;-2.00;;;;;-2.00;-2.00;;;;;;;;;3.0;;;;;;;;;;;;;;;;;;;;;;;;;;;;;;;;;;;;;;;;;;;;50.00;;;;;;;;;;;;;;;;;;;;;;;;;;;;;;;;;;;;;;37.00;54.00;36.00;7.00;;;;56.00;60.00;57.00;;;;;;;;;1602.50;1334.80;-169.900;-220.900;;;;;;;;;;;;;1247.200;-170.000;;;;;;;;;;84.00;79.00;81.00;;;;;;;;;46796;;;;;;;;;;;;;;1032.500;;;;;;;;;;;;40.00;47.00;;;;;;;;;;;;;;0;0.00;0.00;;223.90;;3.00;0.80;0.10;;1.00;4.30;;;;-2.40;;;;8.30;;;;0.70;8.30;4.10;11.40;1.00;8.00;5.20;12.10;1.00;-2.40;2.60;0.70;15.00;;;;13.00;;;;33.00;;;;;;;;43.00;;;;;;;;;;;;55.00;;;;;;;;;;;;;;;;;;;;;;;;;;;;;;;;;;;;;;;;;;;;;;;;;;;;;;;;;;;;;;;;;;;;;;;;;;;;;;;;;;;;;;;;;;;;;;;;;;;;;;;;;;;;;;;;;;;;;;;;;;;;;;;;;;;;;;;;;;;;;;;;;;;;;;;;;;;;;;;;;;;;;;;;;;;;;;;;;;;;;;;;;;;;;;;;;;;;;;;;;;;;;;;;;;;;;;62.00;;;;;;;;;;;;;;;;;;;;;;;;;;;;;;;;;;;34.00;34.00;34.00;;;;;;;;;;;;;;54.00;54.00;54.00;;;;43.00;;;;;;;;;;;560.40;1484.70;186.60;18.00;0.00;187.50;;;;;;;;;;;;;;;;;;;;;;831.00;1659.90;1;1;;;;;;;;;;;;;;;;;;;;;;;;0.30;0;0;0.00;0.00;;;;;90.00;90.00;90.00;;103.00;103.00;103.00;;92.00;92.00;92.00;;;;;;;;;;;;;0;8.20;10.10;5.90;14.60;15.50;12.80;1042;1488;574;226;226;1529.10;;;20071086;2.00;;;;;;28.00
1578823200000;2020-01-12T11:00:00.000+0100;;;;;;;;;1.00;-168.90;373.70;374.00;374.80;1063.00;1054.00;1058.00;-1.80;;;;;-1.80;-1.80;;;;;;;;;3.0;;;;;;;;;;;;;;;;;;;;;;;;;;;;;;;;;;;;;;;;;;;;50.00;;;;;;;;;;;;;;;;;;;;;;;;;;;;;;;;;;;;;;37.00;55.00;36.00;7.00;;;;57.00;61.00;57.00;;;;;;;;;1607.00;1398.70;-149.100;-190.500;;;;;;;;;;;;;1393.200;-190.000;;;;;;;;;;84.00;80.00;82.00;;;;;;;;;46797;;;;;;;;;;;;;;1163.500;;;;;;;;;;;;41.00;47.00;;;;;;;;;;;;;;0;0.00;0.00;;225.70;;3.00;0.20;-0.20;;1.90;3.20;;;;-2.40;;;;8.70;;;;0.90;8.70;4.90;13.50;1.20;8.40;5.40;11.90;1.10;-2.40;3.60;1.00;15.00;;;;13.00;;;;33.00;;;;;;;;43.00;;;;;;;;;;;;56.00;;;;;;;;;;;;;;;;;;;;;;;;;;;;;;;;;;;;;;;;;;;;;;;;;;;;;;;;;;;;;;;;;;;;;;;;;;;;;;;;;;;;;;;;;;;;;;;;;;;;;;;;;;;;;;;;;;;;;;;;;;;;;;;;;;;;;;;;;;;;;;;;;;;;;;;;;;;;;;;;;;;;;;;;;;;;;;;;;;;;;;;;;;;;;;;;;;;;;;;;;;;;;;;;;;;;;;62.00;;;;;;;;;;;;;;;;;;;;;;;;;;;;;;;;;;;34.00;34.00;34.00;;;;;;;;;;;;;;54.00;54.00;55.00;;;;32.20;;;;;;;;;;;684.00;1781.90;251.30;18.00;0.00;246.40;;;;;;;;;;;;;;;;;;;;;;911.10;1972.00;1;1;;;;;;;;;;;;;;;;;;;;;;;;0.30;0;0;0.00;0.00;;;;;90.00;90.00;90.00;;103.00;103.00;103.00;;92.00;92.00;92.00;;;;;;;;;;;;;0;8.50;11.00;6.20;14.60;15.50;13.40;1175;1765;689;226;226;1534.80;;;20071282;3.00;;;;;;28.00
1578823800000;2020-01-12T11:10:00.000+0100;;;;;;;;;1.00;-180.90;373.80;374.10;374.90;994.00;984.00;988.00;-1.80;;;;;-1.80;-1.80;;;;;;;;;3.0;;;;;;;;;;;;;;;;;;;;;;;;;;;;;;;;;;;;;;;;;;;;50.00;;;;;;;;;;;;;;;;;;;;;;;;;;;;;;;;;;;;;;37.00;55.00;36.00;8.00;;;;58.00;61.00;58.00;;;;;;;;;1619.80;1435.10;-138.900;-220.900;;;;;;;;;;;;;1305.600;-140.000;;;;;;;;;;84.00;80.00;82.00;;;;;;;;;46797;;;;;;;;;;;;;;1081.800;;;;;;;;;;;;40.00;47.00;;;;;;;;;;;;;;0;0.00;0.00;;226.50;;3.00;0.10;-1.60;;2.00;3.60;;;;-2.60;;;;8.50;;;;0.70;8.50;6.10;12.40;1.00;8.20;5.80;11.70;1.00;-2.40;3.50;1.00;16.00;;;;14.00;;;;33.00;;;;;;;;43.00;;;;;;;;;;;;56.00;;;;;;;;;;;;;;;;;;;;;;;;;;;;;;;;;;;;;;;;;;;;;;;;;;;;;;;;;;;;;;;;;;;;;;;;;;;;;;;;;;;;;;;;;;;;;;;;;;;;;;;;;;;;;;;;;;;;;;;;;;;;;;;;;;;;;;;;;;;;;;;;;;;;;;;;;;;;;;;;;;;;;;;;;;;;;;;;;;;;;;;;;;;;;;;;;;;;;;;;;;;;;;;;;;;;;;62.00;;;;;;;;;;;;;;;;;;;;;;;;;;;;;;;;;;;34.00;34.00;34.00;;;;;;;;;;;;;;55.00;54.00;55.00;;;;27.50;;;;;;;;;;;689.60;1618.50;178.60;18.00;0.00;182.20;;;;;;;;;;;;;;;;;;;;;;984.10;1813.00;1;1;;;;;;;;;;;;;;;;;;;;;;;;0.30;0;0;0.00;0.00;;;;;90.00;90.00;90.00;;103.00;103.00;103.00;;92.00;92.00;92.00;;;;;;;;;;;;;0;8.40;10.40;6.50;14.90;15.50;13.70;1093;1639;693;228;228;1539.80;;;20071464;3.00;;;;;;29.00
1578824400000;2020-01-12T11:20:00.000+0100;;;;;;;;;1.00;-137.90;374.60;374.70;375.60;1125.00;1116.00;1119.00;-1.90;;;;;-1.90;-1.90;;;;;;;;;3.0;;;;;;;;;;;;;;;;;;;;;;;;;;;;;;;;;;;;;;;;;;;;50.00;;;;;;;;;;;;;;;;;;;;;;;;;;;;;;;;;;;;;;37.00;55.00;36.00;8.00;;;;58.00;62.00;58.00;;;;;;;;;1629.10;1436.90;-109.200;-170.900;;;;;;;;;;;;;1465.300;-150.000;;;;;;;;;;85.00;81.00;83.00;;;;;;;;;46797;;;;;;;;;;;;;;1242.800;;;;;;;;;;;;40.00;47.00;;;;;;;;;;;;;;0;0.00;0.00;;228.00;;3.00;-1.30;-6.00;;1.50;1.70;;;;-3.50;;;;8.90;;;;0.80;8.80;4.70;11.60;1.00;8.60;6.20;12.20;1.00;-2.40;3.00;0.80;16.00;;;;14.00;;;;33.00;;;;;;;;43.00;;;;;;;;;;;;56.00;;;;;;;;;;;;;;;;;;;;;;;;;;;;;;;;;;;;;;;;;;;;;;;;;;;;;;;;;;;;;;;;;;;;;;;;;;;;;;;;;;;;;;;;;;;;;;;;;;;;;;;;;;;;;;;;;;;;;;;;;;;;;;;;;;;;;;;;;;;;;;;;;;;;;;;;;;;;;;;;;;;;;;;;;;;;;;;;;;;;;;;;;;;;;;;;;;;;;;;;;;;;;;;;;;;;;;62.00;;;;;;;;;;;;;;;;;;;;;;;;;;;;;;;;;;;34.00;34.00;34.00;;;;;;;;;;;;;;55.00;54.00;55.00;;;;19.10;;;;;;;;;;;768.10;1773.90;174.10;18.00;0.00;176.40;;;;;;;;;;;;;;;;;;;;;;1066.00;1968.90;1;1;;;;;;;;;;;;;;;;;;;;;;;;0.30;0;0;0.00;0.00;;;;;90.00;90.00;90.00;;103.00;103.00;103.00;;92.00;92.00;92.00;;;;;;;;;;;;;0;8.70;11.10;6.70;14.90;15.50;13.70;1252;1788;773;228;227;1545.20;;;20071674;3.00;;;;;;28.00
1578825000000;2020-01-12T11:30:00.000+0100;;;;;;;;;1.00;-169.30;375.50;375.70;376.60;919.00;910.00;914.00;-2.00;;;;;-2.00;-2.00;;;;;;;;;3.0;;;;;;;;;;;;;;;;;;;;;;;;;;;;;;;;;;;;;;;;;;;;50.00;;;;;;;;;;;;;;;;;;;;;;;;;;;;;;;;;;;;;;37.00;55.00;36.00;8.00;;;;59.00;62.00;59.00;;;;;;;;;1588.80;1380.50;-149.100;-191.000;;;;;;;;;;;;;1225.200;-170.000;;;;;;;;;;85.00;80.00;82.00;;;;;;;;;46797;;;;;;;;;;;;;;1007.400;;;;;;;;;;;;40.00;47.00;;;;;;;;;;;;;;0;0.00;0.00;;222.40;;3.00;-0.30;-1.70;;2.70;2.20;;;;-3.10;;;;8.30;;;;0.70;8.30;5.40;11.80;1.00;8.00;5.10;11.50;1.00;-2.40;0.80;0.50;16.00;;;;14.00;;;;33.00;;;;;;;;43.00;;;;;;;;;;;;56.00;;;;;;;;;;;;;;;;;;;;;;;;;;;;;;;;;;;;;;;;;;;;;;;;;;;;;;;;;;;;;;;;;;;;;;;;;;;;;;;;;;;;;;;;;;;;;;;;;;;;;;;;;;;;;;;;;;;;;;;;;;;;;;;;;;;;;;;;;;;;;;;;;;;;;;;;;;;;;;;;;;;;;;;;;;;;;;;;;;;;;;;;;;;;;;;;;;;;;;;;;;;;;;;;;;;;;;62.00;;;;;;;;;;;;;;;;;;;;;;;;;;;;;;;;;;;34.00;34.00;34.00;;;;;;;;;;;;;;55.00;55.00;55.00;;;;36.10;;;;;;;;;;;604.30;1478.00;184.10;18.00;0.00;186.70;;;;;;;;;;;;;;;;;;;;;;881.90;1670.90;1;1;;;;;;;;;;;;;;;;;;;;;;;;0.30;0;0;0.00;0.00;;;;;90.00;90.00;90.00;;104.00;103.00;104.00;;92.00;92.00;93.00;;;;;;;;;;;;;0;8.20;10.20;6.40;14.60;15.20;13.10;1017;1503;618;227;227;1530.60;;;20071844;3.00;;;;;;28.00
1578825600000;2020-01-12T11:40:00.000+0100;;;;;;;;;1.00;-167.40;377.70;378.00;378.90;979.00;971.00;974.00;-1.70;;;;;-1.70;-1.70;;;;;;;;;3.0;;;;;;;;;;;;;;;;;;;;;;;;;;;;;;;;;;;;;;;;;;;;50.00;;;;;;;;;;;;;;;;;;;;;;;;;;;;;;;;;;;;;;37.00;55.00;36.00;8.00;;;;58.00;62.00;59.00;;;;;;;;;1635.90;1444.00;-138.800;-220.900;;;;;;;;;;;;;1305.600;-180.000;;;;;;;;;;84.00;80.00;82.00;;;;;;;;;46797;;;;;;;;;;;;;;1086.100;;;;;;;;;;;;40.00;47.00;;;;;;;;;;;;;;0;0.00;0.00;;230.50;;3.00;-0.90;-3.50;;0.80;1.30;;;;-4.00;;;;8.50;;;;0.80;8.50;5.20;11.70;1.00;8.30;5.10;11.30;1.00;-2.40;4.20;1.00;16.00;;;;14.00;;;;33.00;;;;;;;;43.00;;;;;;;;;;;;56.00;;;;;;;;;;;;;;;;;;;;;;;;;;;;;;;;;;;;;;;;;;;;;;;;;;;;;;;;;;;;;;;;;;;;;;;;;;;;;;;;;;;;;;;;;;;;;;;;;;;;;;;;;;;;;;;;;;;;;;;;;;;;;;;;;;;;;;;;;;;;;;;;;;;;;;;;;;;;;;;;;;;;;;;;;;;;;;;;;;;;;;;;;;;;;;;;;;;;;;;;;;;;;;;;;;;;;;62.00;;;;;;;;;;;;;;;;;;;;;;;;;;;;;;;;;;;34.00;34.00;34.00;;;;;;;;;;;;;;55.00;55.00;55.00;;;;30.70;;;;;;;;;;;616.40;1776.50;236.10;18.00;0.00;234.00;;;;;;;;;;;;;;;;;;;;;;888.10;1970.90;1;1;;;;;;;;;;;;;;;;;;;;;;;;0.30;0;0;0.00;0.00;;;;;90.00;90.00;90.00;;104.00;104.00;104.00;;92.00;92.00;92.00;;;;;;;;;;;;;0;8.40;10.30;6.60;14.60;15.80;13.70;1092;1782;629;228;227;1533.60;;;20072026;3.00;;;;;;28.00
1578826200000;2020-01-12T11:50:00.000+0100;;;;;;;;;1.00;-150.70;378.40;378.70;379.50;959.00;951.00;955.00;-1.90;;;;;-1.90;-1.90;;;;;;;;;3.0;;;;;;;;;;;;;;;;;;;;;;;;;;;;;;;;;;;;;;;;;;;;50.00;;;;;;;;;;;;;;;;;;;;;;;;;;;;;;;;;;;;;;37.00;55.00;36.00;8.00;;;;58.00;62.00;58.00;;;;;;;;;1617.10;1364.40;-128.800;-180.700;;;;;;;;;;;;;1285.600;-160.000;;;;;;;;;;84.00;80.00;82.00;;;;;;;;;46797;;;;;;;;;;;;;;1068.400;;;;;;;;;;;;40.00;47.00;;;;;;;;;;;;;;0;0.00;0.00;;224.50;;3.00;1.40;-4.80;;1.10;3.60;;;;-2.00;;;;8.40;;;;0.80;8.40;4.80;13.60;1.00;8.10;5.50;12.30;1.00;-2.40;2.70;0.80;16.00;;;;14.00;;;;33.00;;;;;;;;43.00;;;;;;;;;;;;56.00;;;;;;;;;;;;;;;;;;;;;;;;;;;;;;;;;;;;;;;;;;;;;;;;;;;;;;;;;;;;;;;;;;;;;;;;;;;;;;;;;;;;;;;;;;;;;;;;;;;;;;;;;;;;;;;;;;;;;;;;;;;;;;;;;;;;;;;;;;;;;;;;;;;;;;;;;;;;;;;;;;;;;;;;;;;;;;;;;;;;;;;;;;;;;;;;;;;;;;;;;;;;;;;;;;;;;;62.00;;;;;;;;;;;;;;;;;;;;;;;;;;;;;;;;;;;34.00;34.00;34.00;;;;;;;;;;;;;;55.00;54.00;55.00;;;;40.30;;;;;;;;;;;569.10;1975.90;236.60;18.00;0.00;237.40;;;;;;;;;;;;;;;;;;;;;;865.00;2000.10;1;1;;;;;;;;;;;;;;;;;;;;;;;;0.30;0;0;0.00;0.00;;;;;90.00;90.00;90.00;;104.00;104.00;104.00;;92.00;92.00;93.00;;;;;;;;;;;;;0;8.20;11.30;6.10;14.60;15.50;13.10;1075;1956;583;227;228;1530.90;;;20072206;3.00;;;;;;28.00
1578826800000;2020-01-12T12:00:00.000+0100;;;;;;;;;1.00;-173.40;378.40;378.60;379.40;955.00;946.00;950.00;-2.00;;;;;-2.00;-2.00;;;;;;;;;3.0;;;;;;;;;;;;;;;;;;;;;;;;;;;;;;;;;;;;;;;;;;;;50.00;;;;;;;;;;;;;;;;;;;;;;;;;;;;;;;;;;;;;;37.00;55.00;36.00;8.00;;;;58.00;62.00;58.00;;;;;;;;;1605.50;1427.00;-149.100;-211.200;;;;;;;;;;;;;1274.400;-200.000;;;;;;;;;;84.00;80.00;82.00;;;;;;;;;46798;;;;;;;;;;;;;;1054.500;;;;;;;;;;;;40.00;47.00;;;;;;;;;;;;;;0;0.00;0.00;;229.30;;3.00;-0.30;-1.80;;0.80;2.80;;;;-2.70;;;;8.40;;;;0.60;8.10;5.30;11.70;0.90;7.90;5.20;11.10;0.90;-2.40;2.70;0.70;16.00;;;;14.00;;;;33.00;;;;;;;;43.00;;;;;;;;;;;;56.00;;;;;;;;;;;;;;;;;;;;;;;;;;;;;;;;;;;;;;;;;;;;;;;;;;;;;;;;;;;;;;;;;;;;;;;;;;;;;;;;;;;;;;;;;;;;;;;;;;;;;;;;;;;;;;;;;;;;;;;;;;;;;;;;;;;;;;;;;;;;;;;;;;;;;;;;;;;;;;;;;;;;;;;;;;;;;;;;;;;;;;;;;;;;;;;;;;;;;;;;;;;;;;;;;;;;;;62.00;;;;;;;;;;;;;;;;;;;;;;;;;;;;;;;;;;;34.00;34.00;34.00;;;;;;;;;;;;;;55.00;55.00;55.00;;;;33.10;;;;;;;;;;;677.80;1578.00;196.20;18.00;0.00;197.80;;;;;;;;;;;;;;;;;;;;;;918.00;1765.10;1;1;;;;;;;;;;;;;;;;;;;;;;;;0.30;0;0;0.00;0.00;;;;;90.00;90.00;90.00;;104.00;104.00;104.00;;92.00;92.00;93.00;;;;;;;;;;;;;0;8.10;9.90;6.60;14.60;15.50;13.70;1066;1575;687;226;226;1527.90;;;20072382;3.00;;;;;;28.00
1578827400000;2020-01-12T12:10:00.000+0100;;;;;;;;;1.00;-209.50;373.40;373.70;374.50;943.00;933.00;937.00;-2.00;;;;;-2.00;-2.00;;;;;;;;;3.0;;;;;;;;;;;;;;;;;;;;;;;;;;;;;;;;;;;;;;;;;;;;50.00;;;;;;;;;;;;;;;;;;;;;;;;;;;;;;;;;;;;;;37.00;55.00;36.00;8.00;;;;58.00;62.00;58.00;;;;;;;;;1624.90;1378.70;-169.100;-250.800;;;;;;;;;;;;;1238.000;-210.000;;;;;;;;;;84.00;80.00;82.00;;;;;;;;;46798;;;;;;;;;;;;;;1021.400;;;;;;;;;;;;40.00;47.00;;;;;;;;;;;;;;0;0.00;0.00;;228.30;;3.00;-1.30;-3.70;;0.50;1.20;;;;-4.20;;;;8.30;;;;0.80;8.20;4.90;11.50;1.00;7.90;5.60;11.50;1.00;-2.40;3.20;0.70;16.00;;;;14.00;;;;33.00;;;;;;;;43.00;;;;;;;;;;;;56.00;;;;;;;;;;;;;;;;;;;;;;;;;;;;;;;;;;;;;;;;;;;;;;;;;;;;;;;;;;;;;;;;;;;;;;;;;;;;;;;;;;;;;;;;;;;;;;;;;;;;;;;;;;;;;;;;;;;;;;;;;;;;;;;;;;;;;;;;;;;;;;;;;;;;;;;;;;;;;;;;;;;;;;;;;;;;;;;;;;;;;;;;;;;;;;;;;;;;;;;;;;;;;;;;;;;;;;62.00;;;;;;;;;;;;;;;;;;;;;;;;;;;;;;;;;;;34.00;34.00;34.00;;;;;;;;;;;;;;55.00;54.00;55.00;;;;48.90;;;;;;;;;;;501.90;1592.80;231.30;18.00;0.00;234.40;;;;;;;;;;;;;;;;;;;;;;767.00;1784.10;1;1;;;;;;;;;;;;;;;;;;;;;;;;0.60;0;0;0.00;0.00;;;;;90.00;90.00;91.00;;104.00;104.00;104.00;;93.00;93.00;93.00;;;;;;;;;;;;;0;8.00;10.10;6.10;14.60;15.50;13.10;1029;1607;506;229;227;1516.00;;;20072554;3.00;;;;;;28.00
1578828000000;2020-01-12T12:20:00.000+0100;;;;;;;;;1.00;-222.90;371.50;371.80;372.60;768.00;760.00;764.00;-1.90;;;;;-1.90;-1.90;;;;;;;;;3.0;;;;;;;;;;;;;;;;;;;;;;;;;;;;;;;;;;;;;;;;;;;;50.00;;;;;;;;;;;;;;;;;;;;;;;;;;;;;;;;;;;;;;37.00;54.00;36.00;9.00;;;;58.00;61.00;58.00;;;;;;;;;1595.30;1338.10;-188.900;-261.100;;;;;;;;;;;;;1024.500;-230.000;;;;;;;;;;82.00;78.00;80.00;;;;;;;;;46798;;;;;;;;;;;;;;811.300;;;;;;;;;;;;41.00;47.00;;;;;;;;;;;;;;0;0.00;0.00;;228.10;;3.00;0.40;-2.20;;1.30;3.40;;;;-2.50;;;;7.70;;;;0.60;7.70;5.10;10.30;0.80;7.40;5.30;10.00;0.80;-2.40;1.50;0.70;16.00;;;;15.00;;;;33.00;;;;;;;;43.00;;;;;;;;;;;;55.00;;;;;;;;;;;;;;;;;;;;;;;;;;;;;;;;;;;;;;;;;;;;;;;;;;;;;;;;;;;;;;;;;;;;;;;;;;;;;;;;;;;;;;;;;;;;;;;;;;;;;;;;;;;;;;;;;;;;;;;;;;;;;;;;;;;;;;;;;;;;;;;;;;;;;;;;;;;;;;;;;;;;;;;;;;;;;;;;;;;;;;;;;;;;;;;;;;;;;;;;;;;;;;;;;;;;;;62.00;;;;;;;;;;;;;;;;;;;;;;;;;;;;;;;;;;;34.00;34.00;34.00;;;;;;;;;;;;;;54.00;54.00;55.00;;;;63.30;;;;;;;;;;;446.20;1262.90;161.00;18.00;0.00;164.70;;;;;;;;;;;;;;;;;;;;;;718.10;1452.00;1;1;;;;;;;;;;;;;;;;;;;;;;;;0.60;0;0;0.00;0.00;;;;;91.00;90.00;91.00;;104.00;104.00;104.00;;93.00;93.00;93.00;;;;;;;;;;;;;0;7.50;9.20;6.00;14.00;15.20;12.80;820;1302;455;226;227;1469.40;;;20072690;4.00;;;;;;28.00
1578828600000;2020-01-12T12:30:00.000+0100;;;;;;;;;1.00;-227.30;370.50;370.70;371.50;782.00;774.00;777.00;-1.90;;;;;-1.90;-1.90;;;;;;;;;3.0;;;;;;;;;;;;;;;;;;;;;;;;;;;;;;;;;;;;;;;;;;;;50.00;;;;;;;;;;;;;;;;;;;;;;;;;;;;;;;;;;;;;;37.00;54.00;36.00;9.00;;;;57.00;61.00;57.00;;;;;;;;;1575.30;1345.90;-179.400;-261.500;;;;;;;;;;;;;1042.400;-190.000;;;;;;;;;;82.00;77.00;80.00;;;;;;;;;46798;;;;;;;;;;;;;;823.700;;;;;;;;;;;;41.00;47.00;;;;;;;;;;;;;;0;0.00;0.00;;225.70;;3.00;0.30;-1.50;;1.30;3.40;;;;-2.80;;;;7.80;;;;0.60;7.90;5.40;12.30;0.90;7.60;4.70;11.10;0.80;-2.30;3.80;0.80;17.00;;;;15.00;;;;33.00;;;;;;;;42.00;;;;;;;;;;;;55.00;;;;;;;;;;;;;;;;;;;;;;;;;;;;;;;;;;;;;;;;;;;;;;;;;;;;;;;;;;;;;;;;;;;;;;;;;;;;;;;;;;;;;;;;;;;;;;;;;;;;;;;;;;;;;;;;;;;;;;;;;;;;;;;;;;;;;;;;;;;;;;;;;;;;;;;;;;;;;;;;;;;;;;;;;;;;;;;;;;;;;;;;;;;;;;;;;;;;;;;;;;;;;;;;;;;;;;61.00;;;;;;;;;;;;;;;;;;;;;;;;;;;;;;;;;;;34.00;34.00;34.00;;;;;;;;;;;;;;54.00;54.00;54.00;;;;56.10;;;;;;;;;;;441.20;1356.50;190.30;18.00;0.00;190.30;;;;;;;;;;;;;;;;;;;;;;716.00;1554.90;1;1;;;;;;;;;;;;;;;;;;;;;;;;0.60;0;0;0.00;0.00;;;;;91.00;91.00;91.00;;104.00;104.00;104.00;;93.00;93.00;93.00;;;;;;;;;;;;;0;7.80;9.50;6.00;14.30;15.20;12.80;833;1376;449;229;229;1495.10;;;20072830;4.00;;;;;;28.00
1578829200000;2020-01-12T12:40:00.000+0100;;;;;;;;;0.90;-242.60;369.80;370.10;370.90;649.00;641.00;644.00;-2.00;;;;;-2.00;-2.00;;;;;;;;;3.0;;;;;;;;;;;;;;;;;;;;;;;;;;;;;;;;;;;;;;;;;;;;50.00;;;;;;;;;;;;;;;;;;;;;;;;;;;;;;;;;;;;;;37.00;54.00;36.00;9.00;;;;56.00;60.00;56.00;;;;;;;;;1571.80;1105.30;-189.600;-281.400;;;;;;;;;;;;;873.700;-240.000;;;;;;;;;;80.00;76.00;78.00;;;;;;;;;46798;;;;;;;;;;;;;;662.000;;;;;;;;;;;;41.00;47.00;;;;;;;;;;;;;;0;0.00;0.00;;229.60;;3.00;1.80;-1.70;;1.20;4.40;;;;-1.70;;;;7.10;;;;0.90;7.30;2.90;10.00;1.10;7.00;3.70;9.30;1.00;-2.30;1.60;0.50;17.00;;;;15.00;;;;32.00;;;;;;;;42.00;;;;;;;;;;;;54.00;;;;;;;;;;;;;;;;;;;;;;;;;;;;;;;;;;;;;;;;;;;;;;;;;;;;;;;;;;;;;;;;;;;;;;;;;;;;;;;;;;;;;;;;;;;;;;;;;;;;;;;;;;;;;;;;;;;;;;;;;;;;;;;;;;;;;;;;;;;;;;;;;;;;;;;;;;;;;;;;;;;;;;;;;;;;;;;;;;;;;;;;;;;;;;;;;;;;;;;;;;;;;;;;;;;;;;61.00;;;;;;;;;;;;;;;;;;;;;;;;;;;;;;;;;;;34.00;34.00;34.00;;;;;;;;;;;;;;52.00;45.00;54.00;;;;125.90;;;;;;;;;;;212.60;1310.80;237.40;18.00;0.00;239.80;;;;;;;;;;;;;;;;;;;;;;462.10;1500.90;1;1;;;;;;;;;;;;;;;;;;;;;;;;1.20;0;0;0.00;0.00;;;;;91.00;91.00;91.00;;104.00;104.00;104.00;;93.00;93.00;93.00;;;;;;;;;;;;;0;7.10;9.10;4.70;13.40;15.20;10.70;668;1332;222;230;232;1400.20;;;20072942;4.00;;;;;;28.00
1578829800000;2020-01-12T12:50:00.000+0100;;;;;;;;;0.90;-217.00;370.20;370.60;371.30;461.00;455.00;457.00;-2.00;;;;;-2.00;-2.00;;;;;;;;;3.0;;;;;;;;;;;;;;;;;;;;;;;;;;;;;;;;;;;;;;;;;;;;50.00;;;;;;;;;;;;;;;;;;;;;;;;;;;;;;;;;;;;;;37.00;53.00;36.00;9.00;;;;55.00;59.00;55.00;;;;;;;;;1546.40;941.80;-189.100;-251.300;;;;;;;;;;;;;671.700;-220.000;;;;;;;;;;77.00;73.00;75.00;;;;;;;;;46798;;;;;;;;;;;;;;452.300;;;;;;;;;;;;41.00;47.00;;;;;;;;;;;;;;0;0.00;0.00;;232.20;;3.00;1.00;0.50;;2.80;3.40;;;;-1.60;;;;6.40;;;;1.10;6.30;3.00;10.30;1.30;6.20;2.10;9.60;1.20;-2.30;2.20;0.40;17.00;;;;15.00;;;;33.00;;;;;;;;42.00;;;;;;;;;;;;53.00;;;;;;;;;;;;;;;;;;;;;;;;;;;;;;;;;;;;;;;;;;;;;;;;;;;;;;;;;;;;;;;;;;;;;;;;;;;;;;;;;;;;;;;;;;;;;;;;;;;;;;;;;;;;;;;;;;;;;;;;;;;;;;;;;;;;;;;;;;;;;;;;;;;;;;;;;;;;;;;;;;;;;;;;;;;;;;;;;;;;;;;;;;;;;;;;;;;;;;;;;;;;;;;;;;;;;;59.00;;;;;;;;;;;;;;;;;;;;;;;;;;;;;;;;;;;34.00;33.00;34.00;;;;;;;;;;;;;;48.00;44.00;53.00;;;;151.90;;;;;;;;;;;119.40;849.90;132.30;18.00;0.00;134.20;;;;;;;;;;;;;;;;;;;;;;396.00;2000.10;1;1;;;;;;;;;;;;;;;;;;;;;;;;1.50;0;0;0.00;0.00;;;;;91.00;91.00;91.00;;104.00;104.00;104.00;;93.00;93.00;93.00;;;;;;;;;;;;;0;6.30;8.70;3.80;11.90;14.90;9.00;457;841;126;239;240;1233.90;;;20073016;4.00;;;;;;29.00
1578830400000;2020-01-12T13:00:00.000+0100;;;;;;;;;0.90;-230.10;370.70;371.00;371.80;470.00;464.00;465.00;-2.10;;;;;-2.10;-2.10;;;;;;;;;3.0;;;;;;;;;;;;;;;;;;;;;;;;;;;;;;;;;;;;;;;;;;;;50.00;;;;;;;;;;;;;;;;;;;;;;;;;;;;;;;;;;;;;;37.00;52.00;36.00;9.00;;;;53.00;57.00;54.00;;;;;;;;;1497.20;1013.40;-199.600;-271.400;;;;;;;;;;;;;677.600;-270.000;;;;;;;;;;74.00;71.00;73.00;;;;;;;;;46799;;;;;;;;;;;;;;459.500;;;;;;;;;;;;42.00;46.00;;;;;;;;;;;;;;0;0.00;0.00;;240.80;;3.00;-0.50;-0.60;;2.90;1.30;;;;-2.50;;;;6.40;;;;0.90;6.40;2.80;9.70;1.10;6.20;2.90;9.30;1.00;-2.30;-1.00;0.10;17.00;;;;16.00;;;;33.00;;;;;;;;42.00;;;;;;;;;;;;52.00;;;;;;;;;;;;;;;;;;;;;;;;;;;;;;;;;;;;;;;;;;;;;;;;;;;;;;;;;;;;;;;;;;;;;;;;;;;;;;;;;;;;;;;;;;;;;;;;;;;;;;;;;;;;;;;;;;;;;;;;;;;;;;;;;;;;;;;;;;;;;;;;;;;;;;;;;;;;;;;;;;;;;;;;;;;;;;;;;;;;;;;;;;;;;;;;;;;;;;;;;;;;;;;;;;;;;;58.00;;;;;;;;;;;;;;;;;;;;;;;;;;;;;;;;;;;34.00;34.00;34.00;;;;;;;;;;;;;;47.00;43.00;52.00;;;;114.60;;;;;;;;;;;177.60;854.90;132.90;18.00;0.00;132.70;;;;;;;;;;;;;;;;;;;;;;378.10;2000.10;1;1;;;;;;;;;;;;;;;;;;;;;;;;1.20;0;0;0.00;1.00;;;;;91.00;91.00;91.00;;104.00;104.00;104.00;;93.00;93.00;93.00;;;;;;;;;;;;;0;6.30;8.00;4.30;11.90;14.30;9.80;462;847;181;239;238;1232.20;;;20073094;4.00;;;;;;30.00
1578831000000;2020-01-12T13:10:00.000+0100;;;;;;;;;0.80;-262.10;370.20;370.20;370.90;452.00;443.00;445.00;-2.10;;;;;-2.10;-2.10;;;;;;;;;3.0;;;;;;;;;;;;;;;;;;;;;;;;;;;;;;;;;;;;;;;;;;;;50.00;;;;;;;;;;;;;;;;;;;;;;;;;;;;;;;;;;;;;;37.00;51.00;36.00;9.00;;;;52.00;56.00;52.00;;;;;;;;;1561.00;940.00;-228.800;-291.300;;;;;;;;;;;;;635.600;-260.000;;;;;;;;;;73.00;69.00;72.00;;;;;;;;;46799;;;;;;;;;;;;;;413.300;;;;;;;;;;;;42.00;46.00;;;;;;;;;;;;;;0;0.00;0.00;;233.10;;3.00;1.20;-4.40;;3.60;3.40;;;;-1.70;;;;6.20;;;;1.00;6.10;2.30;9.30;1.20;5.90;3.00;9.70;1.10;-2.20;-1.70;0.10;17.00;;;;16.00;;;;32.00;;;;;;;;42.00;;;;;;;;;;;;52.00;;;;;;;;;;;;;;;;;;;;;;;;;;;;;;;;;;;;;;;;;;;;;;;;;;;;;;;;;;;;;;;;;;;;;;;;;;;;;;;;;;;;;;;;;;;;;;;;;;;;;;;;;;;;;;;;;;;;;;;;;;;;;;;;;;;;;;;;;;;;;;;;;;;;;;;;;;;;;;;;;;;;;;;;;;;;;;;;;;;;;;;;;;;;;;;;;;;;;;;;;;;;;;;;;;;;;;57.00;;;;;;;;;;;;;;;;;;;;;;;;;;;;;;;;;;;34.00;33.00;34.00;;;;;;;;;;;;;;46.00;43.00;52.00;;;;151.30;;;;;;;;;;;171.50;847.40;126.50;0.00;0.00;127.40;;;;;;;;;;;;;;;;;;;;;;408.10;2000.10;1;1;;;;;;;;;;;;;;;;;;;;;;;;1.50;0;0;0.00;0.00;;;;;91.00;90.00;91.00;;104.00;104.00;104.00;;93.00;92.00;93.00;;;;;;;;;;;;;0;6.00;8.70;4.00;11.30;14.90;9.00;414;834;174;240;241;1185.60;;;20073162;4.00;;;;;;30.00
1578831600000;2020-01-12T13:20:00.000+0100;;;;;;;;;0.80;-272.30;369.80;370.00;370.70;501.00;494.00;496.00;-1.90;;;;;-1.90;-1.90;;;;;;;;;3.0;;;;;;;;;;;;;;;;;;;;;;;;;;;;;;;;;;;;;;;;;;;;50.00;;;;;;;;;;;;;;;;;;;;;;;;;;;;;;;;;;;;;;37.00;51.00;36.00;9.00;;;;51.00;55.00;51.00;;;;;;;;;1544.90;1000.60;-218.800;-291.300;;;;;;;;;;;;;693.500;-270.000;;;;;;;;;;72.00;69.00;71.00;;;;;;;;;46799;;;;;;;;;;;;;;467.300;;;;;;;;;;;;42.00;46.00;;;;;;;;;;;;;;0;0.00;0.00;;245.00;;3.00;-0.80;-13.00;;3.30;1.90;;;;-3.80;;;;6.50;;;;1.00;6.50;1.60;9.70;1.20;6.30;3.00;9.30;1.20;-2.30;3.40;0.70;17.00;;;;16.00;;;;32.00;;;;;;;;42.00;;;;;;;;;;;;51.00;;;;;;;;;;;;;;;;;;;;;;;;;;;;;;;;;;;;;;;;;;;;;;;;;;;;;;;;;;;;;;;;;;;;;;;;;;;;;;;;;;;;;;;;;;;;;;;;;;;;;;;;;;;;;;;;;;;;;;;;;;;;;;;;;;;;;;;;;;;;;;;;;;;;;;;;;;;;;;;;;;;;;;;;;;;;;;;;;;;;;;;;;;;;;;;;;;;;;;;;;;;;;;;;;;;;;;57.00;;;;;;;;;;;;;;;;;;;;;;;;;;;;;;;;;;;34.00;34.00;34.00;;;;;;;;;;;;;;47.00;43.00;51.00;;;;138.20;;;;;;;;;;;162.50;791.40;146.20;18.00;0.00;145.60;;;;;;;;;;;;;;;;;;;;;;399.10;2000.10;1;1;;;;;;;;;;;;;;;;;;;;;;;;1.20;0;0;0.00;0.00;;;;;90.00;90.00;91.00;;104.00;104.00;104.00;;92.00;92.00;93.00;;;;;;;;;;;;;0;6.40;8.60;3.90;11.90;14.90;9.50;473;782;164;236;235;1254.20;;;20073242;4.00;;;;;;31.00
1578832200000;2020-01-12T13:30:00.000+0100;;;;;;;;;0.90;-232.90;372.50;372.70;373.50;596.00;588.00;591.00;-2.00;;;;;-2.00;-2.00;;;;;;;;;3.0;;;;;;;;;;;;;;;;;;;;;;;;;;;;;;;;;;;;;;;;;;;;50.00;;;;;;;;;;;;;;;;;;;;;;;;;;;;;;;;;;;;;;37.00;51.00;36.00;9.00;;;;51.00;54.00;51.00;;;;;;;;;1537.40;1060.30;-199.100;-271.600;;;;;;;;;;;;;820.000;-250.000;;;;;;;;;;73.00;70.00;72.00;;;;;;;;;46799;;;;;;;;;;;;;;607.500;;;;;;;;;;;;42.00;46.00;;;;;;;;;;;;;;0;0.00;0.00;;233.70;;3.00;-0.30;-1.00;;0.80;3.00;;;;-3.50;;;;7.00;;;;0.80;7.10;3.60;9.90;1.10;6.80;3.10;9.40;1.00;-2.40;2.80;0.50;18.00;;;;16.00;;;;33.00;;;;;;;;43.00;;;;;;;;;;;;52.00;;;;;;;;;;;;;;;;;;;;;;;;;;;;;;;;;;;;;;;;;;;;;;;;;;;;;;;;;;;;;;;;;;;;;;;;;;;;;;;;;;;;;;;;;;;;;;;;;;;;;;;;;;;;;;;;;;;;;;;;;;;;;;;;;;;;;;;;;;;;;;;;;;;;;;;;;;;;;;;;;;;;;;;;;;;;;;;;;;;;;;;;;;;;;;;;;;;;;;;;;;;;;;;;;;;;;;58.00;;;;;;;;;;;;;;;;;;;;;;;;;;;;;;;;;;;34.00;34.00;34.00;;;;;;;;;;;;;;50.00;43.00;51.00;;;;109.50;;;;;;;;;;;187.50;908.30;136.00;18.00;0.00;137.70;;;;;;;;;;;;;;;;;;;;;;470.00;2000.10;1;1;;;;;;;;;;;;;;;;;;;;;;;;1.20;0;0;0.00;0.00;;;;;90.00;90.00;90.00;;104.00;104.00;104.00;;92.00;92.00;92.00;;;;;;;;;;;;;0;6.90;8.40;4.40;13.10;14.60;10.10;616;903;190;235;234;1368.50;;;20073344;5.00;;;;;;31.00
1578832800000;2020-01-12T13:40:00.000+0100;;;;;;;;;0.90;-258.10;372.10;372.20;373.10;711.00;704.00;706.00;-1.90;;;;;-1.90;-2.00;;;;;;;;;3.0;;;;;;;;;;;;;;;;;;;;;;;;;;;;;;;;;;;;;;;;;;;;50.00;;;;;;;;;;;;;;;;;;;;;;;;;;;;;;;;;;;;;;37.00;51.00;36.00;9.00;;;;51.00;54.00;51.00;;;;;;;;;1610.80;1126.80;-228.900;-291.100;;;;;;;;;;;;;948.700;-270.000;;;;;;;;;;75.00;71.00;73.00;;;;;;;;;46799;;;;;;;;;;;;;;727.200;;;;;;;;;;;;42.00;46.00;;;;;;;;;;;;;;0;0.00;0.00;;233.90;;3.00;1.50;-2.90;;1.10;4.10;;;;-1.90;;;;7.50;;;;0.90;7.40;3.90;11.00;1.20;7.10;3.00;10.00;1.10;-2.40;2.40;0.60;18.00;;;;16.00;;;;33.00;;;;;;;;43.00;;;;;;;;;;;;53.00;;;;;;;;;;;;;;;;;;;;;;;;;;;;;;;;;;;;;;;;;;;;;;;;;;;;;;;;;;;;;;;;;;;;;;;;;;;;;;;;;;;;;;;;;;;;;;;;;;;;;;;;;;;;;;;;;;;;;;;;;;;;;;;;;;;;;;;;;;;;;;;;;;;;;;;;;;;;;;;;;;;;;;;;;;;;;;;;;;;;;;;;;;;;;;;;;;;;;;;;;;;;;;;;;;;;;;59.00;;;;;;;;;;;;;;;;;;;;;;;;;;;;;;;;;;;34.00;34.00;34.00;;;;;;;;;;;;;;51.00;47.00;52.00;;;;107.10;;;;;;;;;;;311.40;1276.40;164.00;18.00;0.00;162.50;;;;;;;;;;;;;;;;;;;;;;596.00;1444.10;1;1;;;;;;;;;;;;;;;;;;;;;;;;0.90;0;0;0.00;0.00;;;;;90.00;90.00;90.00;;104.00;104.00;104.00;;92.00;92.00;92.00;;;;;;;;;;;;;0;7.20;9.30;4.70;13.40;15.50;10.70;743;1305;318;235;236;1409.10;;;20073468;5.00;;;;;;31.00
1578833400000;2020-01-12T13:50:00.000+0100;;;;;;;;;0.90;-270.40;371.10;371.20;372.20;668.00;661.00;664.00;-1.80;;;;;-1.80;-1.80;;;;;;;;;3.0;;;;;;;;;;;;;;;;;;;;;;;;;;;;;;;;;;;;;;;;;;;;50.00;;;;;;;;;;;;;;;;;;;;;;;;;;;;;;;;;;;;;;37.00;52.00;36.00;9.00;;;;51.00;55.00;51.00;;;;;;;;;1551.20;1127.40;-229.400;-330.900;;;;;;;;;;;;;892.900;-280.000;;;;;;;;;;76.00;72.00;74.00;;;;;;;;;46799;;;;;;;;;;;;;;670.000;;;;;;;;;;;;42.00;46.00;;;;;;;;;;;;;;0;0.00;0.00;;236.10;;3.00;0.60;-2.90;;0.80;3.80;;;;-2.70;;;;7.30;;;;0.90;7.20;3.80;10.40;1.20;7.00;4.10;10.40;1.10;-2.30;4.00;0.90;18.00;;;;16.00;;;;32.00;;;;;;;;43.00;;;;;;;;;;;;53.00;;;;;;;;;;;;;;;;;;;;;;;;;;;;;;;;;;;;;;;;;;;;;;;;;;;;;;;;;;;;;;;;;;;;;;;;;;;;;;;;;;;;;;;;;;;;;;;;;;;;;;;;;;;;;;;;;;;;;;;;;;;;;;;;;;;;;;;;;;;;;;;;;;;;;;;;;;;;;;;;;;;;;;;;;;;;;;;;;;;;;;;;;;;;;;;;;;;;;;;;;;;;;;;;;;;;;;59.00;;;;;;;;;;;;;;;;;;;;;;;;;;;;;;;;;;;34.00;34.00;34.00;;;;;;;;;;;;;;51.00;45.00;52.00;;;;106.80;;;;;;;;;;;310.60;1327.00;206.10;18.00;0.00;210.00;;;;;;;;;;;;;;;;;;;;;;502.00;1499.90;1;1;;;;;;;;;;;;;;;;;;;;;;;;0.90;0;0;0.00;0.00;;;;;90.00;90.00;90.00;;104.00;104.00;104.00;;92.00;92.00;92.00;;;;;;;;;;;;;0;7.10;9.20;4.60;13.40;14.90;10.70;684;1313;335;235;235;1386.40;;;20073582;5.00;;;;;;31.00
1578834000000;2020-01-12T14:00:00.000+0100;;;;;;;;;0.80;-277.80;369.30;369.40;370.30;504.00;496.00;498.00;-2.10;;;;;-2.10;-2.10;;;;;;;;;3.0;;;;;;;;;;;;;;;;;;;;;;;;;;;;;;;;;;;;;;;;;;;;50.00;;;;;;;;;;;;;;;;;;;;;;;;;;;;;;;;;;;;;;37.00;51.00;36.00;9.00;;;;51.00;54.00;51.00;;;;;;;;;1584.90;921.50;-239.200;-321.100;;;;;;;;;;;;;671.200;-270.000;;;;;;;;;;74.00;70.00;73.00;;;;;;;;;46800;;;;;;;;;;;;;;468.400;;;;;;;;;;;;42.00;46.00;;;;;;;;;;;;;;0;0.00;0.00;;234.80;;3.00;0.40;0.40;;1.50;3.20;;;;-1.50;;;;6.40;;;;1.00;6.30;2.80;10.80;1.20;6.10;3.30;10.70;1.10;-2.30;0.10;0.20;18.00;;;;16.00;;;;32.00;;;;;;;;43.00;;;;;;;;;;;;52.00;;;;;;;;;;;;;;;;;;;;;;;;;;;;;;;;;;;;;;;;;;;;;;;;;;;;;;;;;;;;;;;;;;;;;;;;;;;;;;;;;;;;;;;;;;;;;;;;;;;;;;;;;;;;;;;;;;;;;;;;;;;;;;;;;;;;;;;;;;;;;;;;;;;;;;;;;;;;;;;;;;;;;;;;;;;;;;;;;;;;;;;;;;;;;;;;;;;;;;;;;;;;;;;;;;;;;;57.00;;;;;;;;;;;;;;;;;;;;;;;;;;;;;;;;;;;34.00;33.00;34.00;;;;;;;;;;;;;;48.00;43.00;51.00;;;;138.80;;;;;;;;;;;199.70;1175.10;164.60;18.00;0.00;165.30;;;;;;;;;;;;;;;;;;;;;;353.00;1997.10;1;1;;;;;;;;;;;;;;;;;;;;;;;;1.20;0;0;0.00;0.00;;;;;90.00;90.00;90.00;;104.00;104.00;104.00;;92.00;92.00;92.00;;;;;;;;;;;;;0;6.20;8.90;3.80;11.60;15.20;9.00;469;1166;200;235;235;1220.50;;;20073660;5.00;;;;;;31.00
1578834600000;2020-01-12T14:10:00.000+0100;;;;;;;;;0.90;-250.90;370.50;370.60;371.50;676.00;668.00;671.00;-2.00;;;;;-2.00;-2.00;;;;;;;;;3.0;;;;;;;;;;;;;;;;;;;;;;;;;;;;;;;;;;;;;;;;;;;;50.00;;;;;;;;;;;;;;;;;;;;;;;;;;;;;;;;;;;;;;37.00;51.00;36.00;9.00;;;;51.00;54.00;51.00;;;;;;;;;1578.30;1017.00;-229.300;-280.800;;;;;;;;;;;;;909.100;-250.000;;;;;;;;;;75.00;72.00;74.00;;;;;;;;;46800;;;;;;;;;;;;;;690.900;;;;;;;;;;;;42.00;46.00;;;;;;;;;;;;;;0;0.00;0.00;;232.40;;3.00;1.40;-4.80;;1.60;4.40;;;;-1.90;;;;7.20;;;;1.20;7.30;3.20;10.70;1.40;7.10;3.70;10.90;1.30;-2.40;2.10;0.60;18.00;;;;16.00;;;;32.00;;;;;;;;43.00;;;;;;;;;;;;52.00;;;;;;;;;;;;;;;;;;;;;;;;;;;;;;;;;;;;;;;;;;;;;;;;;;;;;;;;;;;;;;;;;;;;;;;;;;;;;;;;;;;;;;;;;;;;;;;;;;;;;;;;;;;;;;;;;;;;;;;;;;;;;;;;;;;;;;;;;;;;;;;;;;;;;;;;;;;;;;;;;;;;;;;;;;;;;;;;;;;;;;;;;;;;;;;;;;;;;;;;;;;;;;;;;;;;;;59.00;;;;;;;;;;;;;;;;;;;;;;;;;;;;;;;;;;;34.00;34.00;34.00;;;;;;;;;;;;;;50.00;43.00;52.00;;;;154.60;;;;;;;;;;;193.20;1469.40;281.00;18.00;0.00;281.90;;;;;;;;;;;;;;;;;;;;;;416.00;1999.10;1;1;;;;;;;;;;;;;;;;;;;;;;;;1.50;0;0;0.00;0.00;;;;;90.00;90.00;90.00;;104.00;104.00;104.00;;92.00;92.00;92.00;;;;;;;;;;;;;0;7.20;9.90;4.20;13.10;15.20;9.80;697;1482;194;231;232;1377.80;;;20073776;5.00;;;;;;31.00
1578835200000;2020-01-12T14:20:00.000+0100;;;;;;;;;0.90;-254.70;371.10;371.20;372.10;753.00;744.00;747.00;-1.80;;;;;-1.80;-1.80;;;;;;;;;3.0;;;;;;;;;;;;;;;;;;;;;;;;;;;;;;;;;;;;;;;;;;;;50.00;;;;;;;;;;;;;;;;;;;;;;;;;;;;;;;;;;;;;;37.00;51.00;36.00;9.00;;;;51.00;54.00;51.00;;;;;;;;;1568.50;1132.20;-218.400;-301.100;;;;;;;;;;;;;998.700;-230.000;;;;;;;;;;76.00;72.00;74.00;;;;;;;;;46800;;;;;;;;;;;;;;778.700;;;;;;;;;;;;42.00;46.00;;;;;;;;;;;;;;0;0.00;0.00;;232.20;;3.00;-0.90;-6.80;;2.10;2.20;;;;-3.80;;;;7.60;;;;1.10;7.60;2.80;10.60;1.30;7.30;3.70;10.70;1.30;-2.40;2.90;1.00;18.00;;;;16.00;;;;32.00;;;;;;;;43.00;;;;;;;;;;;;53.00;;;;;;;;;;;;;;;;;;;;;;;;;;;;;;;;;;;;;;;;;;;;;;;;;;;;;;;;;;;;;;;;;;;;;;;;;;;;;;;;;;;;;;;;;;;;;;;;;;;;;;;;;;;;;;;;;;;;;;;;;;;;;;;;;;;;;;;;;;;;;;;;;;;;;;;;;;;;;;;;;;;;;;;;;;;;;;;;;;;;;;;;;;;;;;;;;;;;;;;;;;;;;;;;;;;;;;59.00;;;;;;;;;;;;;;;;;;;;;;;;;;;;;;;;;;;34.00;34.00;34.00;;;;;;;;;;;;;;51.00;47.00;52.00;;;;118.50;;;;;;;;;;;310.10;1550.20;251.90;18.00;0.00;248.20;;;;;;;;;;;;;;;;;;;;;;560.10;1749.00;1;1;;;;;;;;;;;;;;;;;;;;;;;;1.20;0;0;0.00;0.00;;;;;90.00;90.00;90.00;;104.00;104.00;104.00;;92.00;92.00;92.00;;;;;;;;;;;;;0;7.40;9.90;4.60;13.70;15.20;10.70;789;1573;324;234;233;1420.80;;;20073908;5.00;;;;;;32.00
1578835800000;2020-01-12T14:30:00.000+0100;;;;;;;;;0.90;-257.30;369.90;370.00;370.90;629.00;621.00;622.00;-2.00;;;;;-2.00;-2.00;;;;;;;;;3.0;;;;;;;;;;;;;;;;;;;;;;;;;;;;;;;;;;;;;;;;;;;;50.00;;;;;;;;;;;;;;;;;;;;;;;;;;;;;;;;;;;;;;37.00;51.00;36.00;9.00;;;;51.00;55.00;52.00;;;;;;;;;1590.30;1092.20;-228.400;-311.300;;;;;;;;;;;;;843.300;-290.000;;;;;;;;;;76.00;72.00;75.00;;;;;;;;;46800;;;;;;;;;;;;;;628.900;;;;;;;;;;;;41.00;46.00;;;;;;;;;;;;;;0;0.00;0.00;;232.70;;3.00;-0.50;-4.10;;1.30;2.10;;;;-2.70;;;;7.10;;;;0.90;7.20;4.00;10.00;1.10;6.90;4.20;9.70;1.00;-2.40;1.70;0.50;18.00;;;;16.00;;;;33.00;;;;;;;;43.00;;;;;;;;;;;;53.00;;;;;;;;;;;;;;;;;;;;;;;;;;;;;;;;;;;;;;;;;;;;;;;;;;;;;;;;;;;;;;;;;;;;;;;;;;;;;;;;;;;;;;;;;;;;;;;;;;;;;;;;;;;;;;;;;;;;;;;;;;;;;;;;;;;;;;;;;;;;;;;;;;;;;;;;;;;;;;;;;;;;;;;;;;;;;;;;;;;;;;;;;;;;;;;;;;;;;;;;;;;;;;;;;;;;;;59.00;;;;;;;;;;;;;;;;;;;;;;;;;;;;;;;;;;;34.00;34.00;34.00;;;;;;;;;;;;;;50.00;44.00;52.00;;;;111.30;;;;;;;;;;;265.00;1224.30;175.70;18.00;0.00;176.00;;;;;;;;;;;;;;;;;;;;;;517.90;1421.10;1;1;;;;;;;;;;;;;;;;;;;;;;;;1.20;0;0;0.00;0.00;;;;;90.00;90.00;90.00;;104.00;103.00;104.00;;92.00;92.00;92.00;;;;;;;;;;;;;0;7.00;9.10;4.70;13.10;15.20;10.40;639;1218;271;235;234;1376.90;;;20074014;5.00;;;;;;32.00
1578836400000;2020-01-12T14:40:00.000+0100;;;;;;;;;0.90;-265.40;370.00;370.10;371.00;738.00;729.00;731.00;-2.00;;;;;-2.00;-2.00;;;;;;;;;3.0;;;;;;;;;;;;;;;;;;;;;;;;;;;;;;;;;;;;;;;;;;;;50.00;;;;;;;;;;;;;;;;;;;;;;;;;;;;;;;;;;;;;;37.00;51.00;36.00;9.00;;;;51.00;54.00;51.00;;;;;;;;;1570.30;1112.80;-238.900;-291.500;;;;;;;;;;;;;970.200;-280.000;;;;;;;;;;76.00;73.00;75.00;;;;;;;;;46800;;;;;;;;;;;;;;752.900;;;;;;;;;;;;41.00;45.00;;;;;;;;;;;;;;0;0.00;0.00;;232.70;;3.00;-0.40;-6.70;;1.20;2.20;;;;-3.80;;;;7.50;;;;1.20;7.50;2.80;11.40;1.40;7.30;3.50;11.80;1.30;-2.40;0.90;0.50;18.00;;;;16.00;;;;32.00;;;;;;;;42.00;;;;;;;;;;;;53.00;;;;;;;;;;;;;;;;;;;;;;;;;;;;;;;;;;;;;;;;;;;;;;;;;;;;;;;;;;;;;;;;;;;;;;;;;;;;;;;;;;;;;;;;;;;;;;;;;;;;;;;;;;;;;;;;;;;;;;;;;;;;;;;;;;;;;;;;;;;;;;;;;;;;;;;;;;;;;;;;;;;;;;;;;;;;;;;;;;;;;;;;;;;;;;;;;;;;;;;;;;;;;;;;;;;;;;59.00;;;;;;;;;;;;;;;;;;;;;;;;;;;;;;;;;;;34.00;34.00;34.00;;;;;;;;;;;;;;51.00;47.00;52.00;;;;113.40;;;;;;;;;;;343.90;1426.80;239.90;18.00;0.00;235.60;;;;;;;;;;;;;;;;;;;;;;551.90;1570.00;1;1;;;;;;;;;;;;;;;;;;;;;;;;1.20;0;0;0.00;0.00;;;;;90.00;90.00;90.00;;104.00;103.00;104.00;;92.00;92.00;92.00;;;;;;;;;;;;;0;7.40;10.00;4.00;13.40;15.20;10.70;765;1455;354;235;234;1411.50;;;20074142;5.00;;;;;;31.00
1578837000000;2020-01-12T14:50:00.000+0100;;;;;;;;;1.00;-264.60;370.60;370.70;371.60;863.00;853.00;857.00;-2.00;;;;;-2.00;-2.00;;;;;;;;;3.0;;;;;;;;;;;;;;;;;;;;;;;;;;;;;;;;;;;;;;;;;;;;50.00;;;;;;;;;;;;;;;;;;;;;;;;;;;;;;;;;;;;;;37.00;52.00;36.00;9.00;;;;51.00;55.00;52.00;;;;;;;;;1585.20;1027.40;-228.500;-291.100;;;;;;;;;;;;;1121.800;-290.000;;;;;;;;;;79.00;75.00;77.00;;;;;;;;;46800;;;;;;;;;;;;;;896.400;;;;;;;;;;;;41.00;45.00;;;;;;;;;;;;;;0;0.00;0.00;;233.40;;3.00;0.60;-7.20;;1.30;3.90;;;;-2.00;;;;7.90;;;;1.10;8.00;3.30;11.20;1.40;7.70;3.30;11.60;1.30;-2.40;2.60;0.80;18.00;;;;16.00;;;;33.00;;;;;;;;43.00;;;;;;;;;;;;54.00;;;;;;;;;;;;;;;;;;;;;;;;;;;;;;;;;;;;;;;;;;;;;;;;;;;;;;;;;;;;;;;;;;;;;;;;;;;;;;;;;;;;;;;;;;;;;;;;;;;;;;;;;;;;;;;;;;;;;;;;;;;;;;;;;;;;;;;;;;;;;;;;;;;;;;;;;;;;;;;;;;;;;;;;;;;;;;;;;;;;;;;;;;;;;;;;;;;;;;;;;;;;;;;;;;;;;;61.00;;;;;;;;;;;;;;;;;;;;;;;;;;;;;;;;;;;34.00;34.00;34.00;;;;;;;;;;;;;;52.00;45.00;52.00;;;;114.00;;;;;;;;;;;322.90;1366.10;226.40;18.00;0.00;231.90;;;;;;;;;;;;;;;;;;;;;;503.00;1500.90;1;1;;;;;;;;;;;;;;;;;;;;;;;;1.20;0;0;0.00;0.00;;;;;90.00;90.00;90.00;;104.00;103.00;104.00;;92.00;92.00;92.00;;;;;;;;;;;;;0;7.90;9.70;4.50;14.30;15.20;9.80;913;1385;333;232;233;1483.10;;;20074294;5.00;;;;;;29.00
1578837600000;2020-01-12T15:00:00.000+0100;;;;;;;;;0.80;-303.40;368.10;368.20;369.10;504.00;496.00;499.00;-2.00;;;;;-2.00;-2.00;;;;;;;;;3.0;;;;;;;;;;;;;;;;;;;;;;;;;;;;;;;;;;;;;;;;;;;;50.00;;;;;;;;;;;;;;;;;;;;;;;;;;;;;;;;;;;;;;37.00;51.00;36.00;9.00;;;;51.00;55.00;52.00;;;;;;;;;1534.50;941.80;-279.300;-331.300;;;;;;;;;;;;;677.900;-330.000;;;;;;;;;;76.00;72.00;74.00;;;;;;;;;46801;;;;;;;;;;;;;;446.900;;;;;;;;;;;;41.00;45.00;;;;;;;;;;;;;;0;0.00;0.00;;234.30;;3.00;-0.80;-2.80;;3.20;1.70;;;;-2.90;;;;6.40;;;;1.00;6.30;3.00;9.00;1.20;6.10;3.40;10.10;1.20;-2.30;1.10;0.30;19.00;;;;16.00;;;;32.00;;;;;;;;42.00;;;;;;;;;;;;52.00;;;;;;;;;;;;;;;;;;;;;;;;;;;;;;;;;;;;;;;;;;;;;;;;;;;;;;;;;;;;;;;;;;;;;;;;;;;;;;;;;;;;;;;;;;;;;;;;;;;;;;;;;;;;;;;;;;;;;;;;;;;;;;;;;;;;;;;;;;;;;;;;;;;;;;;;;;;;;;;;;;;;;;;;;;;;;;;;;;;;;;;;;;;;;;;;;;;;;;;;;;;;;;;;;;;;;;58.00;;;;;;;;;;;;;;;;;;;;;;;;;;;;;;;;;;;34.00;33.00;34.00;;;;;;;;;;;;;;48.00;43.00;52.00;;;;137.60;;;;;;;;;;;170.60;961.90;145.50;18.00;0.00;148.80;;;;;;;;;;;;;;;;;;;;;;363.00;2000.10;1;1;;;;;;;;;;;;;;;;;;;;;;;;1.20;0;0;0.00;0.00;;;;;90.00;90.00;90.00;;104.00;103.00;104.00;;92.00;92.00;92.00;;;;;;;;;;;;;0;6.20;8.20;3.90;11.60;14.60;9.00;454;950;173;238;237;1220.80;;;20074370;5.00;;;;;;30.00
1578838200000;2020-01-12T15:10:00.000+0100;;;;;;;;;0.80;-312.80;367.70;367.90;368.80;512.00;504.00;506.00;-2.10;;;;;-2.10;-2.10;;;;;;;;;3.0;;;;;;;;;;;;;;;;;;;;;;;;;;;;;;;;;;;;;;;;;;;;50.00;;;;;;;;;;;;;;;;;;;;;;;;;;;;;;;;;;;;;;37.00;51.00;36.00;10.00;;;;51.00;54.00;51.00;;;;;;;;;1464.60;1056.10;-289.000;-340.700;;;;;;;;;;;;;658.700;-310.000;;;;;;;;;;74.00;71.00;73.00;;;;;;;;;46801;;;;;;;;;;;;;;457.700;;;;;;;;;;;;41.00;45.00;;;;;;;;;;;;;;0;0.00;0.00;;242.00;;3.00;-2.80;-10.20;;2.30;-0.30;;;;-5.00;;;;6.40;;;;0.70;6.60;3.40;9.10;0.90;6.40;3.60;8.70;0.90;-2.30;-0.50;0.10;19.00;;;;16.00;;;;32.00;;;;;;;;42.00;;;;;;;;;;;;52.00;;;;;;;;;;;;;;;;;;;;;;;;;;;;;;;;;;;;;;;;;;;;;;;;;;;;;;;;;;;;;;;;;;;;;;;;;;;;;;;;;;;;;;;;;;;;;;;;;;;;;;;;;;;;;;;;;;;;;;;;;;;;;;;;;;;;;;;;;;;;;;;;;;;;;;;;;;;;;;;;;;;;;;;;;;;;;;;;;;;;;;;;;;;;;;;;;;;;;;;;;;;;;;;;;;;;;;58.00;;;;;;;;;;;;;;;;;;;;;;;;;;;;;;;;;;;34.00;34.00;34.00;;;;;;;;;;;;;;49.00;43.00;51.00;;;;93.40;;;;;;;;;;;188.20;863.40;103.50;18.00;0.00;106.10;;;;;;;;;;;;;;;;;;;;;;446.00;982.00;1;1;;;;;;;;;;;;;;;;;;;;;;;;0.90;0;0;0.00;0.00;;;;;90.00;90.00;90.00;;103.00;103.00;104.00;;92.00;92.00;92.00;;;;;;;;;;;;;0;6.50;8.00;4.70;12.20;14.00;10.10;460;848;198;235;232;1276.30;;;20074446;5.00;;;;;;31.00
1578838800000;2020-01-12T15:20:00.000+0100;;;;;;;;;0.90;-301.20;367.60;367.70;368.70;691.00;682.00;685.00;-1.90;;;;;-1.90;-1.90;;;;;;;;;3.0;;;;;;;;;;;;;;;;;;;;;;;;;;;;;;;;;;;;;;;;;;;;50.00;;;;;;;;;;;;;;;;;;;;;;;;;;;;;;;;;;;;;;37.00;51.00;36.00;10.00;;;;50.00;54.00;51.00;;;;;;;;;1557.70;1021.20;-289.000;-320.800;;;;;;;;;;;;;901.600;-310.000;;;;;;;;;;75.00;71.00;73.00;;;;;;;;;46801;;;;;;;;;;;;;;687.100;;;;;;;;;;;;41.00;45.00;;;;;;;;;;;;;;0;0.00;0.00;;231.40;;3.00;-1.40;-6.60;;1.50;1.80;;;;-5.20;;;;7.30;;;;1.00;7.50;3.80;10.80;1.20;7.20;3.60;10.60;1.10;-2.30;3.50;0.80;19.00;;;;16.00;;;;33.00;;;;;;;;43.00;;;;;;;;;;;;52.00;;;;;;;;;;;;;;;;;;;;;;;;;;;;;;;;;;;;;;;;;;;;;;;;;;;;;;;;;;;;;;;;;;;;;;;;;;;;;;;;;;;;;;;;;;;;;;;;;;;;;;;;;;;;;;;;;;;;;;;;;;;;;;;;;;;;;;;;;;;;;;;;;;;;;;;;;;;;;;;;;;;;;;;;;;;;;;;;;;;;;;;;;;;;;;;;;;;;;;;;;;;;;;;;;;;;;;58.00;;;;;;;;;;;;;;;;;;;;;;;;;;;;;;;;;;;34.00;34.00;34.00;;;;;;;;;;;;;;50.00;44.00;52.00;;;;115.20;;;;;;;;;;;297.90;1534.80;242.80;18.00;0.00;238.80;;;;;;;;;;;;;;;;;;;;;;517.90;1733.10;1;1;;;;;;;;;;;;;;;;;;;;;;;;1.20;0;0;0.00;0.00;;;;;90.00;90.00;90.00;;103.00;103.00;103.00;;92.00;92.00;92.00;;;;;;;;;;;;;0;7.30;9.80;4.50;13.70;14.90;9.80;690;1548;300;233;231;1417.20;;;20074562;5.00;;;;;;30.00
1578839400000;2020-01-12T15:30:00.000+0100;;;;;;;;;0.90;-268.00;368.20;368.30;369.20;790.00;781.00;783.00;-2.00;;;;;-2.00;-2.00;;;;;;;;;3.0;;;;;;;;;;;;;;;;;;;;;;;;;;;;;;;;;;;;;;;;;;;;50.00;;;;;;;;;;;;;;;;;;;;;;;;;;;;;;;;;;;;;;37.00;52.00;36.00;10.00;;;;51.00;54.00;51.00;;;;;;;;;1601.90;1297.20;-228.500;-310.800;;;;;;;;;;;;;1025.000;-280.000;;;;;;;;;;77.00;73.00;75.00;;;;;;;;;46801;;;;;;;;;;;;;;811.400;;;;;;;;;;;;41.00;45.00;;;;;;;;;;;;;;0;0.00;0.00;;232.40;;3.00;-1.40;-1.90;;0.70;2.10;;;;-4.30;;;;7.70;;;;0.80;7.80;4.30;10.60;1.00;7.50;4.80;11.00;1.00;-2.40;2.50;0.60;19.00;;;;16.00;;;;32.00;;;;;;;;43.00;;;;;;;;;;;;53.00;;;;;;;;;;;;;;;;;;;;;;;;;;;;;;;;;;;;;;;;;;;;;;;;;;;;;;;;;;;;;;;;;;;;;;;;;;;;;;;;;;;;;;;;;;;;;;;;;;;;;;;;;;;;;;;;;;;;;;;;;;;;;;;;;;;;;;;;;;;;;;;;;;;;;;;;;;;;;;;;;;;;;;;;;;;;;;;;;;;;;;;;;;;;;;;;;;;;;;;;;;;;;;;;;;;;;;60.00;;;;;;;;;;;;;;;;;;;;;;;;;;;;;;;;;;;34.00;34.00;34.00;;;;;;;;;;;;;;52.00;51.00;52.00;;;;70.10;;;;;;;;;;;427.40;1374.30;216.40;18.00;0.00;220.40;;;;;;;;;;;;;;;;;;;;;;675.10;1571.10;1;1;;;;;;;;;;;;;;;;;;;;;;;;0.60;0;0;0.00;0.00;;;;;90.00;90.00;90.00;;103.00;103.00;103.00;;92.00;92.00;92.00;;;;;;;;;;;;;0;7.70;9.40;5.50;14.30;15.50;12.50;822;1403;434;232;231;1479.50;;;20074698;4.00;;;;;;31.00
1578840000000;2020-01-12T15:40:00.000+0100;;;;;;;;;1.00;-253.80;368.50;368.50;369.50;865.00;856.00;859.00;-2.00;;;;;-2.00;-2.00;;;;;;;;;3.0;;;;;;;;;;;;;;;;;;;;;;;;;;;;;;;;;;;;;;;;;;;;50.00;;;;;;;;;;;;;;;;;;;;;;;;;;;;;;;;;;;;;;37.00;52.00;36.00;10.00;;;;51.00;55.00;52.00;;;;;;;;;1577.40;1263.80;-228.900;-281.400;;;;;;;;;;;;;1122.600;-240.000;;;;;;;;;;79.00;75.00;77.00;;;;;;;;;46801;;;;;;;;;;;;;;913.700;;;;;;;;;;;;41.00;45.00;;;;;;;;;;;;;;0;0.00;0.00;;228.00;;3.00;-0.40;-1.40;;1.30;2.40;;;;-3.80;;;;8.00;;;;0.70;8.00;5.40;10.80;1.00;7.60;3.50;10.10;0.90;-2.40;2.50;0.70;19.00;;;;17.00;;;;33.00;;;;;;;;43.00;;;;;;;;;;;;54.00;;;;;;;;;;;;;;;;;;;;;;;;;;;;;;;;;;;;;;;;;;;;;;;;;;;;;;;;;;;;;;;;;;;;;;;;;;;;;;;;;;;;;;;;;;;;;;;;;;;;;;;;;;;;;;;;;;;;;;;;;;;;;;;;;;;;;;;;;;;;;;;;;;;;;;;;;;;;;;;;;;;;;;;;;;;;;;;;;;;;;;;;;;;;;;;;;;;;;;;;;;;;;;;;;;;;;;60.00;;;;;;;;;;;;;;;;;;;;;;;;;;;;;;;;;;;34.00;34.00;34.00;;;;;;;;;;;;;;52.00;51.00;52.00;;;;59.10;;;;;;;;;;;471.90;1530.60;221.90;18.00;0.00;218.40;;;;;;;;;;;;;;;;;;;;;;676.10;1748.00;1;1;;;;;;;;;;;;;;;;;;;;;;;;0.60;0;0;0.00;0.00;;;;;90.00;90.00;90.00;;103.00;103.00;103.00;;92.00;92.00;92.00;;;;;;;;;;;;;0;7.80;9.90;6.10;14.30;15.20;12.20;915;1528;484;227;227;1489.70;;;20074850;4.00;;;;;;30.00
1578840600000;2020-01-12T15:50:00.000+0100;;;;;;;;;1.00;-217.20;368.90;369.00;370.00;845.00;836.00;840.00;-2.00;;;;;-2.00;-2.00;;;;;;;;;3.0;;;;;;;;;;;;;;;;;;;;;;;;;;;;;;;;;;;;;;;;;;;;50.00;;;;;;;;;;;;;;;;;;;;;;;;;;;;;;;;;;;;;;37.00;52.00;36.00;9.00;;;;52.00;55.00;52.00;;;;;;;;;1575.90;1233.70;-199.200;-240.800;;;;;;;;;;;;;1113.100;-210.000;;;;;;;;;;79.00;76.00;78.00;;;;;;;;;46801;;;;;;;;;;;;;;894.300;;;;;;;;;;;;41.00;45.00;;;;;;;;;;;;;;0;0.00;0.00;;226.30;;3.00;-0.70;-5.80;;1.50;2.20;;;;-3.20;;;;8.00;;;;0.90;8.00;4.60;11.20;1.10;7.70;4.20;11.00;1.00;-2.40;3.60;0.70;19.00;;;;17.00;;;;33.00;;;;;;;;43.00;;;;;;;;;;;;54.00;;;;;;;;;;;;;;;;;;;;;;;;;;;;;;;;;;;;;;;;;;;;;;;;;;;;;;;;;;;;;;;;;;;;;;;;;;;;;;;;;;;;;;;;;;;;;;;;;;;;;;;;;;;;;;;;;;;;;;;;;;;;;;;;;;;;;;;;;;;;;;;;;;;;;;;;;;;;;;;;;;;;;;;;;;;;;;;;;;;;;;;;;;;;;;;;;;;;;;;;;;;;;;;;;;;;;;61.00;;;;;;;;;;;;;;;;;;;;;;;;;;;;;;;;;;;34.00;34.00;34.00;;;;;;;;;;;;;;52.00;51.00;52.00;;;;65.10;;;;;;;;;;;458.10;1530.40;220.70;18.00;0.00;218.70;;;;;;;;;;;;;;;;;;;;;;728.10;1749.00;1;1;;;;;;;;;;;;;;;;;;;;;;;;0.60;0;0;0.00;0.00;;;;;90.00;90.00;90.00;;103.00;103.00;103.00;;92.00;92.00;92.00;;;;;;;;;;;;;0;7.80;9.80;5.40;14.30;15.20;11.90;903;1501;456;226;225;1486.40;;;20075002;4.00;;;;;;29.00
1578841200000;2020-01-12T16:00:00.000+0100;;;;;;;;;1.00;-199.00;372.80;373.00;373.90;824.00;815.00;819.00;-2.00;;;;;-2.00;-2.00;;;;;;;;;3.0;;;;;;;;;;;;;;;;;;;;;;;;;;;;;;;;;;;;;;;;;;;;50.00;;;;;;;;;;;;;;;;;;;;;;;;;;;;;;;;;;;;;;37.00;52.00;36.00;9.00;;;;53.00;56.00;53.00;;;;;;;;;1584.60;1320.50;-169.000;-230.800;;;;;;;;;;;;;1100.300;-200.000;;;;;;;;;;80.00;76.00;78.00;;;;;;;;;46802;;;;;;;;;;;;;;885.000;;;;;;;;;;;;41.00;46.00;;;;;;;;;;;;;;0;0.00;0.00;;226.60;;3.00;-0.50;-3.60;;0.90;2.30;;;;-3.30;;;;7.90;;;;0.80;8.00;5.60;11.30;1.00;7.70;5.20;10.40;1.00;-2.40;1.30;0.70;19.00;;;;17.00;;;;32.00;;;;;;;;43.00;;;;;;;;;;;;54.00;;;;;;;;;;;;;;;;;;;;;;;;;;;;;;;;;;;;;;;;;;;;;;;;;;;;;;;;;;;;;;;;;;;;;;;;;;;;;;;;;;;;;;;;;;;;;;;;;;;;;;;;;;;;;;;;;;;;;;;;;;;;;;;;;;;;;;;;;;;;;;;;;;;;;;;;;;;;;;;;;;;;;;;;;;;;;;;;;;;;;;;;;;;;;;;;;;;;;;;;;;;;;;;;;;;;;;61.00;;;;;;;;;;;;;;;;;;;;;;;;;;;;;;;;;;;34.00;34.00;34.00;;;;;;;;;;;;;;53.00;52.00;53.00;;;;57.30;;;;;;;;;;;564.50;1326.80;174.10;18.00;0.00;179.40;;;;;;;;;;;;;;;;;;;;;;796.90;1525.00;1;1;;;;;;;;;;;;;;;;;;;;;;;;0.60;0;0;0.00;0.00;;;;;90.00;90.00;90.00;;103.00;103.00;103.00;;92.00;92.00;92.00;;;;;;;;;;;;;0;7.90;9.60;6.00;14.30;15.20;12.80;894;1349;567;227;227;1501.90;;;20075150;4.00;;;;;;29.00
1578841800000;2020-01-12T16:10:00.000+0100;;;;;;;;;1.00;-179.30;373.30;373.40;374.40;776.00;768.00;772.00;-1.80;;;;;-1.80;-1.80;;;;;;;;;3.0;;;;;;;;;;;;;;;;;;;;;;;;;;;;;;;;;;;;;;;;;;;;50.00;;;;;;;;;;;;;;;;;;;;;;;;;;;;;;;;;;;;;;37.00;52.00;36.00;9.00;;;;53.00;57.00;53.00;;;;;;;;;1601.30;1310.30;-139.000;-200.800;;;;;;;;;;;;;1056.000;-150.000;;;;;;;;;;80.00;76.00;78.00;;;;;;;;;46802;;;;;;;;;;;;;;834.900;;;;;;;;;;;;41.00;46.00;;;;;;;;;;;;;;0;0.00;0.00;;224.20;;3.00;-0.30;-0.50;;1.10;2.60;;;;-3.30;;;;7.80;;;;0.80;7.90;5.50;11.00;1.00;7.70;4.90;11.10;1.00;-2.40;3.10;0.90;19.00;;;;17.00;;;;33.00;;;;;;;;43.00;;;;;;;;;;;;54.00;;;;;;;;;;;;;;;;;;;;;;;;;;;;;;;;;;;;;;;;;;;;;;;;;;;;;;;;;;;;;;;;;;;;;;;;;;;;;;;;;;;;;;;;;;;;;;;;;;;;;;;;;;;;;;;;;;;;;;;;;;;;;;;;;;;;;;;;;;;;;;;;;;;;;;;;;;;;;;;;;;;;;;;;;;;;;;;;;;;;;;;;;;;;;;;;;;;;;;;;;;;;;;;;;;;;;;61.00;;;;;;;;;;;;;;;;;;;;;;;;;;;;;;;;;;;34.00;34.00;34.00;;;;;;;;;;;;;;53.00;52.00;53.00;;;;57.90;;;;;;;;;;;463.50;1450.60;192.60;18.00;0.00;194.00;;;;;;;;;;;;;;;;;;;;;;720.10;1647.10;1;1;;;;;;;;;;;;;;;;;;;;;;;;0.60;0;0;0.00;0.00;;;;;90.00;90.00;90.00;;104.00;103.00;104.00;;92.00;92.00;92.00;;;;;;;;;;;;;0;7.80;10.40;5.80;14.30;15.50;12.50;845;1469;473;226;226;1491.50;;;20075290;4.00;;;;;;30.00
1578842400000;2020-01-12T16:20:00.000+0100;;;;;;;;;1.00;-123.10;373.10;373.30;374.10;1112.00;1103.00;1106.00;-1.40;;;;;-1.40;-1.40;;;;;;;;;3.0;;;;;;;;;;;;;;;;;;;;;;;;;;;;;;;;;;;;;;;;;;;;50.00;;;;;;;;;;;;;;;;;;;;;;;;;;;;;;;;;;;;;;37.00;53.00;36.00;9.00;;;;54.00;58.00;54.00;;;;;;;;;1652.30;1455.40;-69.100;-151.300;;;;;;;;;;;;;1448.200;-70.000;;;;;;;;;;82.00;78.00;80.00;;;;;;;;;46802;;;;;;;;;;;;;;1225.300;;;;;;;;;;;;41.00;46.00;;;;;;;;;;;;;;0;0.00;0.00;;225.80;;3.00;0.70;-4.60;;1.20;3.90;;;;-1.80;;;;8.90;;;;1.00;8.90;5.00;12.90;1.30;8.60;5.50;14.10;1.20;-2.40;5.80;1.50;19.00;;;;16.00;;;;33.00;;;;;;;;43.00;;;;;;;;;;;;55.00;;;;;;;;;;;;;;;;;;;;;;;;;;;;;;;;;;;;;;;;;;;;;;;;;;;;;;;;;;;;;;;;;;;;;;;;;;;;;;;;;;;;;;;;;;;;;;;;;;;;;;;;;;;;;;;;;;;;;;;;;;;;;;;;;;;;;;;;;;;;;;;;;;;;;;;;;;;;;;;;;;;;;;;;;;;;;;;;;;;;;;;;;;;;;;;;;;;;;;;;;;;;;;;;;;;;;;62.00;;;;;;;;;;;;;;;;;;;;;;;;;;;;;;;;;;;34.00;34.00;34.00;;;;;;;;;;;;;;53.00;53.00;54.00;;;;29.80;;;;;;;;;;;607.70;2000.00;301.20;18.00;0.00;300.80;;;;;;;;;;;;;;;;;;;;;;849.90;2000.10;1;1;;;;;;;;;;;;;;;;;;;;;;;;0.30;0;0;0.00;0.00;;;;;90.00;90.00;90.00;;104.00;103.00;104.00;;92.00;92.00;92.00;;;;;;;;;;;;;0;8.80;11.60;6.30;14.90;15.80;14.00;1233;2063;596;230;230;1538.90;;;20075498;4.00;;;;;;31.00
1578843000000;2020-01-12T16:30:00.000+0100;;;;;;;;;1.00;-78.40;374.20;374.30;375.20;1246.00;1236.00;1240.00;-1.00;;;;;-1.00;-1.00;;;;;;;;;3.0;;;;;;;;;;;;;;;;;;;;;;;;;;;;;;;;;;;;;;;;;;;;50.00;;;;;;;;;;;;;;;;;;;;;;;;;;;;;;;;;;;;;;37.00;54.00;36.00;9.00;;;;57.00;60.00;57.00;;;;;;;;;1690.50;1464.90;-47.700;-112.400;;;;;;;;;;;;;1606.400;-50.000;;;;;;;;;;85.00;81.00;82.00;;;;;;;;;46802;;;;;;;;;;;;;;1378.400;;;;;;;;;;;;41.00;46.00;;;;;;;;;;;;;;0;0.00;0.00;;231.80;;3.00;0.80;-6.40;;1.60;3.50;;;;-2.10;;;;9.40;;;;1.10;9.20;4.70;14.50;1.30;9.00;4.40;13.20;1.30;-2.40;8.40;2.00;19.00;;;;16.00;;;;33.00;;;;;;;;43.00;;;;;;;;;;;;55.00;;;;;;;;;;;;;;;;;;;;;;;;;;;;;;;;;;;;;;;;;;;;;;;;;;;;;;;;;;;;;;;;;;;;;;;;;;;;;;;;;;;;;;;;;;;;;;;;;;;;;;;;;;;;;;;;;;;;;;;;;;;;;;;;;;;;;;;;;;;;;;;;;;;;;;;;;;;;;;;;;;;;;;;;;;;;;;;;;;;;;;;;;;;;;;;;;;;;;;;;;;;;;;;;;;;;;;62.00;;;;;;;;;;;;;;;;;;;;;;;;;;;;;;;;;;;34.00;34.00;34.00;;;;;;;;;;;;;;54.00;54.00;54.00;;;;29.80;;;;;;;;;;;738.30;2000.00;289.10;18.00;0.00;286.60;;;;;;;;;;;;;;;;;;;;;;1052.90;2000.10;1;1;;;;;;;;;;;;;;;;;;;;;;;;0.30;0;0;0.00;0.00;;;;;90.00;90.00;90.00;;104.00;104.00;104.00;;92.00;92.00;92.00;;;;;;;;;;;;;0;9.10;12.40;5.80;14.90;16.10;14.00;1392;2106;750;230;231;1544.00;;;20075728;4.00;;;;;;30.00
1578843600000;2020-01-12T16:40:00.000+0100;;;;;;;;;1.00;-92.40;374.20;374.20;375.10;1219.00;1209.00;1212.00;-0.90;;;;;-0.90;-0.90;;;;;;;;;3.0;;;;;;;;;;;;;;;;;;;;;;;;;;;;;;;;;;;;;;;;;;;;50.00;;;;;;;;;;;;;;;;;;;;;;;;;;;;;;;;;;;;;;37.00;55.00;36.00;9.00;;;;60.00;63.00;60.00;;;;;;;;;1662.80;1421.10;-48.800;-131.500;;;;;;;;;;;;;1574.100;-130.000;;;;;;;;;;87.00;83.00;84.00;;;;;;;;;46802;;;;;;;;;;;;;;1355.500;;;;;;;;;;;;41.00;46.00;;;;;;;;;;;;;;0;0.00;0.00;;238.30;;3.00;-0.80;-14.90;;1.90;2.50;;;;-4.30;;;;9.30;;;;1.20;9.40;5.00;14.00;1.40;9.20;5.80;12.70;1.40;-2.40;6.70;1.80;19.00;;;;16.00;;;;32.00;;;;;;;;43.00;;;;;;;;;;;;56.00;;;;;;;;;;;;;;;;;;;;;;;;;;;;;;;;;;;;;;;;;;;;;;;;;;;;;;;;;;;;;;;;;;;;;;;;;;;;;;;;;;;;;;;;;;;;;;;;;;;;;;;;;;;;;;;;;;;;;;;;;;;;;;;;;;;;;;;;;;;;;;;;;;;;;;;;;;;;;;;;;;;;;;;;;;;;;;;;;;;;;;;;;;;;;;;;;;;;;;;;;;;;;;;;;;;;;;63.00;;;;;;;;;;;;;;;;;;;;;;;;;;;;;;;;;;;34.00;34.00;34.00;;;;;;;;;;;;;;55.00;54.00;55.00;;;;32.80;;;;;;;;;;;732.00;2000.00;352.60;18.00;0.00;343.80;;;;;;;;;;;;;;;;;;;;;;944.10;2000.10;1;1;;;;;;;;;;;;;;;;;;;;;;;;0.30;0;0;0.00;0.00;;;;;90.00;90.00;90.00;;104.00;104.00;104.00;;92.00;92.00;93.00;;;;;;;;;;;;;0;9.30;12.40;6.70;14.90;16.10;13.70;1358;2043;747;231;230;1541.30;;;20075954;4.00;;;;;;29.00
1578844200000;2020-01-12T16:50:00.000+0100;;;;;;;;;1.00;-100.70;378.50;378.50;379.50;1206.00;1196.00;1200.00;-1.00;;;;;-1.00;-1.00;;;;;;;;;1.0;;;;;;;;;;;;;;;;;;;;;;;;;;;;;;;;;;;;;;;;;;;;50.00;;;;;;;;;;;;;;;;;;;;;;;;;;;;;;;;;;;;;;37.00;55.00;36.00;9.00;;;;61.00;65.00;61.00;;;;;;;;;1637.70;1468.80;-78.500;-130.500;;;;;;;;;;;;;1585.700;-100.000;;;;;;;;;;87.00;82.00;84.00;;;;;;;;;46802;;;;;;;;;;;;;;1356.900;;;;;;;;;;;;41.00;46.00;;;;;;;;;;;;;;0;0.00;0.00;;225.90;;3.00;0.80;-2.00;;1.50;3.50;;;;-2.40;;;;9.30;;;;1.00;9.20;4.70;13.40;1.30;8.90;5.80;13.60;1.20;-2.40;6.50;1.70;19.00;;;;16.00;;;;33.00;;;;;;;;43.00;;;;;;;;;;;;56.00;;;;;;;;;;;;;;;;;;;;;;;;;;;;;;;;;;;;;;;;;;;;;;;;;;;;;;;;;;;;;;;;;;;;;;;;;;;;;;;;;;;;;;;;;;;;;;;;;;;;;;;;;;;;;;;;;;;;;;;;;;;;;;;;;;;;;;;;;;;;;;;;;;;;;;;;;;;;;;;;;;;;;;;;;;;;;;;;;;;;;;;;;;;;;;;;;;;;;;;;;;;;;;;;;;;;;;63.00;;;;;;;;;;;;;;;;;;;;;;;;;;;;;;;;;;;34.00;34.00;34.00;;;;;;;;;;;;;;55.00;54.00;55.00;;;;26.90;;;;;;;;;;;597.00;2000.00;327.90;18.00;0.00;316.70;;;;;;;;;;;;;;;;;;;;;;937.00;2000.10;1;1;;;;;;;;;;;;;;;;;;;;;;;;0.30;0;0;0.00;1.00;;;;;90.00;90.00;91.00;;104.00;104.00;104.00;;93.00;92.00;93.00;;;;;;;;;;;;;0;9.10;11.80;6.60;14.90;15.80;14.00;1360;2009;610;231;232;1546.10;;;20076182;4.00;;;;;;29.00
1578844800000;2020-01-12T17:00:00.000+0100;;;;;;;;;1.00;-98.70;377.80;378.00;378.90;1187.00;1177.00;1181.00;-0.70;;;;;-0.70;-0.70;;;;;;;;;3.0;;;;;;;;;;;;;;;;;;;;;;;;;;;;;;;;;;;;;;;;;;;;50.00;;;;;;;;;;;;;;;;;;;;;;;;;;;;;;;;;;;;;;37.00;55.00;36.00;8.00;;;;63.00;67.00;63.00;;;;;;;;;1655.60;1411.50;-78.500;-120.600;;;;;;;;;;;;;1582.800;-80.000;;;;;;;;;;88.00;83.00;85.00;;;;;;;;;46803;;;;;;;;;;;;;;1336.400;;;;;;;;;;;;41.00;46.00;;;;;;;;;;;;;;0;0.00;0.00;;234.20;;3.00;-0.30;-1.90;;1.70;2.00;;;;-2.90;;;;9.30;;;;1.30;9.20;4.70;13.60;1.50;9.00;5.30;13.80;1.50;-2.40;6.40;2.00;19.00;;;;16.00;;;;32.00;;;;;;;;43.00;;;;;;;;;;;;56.00;;;;;;;;;;;;;;;;;;;;;;;;;;;;;;;;;;;;;;;;;;;;;;;;;;;;;;;;;;;;;;;;;;;;;;;;;;;;;;;;;;;;;;;;;;;;;;;;;;;;;;;;;;;;;;;;;;;;;;;;;;;;;;;;;;;;;;;;;;;;;;;;;;;;;;;;;;;;;;;;;;;;;;;;;;;;;;;;;;;;;;;;;;;;;;;;;;;;;;;;;;;;;;;;;;;;;;63.00;;;;;;;;;;;;;;;;;;;;;;;;;;;;;;;;;;;34.00;34.00;34.00;;;;;;;;;;;;;;55.00;55.00;55.00;;;;33.40;;;;;;;;;;;574.80;2000.00;345.70;18.00;0.00;335.20;;;;;;;;;;;;;;;;;;;;;;944.10;2000.10;1;1;;;;;;;;;;;;;;;;;;;;;;;;0.30;0;0;0.00;0.00;;;;;91.00;91.00;91.00;;104.00;104.00;104.00;;93.00;93.00;93.00;;;;;;;;;;;;;0;9.10;12.40;6.40;14.60;15.80;13.40;1337;2015;595;237;237;1535.30;;;20076404;4.00;;;;;;28.00
1578845400000;2020-01-12T17:10:00.000+0100;;;;;;;;;1.00;-81.70;376.80;377.00;378.00;1035.00;1026.00;1029.00;-1.30;;;;;-1.30;-1.30;;;;;;;;;3.0;;;;;;;;;;;;;;;;;;;;;;;;;;;;;;;;;;;;;;;;;;;;50.00;;;;;;;;;;;;;;;;;;;;;;;;;;;;;;;;;;;;;;37.00;55.00;36.00;8.00;;;;63.00;67.00;63.00;;;;;;;;;1651.10;1253.30;-59.500;-110.800;;;;;;;;;;;;;1405.200;-100.000;;;;;;;;;;87.00;82.00;84.00;;;;;;;;;46803;;;;;;;;;;;;;;1160.600;;;;;;;;;;;;41.00;47.00;;;;;;;;;;;;;;0;0.00;0.00;;239.40;;3.00;0.10;-6.40;;1.10;2.10;;;;-2.20;;;;8.80;;;;1.30;8.60;4.80;13.30;1.60;8.40;3.80;12.10;1.50;-2.40;7.10;1.80;19.00;;;;16.00;;;;33.00;;;;;;;;43.00;;;;;;;;;;;;56.00;;;;;;;;;;;;;;;;;;;;;;;;;;;;;;;;;;;;;;;;;;;;;;;;;;;;;;;;;;;;;;;;;;;;;;;;;;;;;;;;;;;;;;;;;;;;;;;;;;;;;;;;;;;;;;;;;;;;;;;;;;;;;;;;;;;;;;;;;;;;;;;;;;;;;;;;;;;;;;;;;;;;;;;;;;;;;;;;;;;;;;;;;;;;;;;;;;;;;;;;;;;;;;;;;;;;;;62.00;;;;;;;;;;;;;;;;;;;;;;;;;;;;;;;;;;;34.00;34.00;34.00;;;;;;;;;;;;;;55.00;47.00;55.00;;;;68.00;;;;;;;;;;;453.80;2000.00;305.30;18.00;0.00;286.80;;;;;;;;;;;;;;;;;;;;;;735.00;2000.10;1;1;;;;;;;;;;;;;;;;;;;;;;;;0.60;0;0;0.00;0.00;;;;;91.00;91.00;91.00;;104.00;104.00;105.00;;93.00;93.00;93.00;;;;;;;;;;;;;0;8.50;11.50;5.50;14.60;15.80;11.90;1162;1928;463;238;239;1510.00;;;20076598;4.00;;;;;;28.00
1578846000000;2020-01-12T17:20:00.000+0100;;;;;;;;;1.00;-89.70;376.40;376.60;377.60;1111.00;1102.00;1106.00;-1.10;;;;;-1.10;-1.10;;;;;;;;;3.0;;;;;;;;;;;;;;;;;;;;;;;;;;;;;;;;;;;;;;;;;;;;50.00;;;;;;;;;;;;;;;;;;;;;;;;;;;;;;;;;;;;;;37.00;55.00;36.00;8.00;;;;63.00;67.00;63.00;;;;;;;;;1639.50;1260.20;-68.500;-110.700;;;;;;;;;;;;;1489.200;-90.000;;;;;;;;;;86.00;82.00;84.00;;;;;;;;;46803;;;;;;;;;;;;;;1249.500;;;;;;;;;;;;41.00;47.00;;;;;;;;;;;;;;0;0.00;0.00;;237.70;;3.00;1.30;-10.60;;1.90;4.00;;;;-1.60;;;;9.00;;;;1.30;8.80;3.30;12.20;1.60;8.60;4.20;12.60;1.50;-2.40;6.70;1.70;19.00;;;;16.00;;;;32.00;;;;;;;;43.00;;;;;;;;;;;;56.00;;;;;;;;;;;;;;;;;;;;;;;;;;;;;;;;;;;;;;;;;;;;;;;;;;;;;;;;;;;;;;;;;;;;;;;;;;;;;;;;;;;;;;;;;;;;;;;;;;;;;;;;;;;;;;;;;;;;;;;;;;;;;;;;;;;;;;;;;;;;;;;;;;;;;;;;;;;;;;;;;;;;;;;;;;;;;;;;;;;;;;;;;;;;;;;;;;;;;;;;;;;;;;;;;;;;;;62.00;;;;;;;;;;;;;;;;;;;;;;;;;;;;;;;;;;;34.00;34.00;34.00;;;;;;;;;;;;;;55.00;50.00;55.00;;;;57.60;;;;;;;;;;;583.20;2000.00;327.10;18.00;0.00;306.80;;;;;;;;;;;;;;;;;;;;;;862.00;2000.10;1;1;;;;;;;;;;;;;;;;;;;;;;;;0.60;0;0;0.00;0.00;;;;;91.00;91.00;91.00;;105.00;104.00;105.00;;93.00;93.00;93.00;;;;;;;;;;;;;0;8.70;11.60;5.30;14.60;15.80;12.20;1247;2014;596;236;237;1521.00;;;20076808;4.00;;;;;;28.00
1578846600000;2020-01-12T17:30:00.000+0100;;;;;;;;;1.00;-90.00;377.70;377.90;378.80;959.00;950.00;953.00;-1.50;;;;;-1.50;-1.50;;;;;;;;;3.0;;;;;;;;;;;;;;;;;;;;;;;;;;;;;;;;;;;;;;;;;;;;50.00;;;;;;;;;;;;;;;;;;;;;;;;;;;;;;;;;;;;;;37.00;55.00;36.00;8.00;;;;63.00;67.00;63.00;;;;;;;;;1647.60;1225.90;-49.000;-120.700;;;;;;;;;;;;;1310.700;-80.000;;;;;;;;;;86.00;81.00;83.00;;;;;;;;;46803;;;;;;;;;;;;;;1065.200;;;;;;;;;;;;41.00;47.00;;;;;;;;;;;;;;0;0.00;0.00;;251.10;;3.00;-2.30;-11.40;;2.00;-0.10;;;;-4.20;;;;8.50;;;;1.20;8.30;4.80;12.60;1.50;8.10;4.80;11.80;1.30;-2.40;4.80;1.40;19.00;;;;16.00;;;;33.00;;;;;;;;43.00;;;;;;;;;;;;56.00;;;;;;;;;;;;;;;;;;;;;;;;;;;;;;;;;;;;;;;;;;;;;;;;;;;;;;;;;;;;;;;;;;;;;;;;;;;;;;;;;;;;;;;;;;;;;;;;;;;;;;;;;;;;;;;;;;;;;;;;;;;;;;;;;;;;;;;;;;;;;;;;;;;;;;;;;;;;;;;;;;;;;;;;;;;;;;;;;;;;;;;;;;;;;;;;;;;;;;;;;;;;;;;;;;;;;;62.00;;;;;;;;;;;;;;;;;;;;;;;;;;;;;;;;;;;34.00;34.00;34.00;;;;;;;;;;;;;;55.00;49.00;55.00;;;;70.10;;;;;;;;;;;467.50;1835.80;268.20;18.00;0.00;261.30;;;;;;;;;;;;;;;;;;;;;;837.10;2000.10;1;1;;;;;;;;;;;;;;;;;;;;;;;;0.60;0;0;0.00;1.00;;;;;91.00;91.00;92.00;;105.00;105.00;105.00;;93.00;93.00;94.00;;;;;;;;;;;;;0;8.20;11.50;5.80;14.30;15.80;11.60;1078;1846;482;241;239;1504.00;;;20076986;4.00;;;;;;28.00
1578847200000;2020-01-12T17:40:00.000+0100;;;;;;;;;1.00;-93.20;376.80;377.00;378.00;1005.00;997.00;1000.00;-1.10;;;;;-1.10;-1.10;;;;;;;;;3.0;;;;;;;;;;;;;;;;;;;;;;;;;;;;;;;;;;;;;;;;;;;;50.00;;;;;;;;;;;;;;;;;;;;;;;;;;;;;;;;;;;;;;37.00;55.00;36.00;8.00;;;;62.00;66.00;62.00;;;;;;;;;1657.40;1193.10;-58.900;-120.900;;;;;;;;;;;;;1375.000;-120.000;;;;;;;;;;85.00;81.00;83.00;;;;;;;;;46803;;;;;;;;;;;;;;1124.400;;;;;;;;;;;;41.00;47.00;;;;;;;;;;;;;;0;0.00;0.00;;239.20;;3.00;-0.90;-3.60;;1.30;1.50;;;;-3.80;;;;8.70;;;;1.30;8.50;3.00;12.50;1.60;8.20;4.10;12.50;1.50;-2.40;6.50;1.80;19.00;;;;15.00;;;;33.00;;;;;;;;43.00;;;;;;;;;;;;56.00;;;;;;;;;;;;;;;;;;;;;;;;;;;;;;;;;;;;;;;;;;;;;;;;;;;;;;;;;;;;;;;;;;;;;;;;;;;;;;;;;;;;;;;;;;;;;;;;;;;;;;;;;;;;;;;;;;;;;;;;;;;;;;;;;;;;;;;;;;;;;;;;;;;;;;;;;;;;;;;;;;;;;;;;;;;;;;;;;;;;;;;;;;;;;;;;;;;;;;;;;;;;;;;;;;;;;;62.00;;;;;;;;;;;;;;;;;;;;;;;;;;;;;;;;;;;34.00;34.00;34.00;;;;;;;;;;;;;;55.00;49.00;55.00;;;;69.80;;;;;;;;;;;461.20;2000.00;336.80;18.00;0.00;307.80;;;;;;;;;;;;;;;;;;;;;;860.90;2000.10;1;1;;;;;;;;;;;;;;;;;;;;;;;;0.60;0;0;0.00;0.00;;;;;91.00;91.00;92.00;;105.00;105.00;105.00;;94.00;93.00;94.00;;;;;;;;;;;;;0;8.30;11.70;5.10;14.30;15.80;11.30;1128;2000;471;238;237;1501.30;;;20077174;4.00;;;;;;28.00
1578847800000;2020-01-12T17:50:00.000+0100;;;;;;;;;1.00;-103.00;376.80;377.00;378.00;923.00;915.00;918.00;-1.50;;;;;-1.50;-1.50;;;;;;;;;3.0;;;;;;;;;;;;;;;;;;;;;;;;;;;;;;;;;;;;;;;;;;;;50.00;;;;;;;;;;;;;;;;;;;;;;;;;;;;;;;;;;;;;;37.00;55.00;36.00;8.00;;;;62.00;66.00;62.00;;;;;;;;;1605.20;1251.00;-79.000;-130.700;;;;;;;;;;;;;1264.400;-110.000;;;;;;;;;;84.00;80.00;82.00;;;;;;;;;46803;;;;;;;;;;;;;;1017.800;;;;;;;;;;;;41.00;47.00;;;;;;;;;;;;;;0;0.00;0.00;;234.00;;3.00;0.00;-5.50;;1.80;2.60;;;;-2.30;;;;8.40;;;;1.10;8.30;3.90;11.50;1.40;8.10;4.50;12.20;1.30;-2.40;5.50;1.40;19.00;;;;15.00;;;;33.00;;;;;;;;43.00;;;;;;;;;;;;55.00;;;;;;;;;;;;;;;;;;;;;;;;;;;;;;;;;;;;;;;;;;;;;;;;;;;;;;;;;;;;;;;;;;;;;;;;;;;;;;;;;;;;;;;;;;;;;;;;;;;;;;;;;;;;;;;;;;;;;;;;;;;;;;;;;;;;;;;;;;;;;;;;;;;;;;;;;;;;;;;;;;;;;;;;;;;;;;;;;;;;;;;;;;;;;;;;;;;;;;;;;;;;;;;;;;;;;;62.00;;;;;;;;;;;;;;;;;;;;;;;;;;;;;;;;;;;34.00;34.00;34.00;;;;;;;;;;;;;;54.00;51.00;55.00;;;;60.00;;;;;;;;;;;492.70;1649.50;226.40;18.00;0.00;213.70;;;;;;;;;;;;;;;;;;;;;;835.10;1847.00;1;1;;;;;;;;;;;;;;;;;;;;;;;;0.60;0;0;0.00;0.00;;;;;92.00;91.00;92.00;;105.00;105.00;105.00;;94.00;93.00;94.00;;;;;;;;;;;;;0;8.20;10.30;5.60;14.30;15.50;11.90;1033;1664;512;238;238;1500.70;;;20077346;4.00;;;;;;28.00
1578848400000;2020-01-12T18:00:00.000+0100;;;;;;;;;1.00;-101.30;377.20;377.40;378.40;1076.00;1067.00;1071.00;-0.80;;;;;-0.80;-0.80;;;;;;;;;3.0;;;;;;;;;;;;;;;;;;;;;;;;;;;;;;;;;;;;;;;;;;;;50.00;;;;;;;;;;;;;;;;;;;;;;;;;;;;;;;;;;;;;;37.00;55.00;36.00;8.00;;;;61.00;65.00;61.00;;;;;;;;;1657.70;1251.90;-79.000;-120.800;;;;;;;;;;;;;1476.600;-100.000;;;;;;;;;;85.00;81.00;83.00;;;;;;;;;46804;;;;;;;;;;;;;;1217.200;;;;;;;;;;;;41.00;47.00;;;;;;;;;;;;;;0;0.00;0.00;;235.10;;3.00;-0.40;-1.30;;1.30;1.90;;;;-3.00;;;;8.90;;;;1.20;8.80;4.70;13.10;1.50;8.50;4.60;13.60;1.40;-2.40;6.30;2.00;19.00;;;;15.00;;;;32.00;;;;;;;;43.00;;;;;;;;;;;;56.00;;;;;;;;;;;;;;;;;;;;;;;;;;;;;;;;;;;;;;;;;;;;;;;;;;;;;;;;;;;;;;;;;;;;;;;;;;;;;;;;;;;;;;;;;;;;;;;;;;;;;;;;;;;;;;;;;;;;;;;;;;;;;;;;;;;;;;;;;;;;;;;;;;;;;;;;;;;;;;;;;;;;;;;;;;;;;;;;;;;;;;;;;;;;;;;;;;;;;;;;;;;;;;;;;;;;;;62.00;;;;;;;;;;;;;;;;;;;;;;;;;;;;;;;;;;;34.00;34.00;34.00;;;;;;;;;;;;;;55.00;52.00;55.00;;;;48.90;;;;;;;;;;;530.10;2000.00;328.40;18.00;0.00;292.40;;;;;;;;;;;;;;;;;;;;;;879.10;2000.10;1;1;;;;;;;;;;;;;;;;;;;;;;;;0.60;0;0;0.00;1.00;;;;;92.00;91.00;92.00;;105.00;105.00;105.00;;94.00;94.00;94.00;;;;;;;;;;;;;0;8.70;11.50;5.80;14.60;15.80;11.90;1208;1998;535;237;236;1524.60;;;20077548;4.00;;;;;;28.00
1578849000000;2020-01-12T18:10:00.000+0100;;;;;;;;;1.00;-126.70;377.10;377.20;378.20;895.00;886.00;888.00;-1.70;;;;;-1.70;-1.70;;;;;;;;;3.0;;;;;;;;;;;;;;;;;;;;;;;;;;;;;;;;;;;;;;;;;;;;50.00;;;;;;;;;;;;;;;;;;;;;;;;;;;;;;;;;;;;;;37.00;55.00;36.00;8.00;;;;62.00;65.00;62.00;;;;;;;;;1635.60;1124.40;-88.900;-160.800;;;;;;;;;;;;;1224.400;-150.000;;;;;;;;;;84.00;80.00;82.00;;;;;;;;;46804;;;;;;;;;;;;;;984.100;;;;;;;;;;;;41.00;47.00;;;;;;;;;;;;;;0;0.00;0.00;;237.30;;3.00;0.10;-4.50;;1.10;2.20;;;;-2.70;;;;8.20;;;;1.20;8.20;3.50;11.90;1.40;7.90;4.00;11.70;1.40;-2.40;4.30;1.20;19.00;;;;15.00;;;;33.00;;;;;;;;43.00;;;;;;;;;;;;56.00;;;;;;;;;;;;;;;;;;;;;;;;;;;;;;;;;;;;;;;;;;;;;;;;;;;;;;;;;;;;;;;;;;;;;;;;;;;;;;;;;;;;;;;;;;;;;;;;;;;;;;;;;;;;;;;;;;;;;;;;;;;;;;;;;;;;;;;;;;;;;;;;;;;;;;;;;;;;;;;;;;;;;;;;;;;;;;;;;;;;;;;;;;;;;;;;;;;;;;;;;;;;;;;;;;;;;;62.00;;;;;;;;;;;;;;;;;;;;;;;;;;;;;;;;;;;34.00;34.00;34.00;;;;;;;;;;;;;;54.00;47.00;55.00;;;;98.50;;;;;;;;;;;336.80;1862.30;320.40;18.00;0.00;310.00;;;;;;;;;;;;;;;;;;;;;;640.00;2000.10;1;1;;;;;;;;;;;;;;;;;;;;;;;;0.90;0;0;0.00;0.00;;;;;92.00;91.00;92.00;;105.00;105.00;105.00;;94.00;94.00;94.00;;;;;;;;;;;;;0;8.00;10.70;5.00;14.30;15.80;10.70;998;1855;350;237;237;1479.80;;;20077714;4.00;;;;;;28.00
1578849600000;2020-01-12T18:20:00.000+0100;;;;;;;;;1.00;-164.40;376.30;376.60;377.50;684.00;676.00;679.00;-1.80;;;;;-1.80;-1.80;;;;;;;;;3.0;;;;;;;;;;;;;;;;;;;;;;;;;;;;;;;;;;;;;;;;;;;;50.00;;;;;;;;;;;;;;;;;;;;;;;;;;;;;;;;;;;;;;37.00;54.00;36.00;8.00;;;;60.00;64.00;60.00;;;;;;;;;1608.80;1032.50;-128.700;-210.900;;;;;;;;;;;;;957.200;-170.000;;;;;;;;;;82.00;77.00;80.00;;;;;;;;;46804;;;;;;;;;;;;;;737.500;;;;;;;;;;;;41.00;47.00;;;;;;;;;;;;;;0;0.00;0.00;;236.30;;3.00;1.40;-11.00;;2.50;3.80;;;;-1.00;;;;7.50;;;;1.20;7.30;3.80;11.80;1.40;7.10;3.50;10.70;1.30;-2.40;2.90;0.80;19.00;;;;15.00;;;;32.00;;;;;;;;43.00;;;;;;;;;;;;55.00;;;;;;;;;;;;;;;;;;;;;;;;;;;;;;;;;;;;;;;;;;;;;;;;;;;;;;;;;;;;;;;;;;;;;;;;;;;;;;;;;;;;;;;;;;;;;;;;;;;;;;;;;;;;;;;;;;;;;;;;;;;;;;;;;;;;;;;;;;;;;;;;;;;;;;;;;;;;;;;;;;;;;;;;;;;;;;;;;;;;;;;;;;;;;;;;;;;;;;;;;;;;;;;;;;;;;;61.00;;;;;;;;;;;;;;;;;;;;;;;;;;;;;;;;;;;34.00;33.00;34.00;;;;;;;;;;;;;;52.00;45.00;55.00;;;;127.70;;;;;;;;;;;304.30;1361.40;213.80;18.00;0.00;213.20;;;;;;;;;;;;;;;;;;;;;;555.00;1589.00;1;1;;;;;;;;;;;;;;;;;;;;;;;;1.20;0;0;0.00;1.00;;;;;92.00;91.00;92.00;;105.00;105.00;105.00;;94.00;94.00;94.00;;;;;;;;;;;;;0;7.20;10.20;4.40;13.40;15.50;9.80;748;1331;305;235;236;1388.20;;;20077840;3.00;;;;;;28.00
1578850200000;2020-01-12T18:30:00.000+0100;;;;;;;;;1.00;-148.40;377.20;377.30;378.40;827.00;820.00;823.00;-1.80;;;;;-1.80;-1.80;;;;;;;;;3.0;;;;;;;;;;;;;;;;;;;;;;;;;;;;;;;;;;;;;;;;;;;;50.00;;;;;;;;;;;;;;;;;;;;;;;;;;;;;;;;;;;;;;37.00;54.00;36.00;8.00;;;;59.00;62.00;59.00;;;;;;;;;1595.30;1264.10;-139.100;-170.500;;;;;;;;;;;;;1131.500;-140.000;;;;;;;;;;81.00;77.00;79.00;;;;;;;;;46804;;;;;;;;;;;;;;900.700;;;;;;;;;;;;41.00;47.00;;;;;;;;;;;;;;0;0.00;0.00;;236.90;;3.00;0.10;-6.20;;1.00;2.90;;;;-2.70;;;;8.00;;;;0.90;7.90;4.10;11.20;1.20;7.60;4.40;10.50;1.10;-2.40;2.90;0.90;19.00;;;;15.00;;;;33.00;;;;;;;;43.00;;;;;;;;;;;;55.00;;;;;;;;;;;;;;;;;;;;;;;;;;;;;;;;;;;;;;;;;;;;;;;;;;;;;;;;;;;;;;;;;;;;;;;;;;;;;;;;;;;;;;;;;;;;;;;;;;;;;;;;;;;;;;;;;;;;;;;;;;;;;;;;;;;;;;;;;;;;;;;;;;;;;;;;;;;;;;;;;;;;;;;;;;;;;;;;;;;;;;;;;;;;;;;;;;;;;;;;;;;;;;;;;;;;;;61.00;;;;;;;;;;;;;;;;;;;;;;;;;;;;;;;;;;;34.00;34.00;34.00;;;;;;;;;;;;;;54.00;51.00;54.00;;;;71.90;;;;;;;;;;;451.10;1283.80;168.90;18.00;0.00;164.40;;;;;;;;;;;;;;;;;;;;;;762.10;1422.10;1;1;;;;;;;;;;;;;;;;;;;;;;;;0.60;0;0;0.00;0.00;;;;;92.00;92.00;92.00;;105.00;105.00;105.00;;94.00;94.00;94.00;;;;;;;;;;;;;0;7.80;9.60;5.40;14.30;15.20;12.20;920;1281;469;235;235;1483.70;;;20077994;3.00;;;;;;28.00
1578850800000;2020-01-12T18:40:00.000+0100;;;;;;;;;1.00;-140.00;376.70;376.90;377.90;810.00;803.00;806.00;-1.70;;;;;-1.70;-1.70;;;;;;;;;3.0;;;;;;;;;;;;;;;;;;;;;;;;;;;;;;;;;;;;;;;;;;;;50.00;;;;;;;;;;;;;;;;;;;;;;;;;;;;;;;;;;;;;;37.00;54.00;36.00;8.00;;;;58.00;62.00;58.00;;;;;;;;;1614.10;1156.40;-119.400;-160.800;;;;;;;;;;;;;1111.600;-150.000;;;;;;;;;;81.00;77.00;79.00;;;;;;;;;46804;;;;;;;;;;;;;;880.900;;;;;;;;;;;;41.00;47.00;;;;;;;;;;;;;;0;0.00;0.00;;234.70;;3.00;-1.30;-5.10;;0.80;1.80;;;;-3.90;;;;7.90;;;;1.00;8.00;4.40;12.00;1.30;7.60;4.00;10.70;1.20;-2.40;4.40;1.10;19.00;;;;15.00;;;;32.00;;;;;;;;43.00;;;;;;;;;;;;55.00;;;;;;;;;;;;;;;;;;;;;;;;;;;;;;;;;;;;;;;;;;;;;;;;;;;;;;;;;;;;;;;;;;;;;;;;;;;;;;;;;;;;;;;;;;;;;;;;;;;;;;;;;;;;;;;;;;;;;;;;;;;;;;;;;;;;;;;;;;;;;;;;;;;;;;;;;;;;;;;;;;;;;;;;;;;;;;;;;;;;;;;;;;;;;;;;;;;;;;;;;;;;;;;;;;;;;;61.00;;;;;;;;;;;;;;;;;;;;;;;;;;;;;;;;;;;34.00;34.00;34.00;;;;;;;;;;;;;;54.00;47.00;54.00;;;;88.90;;;;;;;;;;;358.10;1428.20;231.60;18.00;0.00;230.70;;;;;;;;;;;;;;;;;;;;;;661.00;1624.10;1;1;;;;;;;;;;;;;;;;;;;;;;;;0.90;0;0;0.00;0.00;;;;;92.00;92.00;92.00;;105.00;105.00;105.00;;94.00;94.00;94.00;;;;;;;;;;;;;0;7.80;10.10;4.80;14.30;15.50;11.00;900;1453;373;235;234;1476.60;;;20078142;3.00;;;;;;29.00
1578851400000;2020-01-12T18:50:00.000+0100;;;;;;;;;1.00;-125.70;377.20;377.50;378.40;1061.00;1051.00;1055.00;-1.60;;;;;-1.60;-1.60;;;;;;;;;3.0;;;;;;;;;;;;;;;;;;;;;;;;;;;;;;;;;;;;;;;;;;;;50.00;;;;;;;;;;;;;;;;;;;;;;;;;;;;;;;;;;;;;;37.00;55.00;36.00;8.00;;;;58.00;62.00;58.00;;;;;;;;;1631.40;1340.80;-108.600;-150.300;;;;;;;;;;;;;1415.200;-120.000;;;;;;;;;;83.00;79.00;81.00;;;;;;;;;46804;;;;;;;;;;;;;;1176.800;;;;;;;;;;;;41.00;47.00;;;;;;;;;;;;;;0;0.00;0.00;;232.70;;3.00;0.50;-1.80;;1.20;3.30;;;;-3.10;;;;8.80;;;;0.90;8.80;4.70;12.10;1.20;8.40;4.90;11.70;1.10;-2.40;3.80;1.20;19.00;;;;15.00;;;;33.00;;;;;;;;43.00;;;;;;;;;;;;55.00;;;;;;;;;;;;;;;;;;;;;;;;;;;;;;;;;;;;;;;;;;;;;;;;;;;;;;;;;;;;;;;;;;;;;;;;;;;;;;;;;;;;;;;;;;;;;;;;;;;;;;;;;;;;;;;;;;;;;;;;;;;;;;;;;;;;;;;;;;;;;;;;;;;;;;;;;;;;;;;;;;;;;;;;;;;;;;;;;;;;;;;;;;;;;;;;;;;;;;;;;;;;;;;;;;;;;;62.00;;;;;;;;;;;;;;;;;;;;;;;;;;;;;;;;;;;34.00;34.00;34.00;;;;;;;;;;;;;;54.00;54.00;55.00;;;;40.60;;;;;;;;;;;532.50;1924.90;282.50;18.00;0.00;280.80;;;;;;;;;;;;;;;;;;;;;;863.00;2000.10;1;1;;;;;;;;;;;;;;;;;;;;;;;;0.30;0;0;0.00;0.00;;;;;92.00;92.00;92.00;;105.00;105.00;105.00;;94.00;94.00;94.00;;;;;;;;;;;;;0;8.60;10.90;5.90;14.60;15.50;12.80;1189;1948;553;233;234;1533.30;;;20078340;3.00;;;;;;29.00
1578852000000;2020-01-12T19:00:00.000+0100;;;;;;;;;1.00;-124.10;376.90;377.20;378.10;1011.00;1002.00;1005.00;-1.40;;;;;-1.40;-1.40;;;;;;;;;3.0;;;;;;;;;;;;;;;;;;;;;;;;;;;;;;;;;;;;;;;;;;;;50.00;;;;;;;;;;;;;;;;;;;;;;;;;;;;;;;;;;;;;;37.00;55.00;36.00;8.00;;;;59.00;63.00;59.00;;;;;;;;;1648.70;1397.80;-98.900;-140.900;;;;;;;;;;;;;1369.300;-130.000;;;;;;;;;;84.00;80.00;82.00;;;;;;;;;46805;;;;;;;;;;;;;;1127.500;;;;;;;;;;;;41.00;47.00;;;;;;;;;;;;;;0;0.00;0.00;;232.50;;3.00;0.10;-4.10;;0.60;3.80;;;;-3.30;;;;8.60;;;;0.90;8.80;4.90;12.50;1.20;8.40;5.40;11.60;1.10;-2.40;6.20;1.60;18.00;;;;15.00;;;;33.00;;;;;;;;43.00;;;;;;;;;;;;56.00;;;;;;;;;;;;;;;;;;;;;;;;;;;;;;;;;;;;;;;;;;;;;;;;;;;;;;;;;;;;;;;;;;;;;;;;;;;;;;;;;;;;;;;;;;;;;;;;;;;;;;;;;;;;;;;;;;;;;;;;;;;;;;;;;;;;;;;;;;;;;;;;;;;;;;;;;;;;;;;;;;;;;;;;;;;;;;;;;;;;;;;;;;;;;;;;;;;;;;;;;;;;;;;;;;;;;;62.00;;;;;;;;;;;;;;;;;;;;;;;;;;;;;;;;;;;34.00;34.00;34.00;;;;;;;;;;;;;;55.00;54.00;55.00;;;;34.30;;;;;;;;;;;514.90;1667.70;236.20;18.00;0.00;227.70;;;;;;;;;;;;;;;;;;;;;;794.10;1871.10;1;1;;;;;;;;;;;;;;;;;;;;;;;;0.30;0;0;0.00;0.00;;;;;92.00;92.00;92.00;;105.00;105.00;105.00;;94.00;94.00;94.00;;;;;;;;;;;;;0;8.60;10.80;6.00;14.60;15.80;13.40;1131;1644;535;234;234;1533.30;;;20078530;3.00;;;;;;29.00
1578852600000;2020-01-12T19:10:00.000+0100;;;;;;;;;1.00;-116.10;377.00;377.30;378.20;1117.00;1108.00;1112.00;-1.50;;;;;-1.50;-1.50;;;;;;;;;3.0;;;;;;;;;;;;;;;;;;;;;;;;;;;;;;;;;;;;;;;;;;;;50.00;;;;;;;;;;;;;;;;;;;;;;;;;;;;;;;;;;;;;;37.00;55.00;36.00;8.00;;;;60.00;64.00;60.00;;;;;;;;;1648.40;1409.70;-89.400;-131.300;;;;;;;;;;;;;1483.800;-100.000;;;;;;;;;;85.00;81.00;83.00;;;;;;;;;46805;;;;;;;;;;;;;;1242.900;;;;;;;;;;;;41.00;47.00;;;;;;;;;;;;;;0;0.00;0.00;;233.40;;3.00;0.30;-17.90;;2.90;2.80;;;;-2.20;;;;8.90;;;;1.00;9.10;4.80;12.50;1.30;8.70;4.60;11.70;1.20;-2.40;5.10;1.30;18.00;;;;15.00;;;;33.00;;;;;;;;43.00;;;;;;;;;;;;56.00;;;;;;;;;;;;;;;;;;;;;;;;;;;;;;;;;;;;;;;;;;;;;;;;;;;;;;;;;;;;;;;;;;;;;;;;;;;;;;;;;;;;;;;;;;;;;;;;;;;;;;;;;;;;;;;;;;;;;;;;;;;;;;;;;;;;;;;;;;;;;;;;;;;;;;;;;;;;;;;;;;;;;;;;;;;;;;;;;;;;;;;;;;;;;;;;;;;;;;;;;;;;;;;;;;;;;;62.00;;;;;;;;;;;;;;;;;;;;;;;;;;;;;;;;;;;34.00;34.00;34.00;;;;;;;;;;;;;;55.00;55.00;55.00;;;;33.10;;;;;;;;;;;710.80;1930.30;239.20;18.00;0.00;238.60;;;;;;;;;;;;;;;;;;;;;;944.90;2000.10;1;1;;;;;;;;;;;;;;;;;;;;;;;;0.30;0;0;0.00;0.00;;;;;92.00;92.00;92.00;;105.00;105.00;105.00;;94.00;94.00;94.00;;;;;;;;;;;;;0;8.90;11.10;6.40;14.90;15.80;13.40;1254;1960;724;233;234;1539.20;;;20078740;3.00;;;;;;29.00
1578853200000;2020-01-12T19:20:00.000+0100;;;;;;;;;1.00;-96.80;377.60;377.90;378.80;948.00;941.00;944.00;-1.50;;;;;-1.50;-1.50;;;;;;;;;3.0;;;;;;;;;;;;;;;;;;;;;;;;;;;;;;;;;;;;;;;;;;;;50.00;;;;;;;;;;;;;;;;;;;;;;;;;;;;;;;;;;;;;;37.00;55.00;36.00;8.00;;;;61.00;64.00;61.00;;;;;;;;;1635.00;1298.70;-79.200;-111.200;;;;;;;;;;;;;1291.800;-90.000;;;;;;;;;;85.00;80.00;82.00;;;;;;;;;46805;;;;;;;;;;;;;;1050.000;;;;;;;;;;;;41.00;47.00;;;;;;;;;;;;;;0;0.00;0.00;;234.60;;3.00;0.40;-0.20;;1.00;3.30;;;;-2.30;;;;8.40;;;;1.10;8.20;5.10;12.10;1.30;8.00;4.80;12.30;1.40;-2.40;5.70;1.30;18.00;;;;15.00;;;;32.00;;;;;;;;43.00;;;;;;;;;;;;56.00;;;;;;;;;;;;;;;;;;;;;;;;;;;;;;;;;;;;;;;;;;;;;;;;;;;;;;;;;;;;;;;;;;;;;;;;;;;;;;;;;;;;;;;;;;;;;;;;;;;;;;;;;;;;;;;;;;;;;;;;;;;;;;;;;;;;;;;;;;;;;;;;;;;;;;;;;;;;;;;;;;;;;;;;;;;;;;;;;;;;;;;;;;;;;;;;;;;;;;;;;;;;;;;;;;;;;;62.00;;;;;;;;;;;;;;;;;;;;;;;;;;;;;;;;;;;34.00;34.00;34.00;;;;;;;;;;;;;;55.00;53.00;55.00;;;;59.10;;;;;;;;;;;523.30;1831.00;268.00;18.00;0.00;261.70;;;;;;;;;;;;;;;;;;;;;;822.00;2000.10;1;1;;;;;;;;;;;;;;;;;;;;;;;;0.60;0;0;0.00;0.00;;;;;92.00;92.00;92.00;;105.00;105.00;106.00;;94.00;94.00;94.00;;;;;;;;;;;;;0;8.10;10.90;5.80;14.30;15.80;12.50;1066;1867;526;236;236;1496.90;;;20078916;4.00;;;;;;28.00
1578853800000;2020-01-12T19:30:00.000+0100;;;;;;;;;1.00;-82.00;376.90;377.20;378.10;1179.00;1169.00;1173.00;-1.30;;;;;-1.30;-1.30;;;;;;;;;3.0;;;;;;;;;;;;;;;;;;;;;;;;;;;;;;;;;;;;;;;;;;;;50.00;;;;;;;;;;;;;;;;;;;;;;;;;;;;;;;;;;;;;;37.00;55.00;36.00;8.00;;;;61.00;64.00;61.00;;;;;;;;;1647.90;1415.10;-50.000;-101.600;;;;;;;;;;;;;1563.100;-80.000;;;;;;;;;;86.00;81.00;83.00;;;;;;;;;46805;;;;;;;;;;;;;;1314.000;;;;;;;;;;;;41.00;47.00;;;;;;;;;;;;;;0;0.00;0.00;;236.10;;3.00;-1.70;-6.90;;0.70;0.70;;;;-4.60;;;;9.10;;;;1.00;9.30;5.50;13.00;1.20;9.00;5.60;11.80;1.20;-2.40;5.00;1.30;18.00;;;;15.00;;;;33.00;;;;;;;;43.00;;;;;;;;;;;;56.00;;;;;;;;;;;;;;;;;;;;;;;;;;;;;;;;;;;;;;;;;;;;;;;;;;;;;;;;;;;;;;;;;;;;;;;;;;;;;;;;;;;;;;;;;;;;;;;;;;;;;;;;;;;;;;;;;;;;;;;;;;;;;;;;;;;;;;;;;;;;;;;;;;;;;;;;;;;;;;;;;;;;;;;;;;;;;;;;;;;;;;;;;;;;;;;;;;;;;;;;;;;;;;;;;;;;;;62.00;;;;;;;;;;;;;;;;;;;;;;;;;;;;;;;;;;;34.00;34.00;34.00;;;;;;;;;;;;;;55.00;55.00;55.00;;;;30.10;;;;;;;;;;;681.50;1920.10;247.70;18.00;0.00;244.20;;;;;;;;;;;;;;;;;;;;;;1055.00;2000.10;1;1;;;;;;;;;;;;;;;;;;;;;;;;0.30;0;0;0.00;1.00;;;;;92.00;92.00;92.00;;105.00;105.00;106.00;;94.00;94.00;94.00;;;;;;;;;;;;;0;9.10;11.50;6.10;14.90;15.80;13.70;1326;1923;700;236;234;1544.00;;;20079138;4.00;;;;;;28.00
1578854400000;2020-01-12T19:40:00.000+0100;;;;;;;;;1.00;-94.90;376.70;377.00;378.00;1135.00;1126.00;1130.00;-1.20;;;;;-1.20;-1.20;;;;;;;;;3.0;;;;;;;;;;;;;;;;;;;;;;;;;;;;;;;;;;;;;;;;;;;;50.00;;;;;;;;;;;;;;;;;;;;;;;;;;;;;;;;;;;;;;37.00;56.00;36.00;8.00;;;;62.00;66.00;62.00;;;;;;;;;1642.20;1431.50;-78.400;-121.100;;;;;;;;;;;;;1515.300;-120.000;;;;;;;;;;86.00;82.00;84.00;;;;;;;;;46805;;;;;;;;;;;;;;1268.700;;;;;;;;;;;;41.00;47.00;;;;;;;;;;;;;;0;0.00;0.00;;233.20;;3.00;-0.70;-4.10;;0.80;2.10;;;;-3.30;;;;9.00;;;;1.00;9.20;5.20;13.10;1.30;8.90;4.50;12.30;1.30;-2.40;5.60;1.50;18.00;;;;15.00;;;;32.00;;;;;;;;43.00;;;;;;;;;;;;56.00;;;;;;;;;;;;;;;;;;;;;;;;;;;;;;;;;;;;;;;;;;;;;;;;;;;;;;;;;;;;;;;;;;;;;;;;;;;;;;;;;;;;;;;;;;;;;;;;;;;;;;;;;;;;;;;;;;;;;;;;;;;;;;;;;;;;;;;;;;;;;;;;;;;;;;;;;;;;;;;;;;;;;;;;;;;;;;;;;;;;;;;;;;;;;;;;;;;;;;;;;;;;;;;;;;;;;;63.00;;;;;;;;;;;;;;;;;;;;;;;;;;;;;;;;;;;34.00;34.00;34.00;;;;;;;;;;;;;;55.00;55.00;56.00;;;;26.90;;;;;;;;;;;698.60;2000.00;280.40;18.00;0.00;277.70;;;;;;;;;;;;;;;;;;;;;;994.00;2000.10;1;1;;;;;;;;;;;;;;;;;;;;;;;;0.30;0;0;0.00;0.00;;;;;92.00;92.00;92.00;;106.00;106.00;106.00;;94.00;94.00;95.00;;;;;;;;;;;;;0;9.00;11.80;6.10;14.90;15.80;13.70;1274;2030;710;235;234;1542.20;;;20079350;4.00;;;;;;28.00
1578855000000;2020-01-12T19:50:00.000+0100;;;;;;;;;1.00;-101.90;377.70;378.20;379.10;883.00;875.00;877.00;-1.80;;;;;-1.80;-1.80;;;;;;;;;3.0;;;;;;;;;;;;;;;;;;;;;;;;;;;;;;;;;;;;;;;;;;;;50.00;;;;;;;;;;;;;;;;;;;;;;;;;;;;;;;;;;;;;;37.00;55.00;36.00;8.00;;;;62.00;66.00;62.00;;;;;;;;;1565.80;1196.30;-69.400;-120.800;;;;;;;;;;;;;1210.600;-110.000;;;;;;;;;;85.00;81.00;83.00;;;;;;;;;46805;;;;;;;;;;;;;;977.200;;;;;;;;;;;;41.00;47.00;;;;;;;;;;;;;;0;0.00;0.00;;235.00;;3.00;0.10;-0.70;;1.10;2.70;;;;-2.40;;;;8.20;;;;1.10;7.90;3.50;11.70;1.40;7.60;4.70;11.60;1.20;-2.40;4.80;1.00;18.00;;;;15.00;;;;33.00;;;;;;;;43.00;;;;;;;;;;;;56.00;;;;;;;;;;;;;;;;;;;;;;;;;;;;;;;;;;;;;;;;;;;;;;;;;;;;;;;;;;;;;;;;;;;;;;;;;;;;;;;;;;;;;;;;;;;;;;;;;;;;;;;;;;;;;;;;;;;;;;;;;;;;;;;;;;;;;;;;;;;;;;;;;;;;;;;;;;;;;;;;;;;;;;;;;;;;;;;;;;;;;;;;;;;;;;;;;;;;;;;;;;;;;;;;;;;;;;62.00;;;;;;;;;;;;;;;;;;;;;;;;;;;;;;;;;;;34.00;34.00;34.00;;;;;;;;;;;;;;54.00;46.00;56.00;;;;83.60;;;;;;;;;;;514.80;1657.20;204.30;18.00;0.00;204.40;;;;;;;;;;;;;;;;;;;;;;715.00;1840.90;1;1;;;;;;;;;;;;;;;;;;;;;;;;0.90;0;0;0.00;0.00;;;;;92.00;92.00;93.00;;106.00;106.00;106.00;;94.00;94.00;95.00;;;;;;;;;;;;;0;7.80;10.20;5.10;14.00;14.90;11.60;991;1674;532;237;237;1472.70;;;20079516;4.00;;;;;;28.00
1578855600000;2020-01-12T20:00:00.000+0100;;;;;;;;;1.00;-103.40;378.30;378.70;379.50;894.00;886.00;889.00;-1.50;;;;;-1.50;-1.50;;;;;;;;;3.0;;;;;;;;;;;;;;;;;;;;;;;;;;;;;;;;;;;;;;;;;;;;50.00;;;;;;;;;;;;;;;;;;;;;;;;;;;;;;;;;;;;;;37.00;55.00;36.00;8.00;;;;61.00;65.00;61.00;;;;;;;;;1655.30;1156.70;-79.400;-120.700;;;;;;;;;;;;;1241.100;-120.000;;;;;;;;;;84.00;80.00;82.00;;;;;;;;;46806;;;;;;;;;;;;;;996.200;;;;;;;;;;;;41.00;47.00;;;;;;;;;;;;;;0;0.00;0.00;;237.20;;3.00;-0.70;-3.00;;2.50;2.40;;;;-3.40;;;;8.30;;;;1.20;8.10;4.40;12.90;1.40;7.80;4.40;12.80;1.40;-2.40;6.20;1.60;18.00;;;;15.00;;;;33.00;;;;;;;;43.00;;;;;;;;;;;;56.00;;;;;;;;;;;;;;;;;;;;;;;;;;;;;;;;;;;;;;;;;;;;;;;;;;;;;;;;;;;;;;;;;;;;;;;;;;;;;;;;;;;;;;;;;;;;;;;;;;;;;;;;;;;;;;;;;;;;;;;;;;;;;;;;;;;;;;;;;;;;;;;;;;;;;;;;;;;;;;;;;;;;;;;;;;;;;;;;;;;;;;;;;;;;;;;;;;;;;;;;;;;;;;;;;;;;;;62.00;;;;;;;;;;;;;;;;;;;;;;;;;;;;;;;;;;;34.00;34.00;34.00;;;;;;;;;;;;;;54.00;49.00;55.00;;;;83.90;;;;;;;;;;;511.50;1834.80;266.30;18.00;0.00;238.00;;;;;;;;;;;;;;;;;;;;;;713.00;2000.10;1;1;;;;;;;;;;;;;;;;;;;;;;;;0.90;0;0;0.00;0.00;;;;;92.00;92.00;93.00;;106.00;106.00;106.00;;94.00;94.00;95.00;;;;;;;;;;;;;0;8.00;11.40;5.20;14.30;15.80;11.00;1005;1714;541;239;238;1484.30;;;20079682;4.00;;;;;;28.00
1578856200000;2020-01-12T20:10:00.000+0100;;;;;;;;;1.00;-90.70;378.80;379.20;380.10;959.00;951.00;954.00;-1.30;;;;;-1.30;-1.30;;;;;;;;;3.0;;;;;;;;;;;;;;;;;;;;;;;;;;;;;;;;;;;;;;;;;;;;50.00;;;;;;;;;;;;;;;;;;;;;;;;;;;;;;;;;;;;;;37.00;55.00;36.00;8.00;;;;60.00;64.00;60.00;;;;;;;;;1645.50;1213.70;-58.400;-120.800;;;;;;;;;;;;;1315.800;-60.000;;;;;;;;;;83.00;79.00;81.00;;;;;;;;;46806;;;;;;;;;;;;;;1060.900;;;;;;;;;;;;41.00;47.00;;;;;;;;;;;;;;0;0.00;0.00;;232.90;;3.00;1.00;-4.40;;1.10;3.70;;;;-1.60;;;;8.50;;;;1.30;8.10;4.40;12.80;1.50;7.90;4.20;12.40;1.50;-2.40;4.60;1.50;18.00;;;;15.00;;;;33.00;;;;;;;;43.00;;;;;;;;;;;;55.00;;;;;;;;;;;;;;;;;;;;;;;;;;;;;;;;;;;;;;;;;;;;;;;;;;;;;;;;;;;;;;;;;;;;;;;;;;;;;;;;;;;;;;;;;;;;;;;;;;;;;;;;;;;;;;;;;;;;;;;;;;;;;;;;;;;;;;;;;;;;;;;;;;;;;;;;;;;;;;;;;;;;;;;;;;;;;;;;;;;;;;;;;;;;;;;;;;;;;;;;;;;;;;;;;;;;;;62.00;;;;;;;;;;;;;;;;;;;;;;;;;;;;;;;;;;;34.00;34.00;34.00;;;;;;;;;;;;;;54.00;50.00;55.00;;;;80.00;;;;;;;;;;;453.40;1875.70;318.90;18.00;0.00;308.50;;;;;;;;;;;;;;;;;;;;;;678.90;2000.10;1;1;;;;;;;;;;;;;;;;;;;;;;;;0.90;0;0;0.00;0.00;;;;;93.00;93.00;93.00;;106.00;106.00;106.00;;95.00;95.00;95.00;;;;;;;;;;;;;0;8.00;11.10;5.20;14.30;15.80;11.60;1081;1862;487;239;240;1477.50;;;20079862;4.00;;;;;;28.00
1578856800000;2020-01-12T20:20:00.000+0100;;;;;;;;;1.00;-67.60;380.30;380.70;381.50;966.00;958.00;961.00;-1.20;;;;;-1.20;-1.20;;;;;;;;;3.0;;;;;;;;;;;;;;;;;;;;;;;;;;;;;;;;;;;;;;;;;;;;50.00;;;;;;;;;;;;;;;;;;;;;;;;;;;;;;;;;;;;;;37.00;55.00;36.00;8.00;;;;60.00;64.00;61.00;;;;;;;;;1641.00;1173.40;-39.200;-90.800;;;;;;;;;;;;;1340.900;-40.000;;;;;;;;;;84.00;79.00;82.00;;;;;;;;;46806;;;;;;;;;;;;;;1085.900;;;;;;;;;;;;42.00;47.00;;;;;;;;;;;;;;0;0.00;0.00;;245.20;;3.00;0.80;-3.00;;1.20;3.00;;;;-1.60;;;;8.60;;;;1.20;8.00;4.60;12.30;1.50;7.90;4.10;12.40;1.40;-2.40;8.00;1.80;18.00;;;;15.00;;;;33.00;;;;;;;;43.00;;;;;;;;;;;;55.00;;;;;;;;;;;;;;;;;;;;;;;;;;;;;;;;;;;;;;;;;;;;;;;;;;;;;;;;;;;;;;;;;;;;;;;;;;;;;;;;;;;;;;;;;;;;;;;;;;;;;;;;;;;;;;;;;;;;;;;;;;;;;;;;;;;;;;;;;;;;;;;;;;;;;;;;;;;;;;;;;;;;;;;;;;;;;;;;;;;;;;;;;;;;;;;;;;;;;;;;;;;;;;;;;;;;;;62.00;;;;;;;;;;;;;;;;;;;;;;;;;;;;;;;;;;;34.00;34.00;34.00;;;;;;;;;;;;;;54.00;46.00;55.00;;;;101.20;;;;;;;;;;;387.80;2000.00;341.20;18.00;0.00;326.70;;;;;;;;;;;;;;;;;;;;;;735.00;2000.10;1;1;;;;;;;;;;;;;;;;;;;;;;;;0.90;0;0;0.00;0.00;;;;;93.00;92.00;93.00;;106.00;106.00;106.00;;95.00;95.00;95.00;;;;;;;;;;;;;0;8.00;11.30;5.30;14.00;15.80;11.30;1097;2109;399;244;245;1475.40;;;20080044;4.00;;;;;;29.00
1578857400000;2020-01-12T20:30:00.000+0100;;;;;;;;;1.00;-65.00;379.60;380.10;380.80;990.00;982.00;986.00;-1.40;;;;;-1.40;-1.40;;;;;;;;;3.0;;;;;;;;;;;;;;;;;;;;;;;;;;;;;;;;;;;;;;;;;;;;50.00;;;;;;;;;;;;;;;;;;;;;;;;;;;;;;;;;;;;;;37.00;55.00;36.00;8.00;;;;61.00;65.00;61.00;;;;;;;;;1626.10;1266.20;-39.600;-90.900;;;;;;;;;;;;;1365.800;-50.000;;;;;;;;;;84.00;80.00;82.00;;;;;;;;;46806;;;;;;;;;;;;;;1113.800;;;;;;;;;;;;42.00;47.00;;;;;;;;;;;;;;0;0.00;0.00;;244.50;;3.00;-0.70;-11.80;;2.50;1.80;;;;-3.00;;;;8.70;;;;1.00;8.10;4.80;13.10;1.40;7.90;5.00;11.40;1.30;-2.40;8.20;1.80;18.00;;;;15.00;;;;33.00;;;;;;;;43.00;;;;;;;;;;;;56.00;;;;;;;;;;;;;;;;;;;;;;;;;;;;;;;;;;;;;;;;;;;;;;;;;;;;;;;;;;;;;;;;;;;;;;;;;;;;;;;;;;;;;;;;;;;;;;;;;;;;;;;;;;;;;;;;;;;;;;;;;;;;;;;;;;;;;;;;;;;;;;;;;;;;;;;;;;;;;;;;;;;;;;;;;;;;;;;;;;;;;;;;;;;;;;;;;;;;;;;;;;;;;;;;;;;;;;62.00;;;;;;;;;;;;;;;;;;;;;;;;;;;;;;;;;;;34.00;34.00;34.00;;;;;;;;;;;;;;55.00;52.00;55.00;;;;71.30;;;;;;;;;;;507.10;1814.40;223.80;18.00;0.00;207.60;;;;;;;;;;;;;;;;;;;;;;900.10;2000.10;1;1;;;;;;;;;;;;;;;;;;;;;;;;0.60;0;0;0.00;0.00;;;;;93.00;93.00;93.00;;106.00;106.00;106.00;;95.00;95.00;95.00;;;;;;;;;;;;;0;8.00;10.60;5.80;14.30;15.50;12.20;1122;1635;518;242;241;1495.40;;;20080230;5.00;;;;;;29.00
1578858000000;2020-01-12T20:40:00.000+0100;;;;;;;;;1.00;-64.10;379.70;380.20;380.90;1185.00;1176.00;1180.00;-1.20;;;;;-1.20;-1.20;;;;;;;;;1.0;;;;;;;;;;;;;;;;;;;;;;;;;;;;;;;;;;;;;;;;;;;;50.00;;;;;;;;;;;;;;;;;;;;;;;;;;;;;;;;;;;;;;37.00;55.00;36.00;8.00;;;;61.00;65.00;61.00;;;;;;;;;1687.50;1415.10;-38.800;-90.800;;;;;;;;;;;;;1581.600;-60.000;;;;;;;;;;85.00;81.00;83.00;;;;;;;;;46806;;;;;;;;;;;;;;1337.200;;;;;;;;;;;;41.00;47.00;;;;;;;;;;;;;;0;0.00;0.00;;239.30;;3.00;1.00;-5.80;;1.40;3.20;;;;-0.40;;;;9.20;;;;1.00;8.90;4.30;12.60;1.30;8.70;4.10;12.80;1.30;-2.40;6.80;1.80;18.00;;;;15.00;;;;33.00;;;;;;;;43.00;;;;;;;;;;;;56.00;;;;;;;;;;;;;;;;;;;;;;;;;;;;;;;;;;;;;;;;;;;;;;;;;;;;;;;;;;;;;;;;;;;;;;;;;;;;;;;;;;;;;;;;;;;;;;;;;;;;;;;;;;;;;;;;;;;;;;;;;;;;;;;;;;;;;;;;;;;;;;;;;;;;;;;;;;;;;;;;;;;;;;;;;;;;;;;;;;;;;;;;;;;;;;;;;;;;;;;;;;;;;;;;;;;;;;63.00;;;;;;;;;;;;;;;;;;;;;;;;;;;;;;;;;;;34.00;34.00;34.00;;;;;;;;;;;;;;55.00;55.00;56.00;;;;37.90;;;;;;;;;;;759.00;2000.00;264.10;18.00;0.00;254.00;;;;;;;;;;;;;;;;;;;;;;1079.00;2000.10;1;1;;;;;;;;;;;;;;;;;;;;;;;;0.30;0;0;0.00;0.00;;;;;93.00;93.00;93.00;;106.00;106.00;106.00;;95.00;95.00;95.00;;;;;;;;;;;;;0;8.80;11.60;6.40;14.90;16.10;13.70;1344;2110;771;245;245;1542.80;;;20080454;5.00;;;;;;29.00
1578858600000;2020-01-12T20:50:00.000+0100;;;;;;;;;1.00;-72.40;379.00;379.40;380.20;961.00;953.00;955.00;-1.30;;;;;-1.40;-1.40;;;;;;;;;3.0;;;;;;;;;;;;;;;;;;;;;;;;;;;;;;;;;;;;;;;;;;;;50.00;;;;;;;;;;;;;;;;;;;;;;;;;;;;;;;;;;;;;;37.00;56.00;36.00;9.00;;;;62.00;66.00;62.00;;;;;;;;;1643.70;1239.60;-38.600;-100.900;;;;;;;;;;;;;1312.800;-90.000;;;;;;;;;;85.00;81.00;83.00;;;;;;;;;46806;;;;;;;;;;;;;;1065.600;;;;;;;;;;;;41.00;47.00;;;;;;;;;;;;;;0;0.00;0.00;;247.80;;3.00;-0.10;-3.60;;2.90;2.60;;;;-3.40;;;;8.50;;;;1.10;8.10;4.60;11.80;1.40;8.00;4.70;12.30;1.30;-2.40;5.30;1.50;18.00;;;;15.00;;;;33.00;;;;;;;;43.00;;;;;;;;;;;;56.00;;;;;;;;;;;;;;;;;;;;;;;;;;;;;;;;;;;;;;;;;;;;;;;;;;;;;;;;;;;;;;;;;;;;;;;;;;;;;;;;;;;;;;;;;;;;;;;;;;;;;;;;;;;;;;;;;;;;;;;;;;;;;;;;;;;;;;;;;;;;;;;;;;;;;;;;;;;;;;;;;;;;;;;;;;;;;;;;;;;;;;;;;;;;;;;;;;;;;;;;;;;;;;;;;;;;;;62.00;;;;;;;;;;;;;;;;;;;;;;;;;;;;;;;;;;;34.00;34.00;34.00;;;;;;;;;;;;;;55.00;48.00;56.00;;;;71.30;;;;;;;;;;;325.30;2000.00;311.40;18.00;0.00;307.80;;;;;;;;;;;;;;;;;;;;;;676.10;2000.10;1;1;;;;;;;;;;;;;;;;;;;;;;;;0.60;0;0;0.00;0.00;;;;;93.00;93.00;93.00;;106.00;106.00;106.00;;95.00;95.00;95.00;;;;;;;;;;;;;0;8.00;10.90;5.30;14.30;15.80;11.90;1085;2014;330;245;245;1493.30;;;20080636;5.00;;;;;;28.00
1578859200000;2020-01-12T21:00:00.000+0100;;;;;;;;;1.00;-93.80;378.30;378.70;379.50;899.00;892.00;895.00;-1.40;;;;;-1.40;-1.40;;;;;;;;;3.0;;;;;;;;;;;;;;;;;;;;;;;;;;;;;;;;;;;;;;;;;;;;50.00;;;;;;;;;;;;;;;;;;;;;;;;;;;;;;;;;;;;;;37.00;55.00;36.00;9.00;;;;62.00;65.00;62.00;;;;;;;;;1628.80;1139.10;-48.600;-120.900;;;;;;;;;;;;;1257.200;-120.000;;;;;;;;;;84.00;80.00;82.00;;;;;;;;;46807;;;;;;;;;;;;;;995.800;;;;;;;;;;;;41.00;47.00;;;;;;;;;;;;;;0;0.00;0.00;;246.40;;3.00;-0.80;-5.10;;1.70;1.20;;;;-3.10;;;;8.40;;;;1.20;7.70;3.70;12.00;1.50;7.50;3.70;12.20;1.40;-2.40;6.60;1.70;18.00;;;;15.00;;;;33.00;;;;;;;;43.00;;;;;;;;;;;;56.00;;;;;;;;;;;;;;;;;;;;;;;;;;;;;;;;;;;;;;;;;;;;;;;;;;;;;;;;;;;;;;;;;;;;;;;;;;;;;;;;;;;;;;;;;;;;;;;;;;;;;;;;;;;;;;;;;;;;;;;;;;;;;;;;;;;;;;;;;;;;;;;;;;;;;;;;;;;;;;;;;;;;;;;;;;;;;;;;;;;;;;;;;;;;;;;;;;;;;;;;;;;;;;;;;;;;;;62.00;;;;;;;;;;;;;;;;;;;;;;;;;;;;;;;;;;;34.00;34.00;34.00;;;;;;;;;;;;;;54.00;46.00;55.00;;;;97.30;;;;;;;;;;;457.60;1943.40;280.00;18.00;0.00;263.90;;;;;;;;;;;;;;;;;;;;;;743.90;2000.10;1;1;;;;;;;;;;;;;;;;;;;;;;;;0.90;0;0;0.00;0.00;;;;;93.00;93.00;93.00;;106.00;106.00;106.00;;95.00;95.00;95.00;;;;;;;;;;;;;0;7.60;10.80;4.60;13.70;15.50;11.00;1013;1696;475;245;245;1441.90;;;20080804;5.00;;;;;;28.00
1578859800000;2020-01-12T21:10:00.000+0100;;;;;;;;;1.00;-94.10;379.50;380.00;380.70;871.00;863.00;867.00;-1.50;;;;;-1.50;-1.50;;;;;;;;;3.0;;;;;;;;;;;;;;;;;;;;;;;;;;;;;;;;;;;;;;;;;;;;50.00;;;;;;;;;;;;;;;;;;;;;;;;;;;;;;;;;;;;;;37.00;55.00;36.00;9.00;;;;60.00;64.00;61.00;;;;;;;;;1604.60;1258.70;-68.700;-120.600;;;;;;;;;;;;;1208.100;-90.000;;;;;;;;;;83.00;79.00;81.00;;;;;;;;;46807;;;;;;;;;;;;;;965.500;;;;;;;;;;;;41.00;47.00;;;;;;;;;;;;;;0;0.00;0.00;;243.60;;3.00;0.60;-7.10;;1.40;2.80;;;;-2.30;;;;8.30;;;;1.00;7.80;3.70;11.70;1.30;7.70;3.50;11.30;1.30;-2.40;4.40;1.40;18.00;;;;15.00;;;;33.00;;;;;;;;43.00;;;;;;;;;;;;55.00;;;;;;;;;;;;;;;;;;;;;;;;;;;;;;;;;;;;;;;;;;;;;;;;;;;;;;;;;;;;;;;;;;;;;;;;;;;;;;;;;;;;;;;;;;;;;;;;;;;;;;;;;;;;;;;;;;;;;;;;;;;;;;;;;;;;;;;;;;;;;;;;;;;;;;;;;;;;;;;;;;;;;;;;;;;;;;;;;;;;;;;;;;;;;;;;;;;;;;;;;;;;;;;;;;;;;;62.00;;;;;;;;;;;;;;;;;;;;;;;;;;;;;;;;;;;34.00;34.00;34.00;;;;;;;;;;;;;;54.00;51.00;55.00;;;;75.20;;;;;;;;;;;503.00;1764.40;198.10;18.00;0.00;193.00;;;;;;;;;;;;;;;;;;;;;;816.90;1957.10;1;1;;;;;;;;;;;;;;;;;;;;;;;;0.60;0;0;0.00;0.00;;;;;93.00;93.00;93.00;;106.00;106.00;106.00;;95.00;95.00;95.00;;;;;;;;;;;;;0;7.70;10.10;5.30;14.00;15.50;12.20;983;1723;518;243;244;1472.70;;;20080970;5.00;;;;;;28.00
1578860400000;2020-01-12T21:20:00.000+0100;;;;;;;;;1.00;-70.10;380.70;381.20;382.00;946.00;938.00;942.00;-1.20;;;;;-1.20;-1.20;;;;;;;;;3.0;;;;;;;;;;;;;;;;;;;;;;;;;;;;;;;;;;;;;;;;;;;;50.00;;;;;;;;;;;;;;;;;;;;;;;;;;;;;;;;;;;;;;37.00;55.00;36.00;9.00;;;;60.00;64.00;60.00;;;;;;;;;1656.80;1216.30;-39.000;-101.000;;;;;;;;;;;;;1331.700;-50.000;;;;;;;;;;83.00;79.00;81.00;;;;;;;;;46807;;;;;;;;;;;;;;1073.500;;;;;;;;;;;;41.00;47.00;;;;;;;;;;;;;;0;0.00;0.00;;246.10;;3.00;-0.80;-0.80;;1.60;2.30;;;;-3.50;;;;8.60;;;;1.00;8.20;4.10;11.90;1.30;8.10;4.70;12.40;1.30;-2.40;6.40;1.80;18.00;;;;15.00;;;;33.00;;;;;;;;43.00;;;;;;;;;;;;55.00;;;;;;;;;;;;;;;;;;;;;;;;;;;;;;;;;;;;;;;;;;;;;;;;;;;;;;;;;;;;;;;;;;;;;;;;;;;;;;;;;;;;;;;;;;;;;;;;;;;;;;;;;;;;;;;;;;;;;;;;;;;;;;;;;;;;;;;;;;;;;;;;;;;;;;;;;;;;;;;;;;;;;;;;;;;;;;;;;;;;;;;;;;;;;;;;;;;;;;;;;;;;;;;;;;;;;;62.00;;;;;;;;;;;;;;;;;;;;;;;;;;;;;;;;;;;34.00;34.00;34.00;;;;;;;;;;;;;;55.00;50.00;55.00;;;;71.90;;;;;;;;;;;498.80;1828.70;253.70;18.00;0.00;235.40;;;;;;;;;;;;;;;;;;;;;;921.10;2000.10;1;1;;;;;;;;;;;;;;;;;;;;;;;;0.60;0;0;0.00;0.00;;;;;93.00;93.00;93.00;;106.00;106.00;106.00;;95.00;95.00;95.00;;;;;;;;;;;;;0;8.10;10.80;5.70;14.30;15.80;11.60;1074;1772;502;246;245;1498.00;;;20081148;5.00;;;;;;28.00
1578861000000;2020-01-12T21:30:00.000+0100;;;;;;;;;1.00;-65.90;374.60;375.00;375.80;919.00;911.00;914.00;-1.50;;;;;-1.50;-1.50;;;;;;;;;3.0;;;;;;;;;;;;;;;;;;;;;;;;;;;;;;;;;;;;;;;;;;;;50.00;;;;;;;;;;;;;;;;;;;;;;;;;;;;;;;;;;;;;;37.00;55.00;36.00;9.00;;;;60.00;64.00;60.00;;;;;;;;;1608.20;1169.50;-38.700;-91.200;;;;;;;;;;;;;1255.700;-50.000;;;;;;;;;;83.00;79.00;81.00;;;;;;;;;46807;;;;;;;;;;;;;;1013.000;;;;;;;;;;;;42.00;47.00;;;;;;;;;;;;;;0;0.00;0.00;;242.60;;3.00;0.30;-6.80;;1.60;3.00;;;;-2.30;;;;8.40;;;;1.10;7.80;3.50;12.00;1.40;7.70;4.30;11.70;1.40;-2.40;6.50;1.60;18.00;;;;15.00;;;;33.00;;;;;;;;43.00;;;;;;;;;;;;55.00;;;;;;;;;;;;;;;;;;;;;;;;;;;;;;;;;;;;;;;;;;;;;;;;;;;;;;;;;;;;;;;;;;;;;;;;;;;;;;;;;;;;;;;;;;;;;;;;;;;;;;;;;;;;;;;;;;;;;;;;;;;;;;;;;;;;;;;;;;;;;;;;;;;;;;;;;;;;;;;;;;;;;;;;;;;;;;;;;;;;;;;;;;;;;;;;;;;;;;;;;;;;;;;;;;;;;;62.00;;;;;;;;;;;;;;;;;;;;;;;;;;;;;;;;;;;34.00;34.00;34.00;;;;;;;;;;;;;;54.00;45.00;55.00;;;;94.30;;;;;;;;;;;554.50;1772.70;212.40;18.00;0.00;212.70;;;;;;;;;;;;;;;;;;;;;;809.00;1968.10;1;1;;;;;;;;;;;;;;;;;;;;;;;;0.90;0;0;0.00;0.00;;;;;93.00;93.00;93.00;;106.00;106.00;106.00;;95.00;95.00;95.00;;;;;;;;;;;;;0;7.80;11.40;4.90;14.00;15.50;11.30;1026;1778;564;241;242;1468.50;;;20081318;5.00;;;;;;28.00
1578861600000;2020-01-12T21:40:00.000+0100;;;;;;;;;1.00;-78.70;373.70;374.10;374.90;955.00;947.00;950.00;-1.50;;;;;-1.50;-1.50;;;;;;;;;3.0;;;;;;;;;;;;;;;;;;;;;;;;;;;;;;;;;;;;;;;;;;;;50.00;;;;;;;;;;;;;;;;;;;;;;;;;;;;;;;;;;;;;;37.00;55.00;36.00;9.00;;;;60.00;64.00;60.00;;;;;;;;;1644.90;1221.70;-48.600;-111.100;;;;;;;;;;;;;1305.900;-80.000;;;;;;;;;;83.00;79.00;81.00;;;;;;;;;46807;;;;;;;;;;;;;;1051.400;;;;;;;;;;;;42.00;47.00;;;;;;;;;;;;;;0;0.00;0.00;;239.80;;3.00;-0.40;-1.50;;3.10;1.90;;;;-3.40;;;;8.50;;;;1.10;8.10;4.30;11.80;1.40;7.90;4.60;12.20;1.40;-2.40;4.70;1.50;18.00;;;;15.00;;;;33.00;;;;;;;;43.00;;;;;;;;;;;;55.00;;;;;;;;;;;;;;;;;;;;;;;;;;;;;;;;;;;;;;;;;;;;;;;;;;;;;;;;;;;;;;;;;;;;;;;;;;;;;;;;;;;;;;;;;;;;;;;;;;;;;;;;;;;;;;;;;;;;;;;;;;;;;;;;;;;;;;;;;;;;;;;;;;;;;;;;;;;;;;;;;;;;;;;;;;;;;;;;;;;;;;;;;;;;;;;;;;;;;;;;;;;;;;;;;;;;;;62.00;;;;;;;;;;;;;;;;;;;;;;;;;;;;;;;;;;;34.00;34.00;34.00;;;;;;;;;;;;;;54.00;48.00;55.00;;;;82.70;;;;;;;;;;;519.00;1831.00;263.80;18.00;0.00;256.60;;;;;;;;;;;;;;;;;;;;;;806.90;2000.10;1;1;;;;;;;;;;;;;;;;;;;;;;;;0.90;0;0;0.00;0.00;;;;;93.00;93.00;93.00;;106.00;106.00;106.00;;95.00;95.00;95.00;;;;;;;;;;;;;0;8.00;10.80;5.40;14.30;15.80;11.60;1063;1826;519;240;240;1486.40;;;20081496;5.00;;;;;;29.00
1578862200000;2020-01-12T21:50:00.000+0100;;;;;;;;;1.00;-91.20;373.30;373.70;374.50;833.00;825.00;828.00;-1.40;;;;;-1.40;-1.40;;;;;;;;;3.0;;;;;;;;;;;;;;;;;;;;;;;;;;;;;;;;;;;;;;;;;;;;50.00;;;;;;;;;;;;;;;;;;;;;;;;;;;;;;;;;;;;;;37.00;55.00;36.00;9.00;;;;60.00;63.00;60.00;;;;;;;;;1618.60;1125.60;-69.200;-111.100;;;;;;;;;;;;;1153.500;-90.000;;;;;;;;;;82.00;78.00;80.00;;;;;;;;;46807;;;;;;;;;;;;;;905.400;;;;;;;;;;;;42.00;47.00;;;;;;;;;;;;;;0;0.00;0.00;;240.80;;3.00;-0.10;-8.40;;1.20;2.00;;;;-2.30;;;;8.10;;;;1.10;7.60;4.30;13.20;1.40;7.40;3.20;11.40;1.40;-2.40;7.30;1.60;18.00;;;;15.00;;;;32.00;;;;;;;;43.00;;;;;;;;;;;;55.00;;;;;;;;;;;;;;;;;;;;;;;;;;;;;;;;;;;;;;;;;;;;;;;;;;;;;;;;;;;;;;;;;;;;;;;;;;;;;;;;;;;;;;;;;;;;;;;;;;;;;;;;;;;;;;;;;;;;;;;;;;;;;;;;;;;;;;;;;;;;;;;;;;;;;;;;;;;;;;;;;;;;;;;;;;;;;;;;;;;;;;;;;;;;;;;;;;;;;;;;;;;;;;;;;;;;;;62.00;;;;;;;;;;;;;;;;;;;;;;;;;;;;;;;;;;;34.00;34.00;34.00;;;;;;;;;;;;;;54.00;46.00;55.00;;;;99.40;;;;;;;;;;;357.10;1682.80;207.30;18.00;0.00;194.80;;;;;;;;;;;;;;;;;;;;;;754.90;1876.00;1;1;;;;;;;;;;;;;;;;;;;;;;;;0.90;0;0;0.00;0.00;;;;;93.00;93.00;93.00;;106.00;106.00;106.00;;95.00;95.00;95.00;;;;;;;;;;;;;0;7.50;10.90;4.40;13.70;15.50;10.70;923;1455;363;240;240;1437.20;;;20081650;5.00;;;;;;29.00
1578862800000;2020-01-12T22:00:00.000+0100;;;;;;;;;1.00;-93.40;372.70;373.10;373.90;840.00;832.00;834.00;-1.70;;;;;-1.70;-1.70;;;;;;;;;3.0;;;;;;;;;;;;;;;;;;;;;;;;;;;;;;;;;;;;;;;;;;;;50.00;;;;;;;;;;;;;;;;;;;;;;;;;;;;;;;;;;;;;;37.00;55.00;36.00;9.00;;;;59.00;63.00;59.00;;;;;;;;;1622.50;1185.00;-59.000;-150.700;;;;;;;;;;;;;1153.500;-120.000;;;;;;;;;;82.00;78.00;80.00;;;;;;;;;46808;;;;;;;;;;;;;;908.400;;;;;;;;;;;;42.00;47.00;;;;;;;;;;;;;;0;0.00;0.00;;240.10;;3.00;-0.80;-8.00;;1.60;1.80;;;;-3.10;;;;8.10;;;;1.00;7.60;4.30;12.00;1.30;7.40;4.40;11.30;1.30;-2.40;6.10;1.30;18.00;;;;15.00;;;;33.00;;;;;;;;43.00;;;;;;;;;;;;55.00;;;;;;;;;;;;;;;;;;;;;;;;;;;;;;;;;;;;;;;;;;;;;;;;;;;;;;;;;;;;;;;;;;;;;;;;;;;;;;;;;;;;;;;;;;;;;;;;;;;;;;;;;;;;;;;;;;;;;;;;;;;;;;;;;;;;;;;;;;;;;;;;;;;;;;;;;;;;;;;;;;;;;;;;;;;;;;;;;;;;;;;;;;;;;;;;;;;;;;;;;;;;;;;;;;;;;;61.00;;;;;;;;;;;;;;;;;;;;;;;;;;;;;;;;;;;34.00;34.00;34.00;;;;;;;;;;;;;;54.00;47.00;55.00;;;;94.30;;;;;;;;;;;443.10;1613.20;232.20;18.00;0.00;240.10;;;;;;;;;;;;;;;;;;;;;;745.00;1733.10;1;1;;;;;;;;;;;;;;;;;;;;;;;;0.90;0;0;0.00;1.00;;;;;93.00;93.00;93.00;;106.00;106.00;106.00;;95.00;95.00;95.00;;;;;;;;;;;;;0;7.50;10.30;5.30;14.00;15.50;11.30;930;1590;461;241;240;1447.00;;;20081806;5.00;;;;;;29.00
1578863400000;2020-01-12T22:10:00.000+0100;;;;;;;;;1.00;-169.20;372.10;372.50;373.30;733.00;726.00;729.00;-1.50;;;;;-1.50;-1.50;;;;;;;;;3.0;;;;;;;;;;;;;;;;;;;;;;;;;;;;;;;;;;;;;;;;;;;;50.00;;;;;;;;;;;;;;;;;;;;;;;;;;;;;;;;;;;;;;37.00;54.00;36.00;9.00;;;;58.00;62.00;58.00;;;;;;;;;1554.70;1162.00;-109.500;-210.900;;;;;;;;;;;;;1023.200;-180.000;;;;;;;;;;80.00;76.00;79.00;;;;;;;;;46808;;;;;;;;;;;;;;780.800;;;;;;;;;;;;42.00;47.00;;;;;;;;;;;;;;0;0.00;0.00;;239.90;;3.00;-0.70;-19.00;;2.00;2.30;;;;-3.30;;;;7.70;;;;1.00;7.30;3.60;11.90;1.30;7.20;3.60;11.50;1.30;-2.40;7.90;1.50;18.00;;;;15.00;;;;32.00;;;;;;;;43.00;;;;;;;;;;;;54.00;;;;;;;;;;;;;;;;;;;;;;;;;;;;;;;;;;;;;;;;;;;;;;;;;;;;;;;;;;;;;;;;;;;;;;;;;;;;;;;;;;;;;;;;;;;;;;;;;;;;;;;;;;;;;;;;;;;;;;;;;;;;;;;;;;;;;;;;;;;;;;;;;;;;;;;;;;;;;;;;;;;;;;;;;;;;;;;;;;;;;;;;;;;;;;;;;;;;;;;;;;;;;;;;;;;;;;61.00;;;;;;;;;;;;;;;;;;;;;;;;;;;;;;;;;;;34.00;34.00;34.00;;;;;;;;;;;;;;53.00;46.00;54.00;;;;90.70;;;;;;;;;;;422.40;1719.20;216.80;18.00;0.00;195.80;;;;;;;;;;;;;;;;;;;;;;649.00;1910.00;1;1;;;;;;;;;;;;;;;;;;;;;;;;0.90;0;0;0.00;1.00;;;;;93.00;93.00;93.00;;106.00;106.00;106.00;;95.00;95.00;95.00;;;;;;;;;;;;;0;7.20;10.60;5.30;13.40;14.90;11.00;795;1527;431;243;243;1401.10;;;20081936;5.00;;;;;;29.00
1578864000000;2020-01-12T22:20:00.000+0100;;;;;;;;;1.00;-200.70;369.90;370.40;371.20;757.00;749.00;751.00;-1.70;;;;;-1.70;-1.70;;;;;;;;;3.0;;;;;;;;;;;;;;;;;;;;;;;;;;;;;;;;;;;;;;;;;;;;50.00;;;;;;;;;;;;;;;;;;;;;;;;;;;;;;;;;;;;;;37.00;54.00;36.00;9.00;;;;57.00;61.00;58.00;;;;;;;;;1607.00;1143.80;-179.000;-230.700;;;;;;;;;;;;;1032.200;-200.000;;;;;;;;;;80.00;76.00;78.00;;;;;;;;;46808;;;;;;;;;;;;;;797.300;;;;;;;;;;;;42.00;47.00;;;;;;;;;;;;;;0;0.00;0.00;;245.60;;3.00;0.30;-13.50;;1.90;3.20;;;;-3.00;;;;7.70;;;;1.00;7.40;3.20;11.40;1.20;7.20;4.10;11.30;1.20;-2.40;6.60;1.40;18.00;;;;15.00;;;;33.00;;;;;;;;43.00;;;;;;;;;;;;54.00;;;;;;;;;;;;;;;;;;;;;;;;;;;;;;;;;;;;;;;;;;;;;;;;;;;;;;;;;;;;;;;;;;;;;;;;;;;;;;;;;;;;;;;;;;;;;;;;;;;;;;;;;;;;;;;;;;;;;;;;;;;;;;;;;;;;;;;;;;;;;;;;;;;;;;;;;;;;;;;;;;;;;;;;;;;;;;;;;;;;;;;;;;;;;;;;;;;;;;;;;;;;;;;;;;;;;;61.00;;;;;;;;;;;;;;;;;;;;;;;;;;;;;;;;;;;34.00;34.00;34.00;;;;;;;;;;;;;;53.00;46.00;54.00;;;;100.60;;;;;;;;;;;260.70;1423.10;208.30;18.00;0.00;204.00;;;;;;;;;;;;;;;;;;;;;;604.90;1658.10;1;1;;;;;;;;;;;;;;;;;;;;;;;;0.90;0;0;0.00;0.00;;;;;93.00;93.00;93.00;;106.00;106.00;106.00;;95.00;95.00;95.00;;;;;;;;;;;;;0;7.30;10.40;4.90;13.40;15.50;11.00;810;1379;272;250;250;1411.20;;;20082072;5.00;;;;;;29.00
1578864600000;2020-01-12T22:30:00.000+0100;;;;;;;;;1.00;-198.30;370.30;370.70;371.50;735.00;727.00;730.00;-1.40;;;;;-1.40;-1.50;;;;;;;;;3.0;;;;;;;;;;;;;;;;;;;;;;;;;;;;;;;;;;;;;;;;;;;;50.00;;;;;;;;;;;;;;;;;;;;;;;;;;;;;;;;;;;;;;37.00;54.00;36.00;9.00;;;;57.00;61.00;57.00;;;;;;;;;1576.20;1169.80;-179.200;-211.000;;;;;;;;;;;;;1017.900;-200.000;;;;;;;;;;79.00;75.00;78.00;;;;;;;;;46808;;;;;;;;;;;;;;776.300;;;;;;;;;;;;42.00;47.00;;;;;;;;;;;;;;0;0.00;0.00;;251.70;;3.00;-0.10;-15.80;;2.70;3.50;;;;-3.20;;;;7.70;;;;0.90;7.30;3.50;10.60;1.20;7.10;3.40;10.60;1.10;-2.40;5.50;1.70;18.00;;;;16.00;;;;33.00;;;;;;;;43.00;;;;;;;;;;;;54.00;;;;;;;;;;;;;;;;;;;;;;;;;;;;;;;;;;;;;;;;;;;;;;;;;;;;;;;;;;;;;;;;;;;;;;;;;;;;;;;;;;;;;;;;;;;;;;;;;;;;;;;;;;;;;;;;;;;;;;;;;;;;;;;;;;;;;;;;;;;;;;;;;;;;;;;;;;;;;;;;;;;;;;;;;;;;;;;;;;;;;;;;;;;;;;;;;;;;;;;;;;;;;;;;;;;;;;61.00;;;;;;;;;;;;;;;;;;;;;;;;;;;;;;;;;;;34.00;34.00;34.00;;;;;;;;;;;;;;53.00;48.00;54.00;;;;92.80;;;;;;;;;;;335.40;1433.20;246.70;18.00;0.00;236.50;;;;;;;;;;;;;;;;;;;;;;560.10;1630.00;1;1;;;;;;;;;;;;;;;;;;;;;;;;0.90;0;0;0.00;0.00;;;;;93.00;93.00;93.00;;106.00;106.00;106.00;;95.00;95.00;95.00;;;;;;;;;;;;;0;7.20;9.50;5.00;13.40;15.20;11.30;787;1474;343;249;249;1405.80;;;20082204;5.00;;;;;;29.00
1578865200000;2020-01-12T22:40:00.000+0100;;;;;;;;;1.00;-192.00;371.10;371.60;372.40;647.00;641.00;643.00;-1.80;;;;;-1.80;-1.80;;;;;;;;;3.0;;;;;;;;;;;;;;;;;;;;;;;;;;;;;;;;;;;;;;;;;;;;50.00;;;;;;;;;;;;;;;;;;;;;;;;;;;;;;;;;;;;;;37.00;53.00;36.00;9.00;;;;56.00;60.00;56.00;;;;;;;;;1615.60;1082.70;-149.100;-210.800;;;;;;;;;;;;;899.600;-150.000;;;;;;;;;;78.00;74.00;76.00;;;;;;;;;46808;;;;;;;;;;;;;;672.200;;;;;;;;;;;;42.00;47.00;;;;;;;;;;;;;;0;0.00;0.00;;248.70;;3.00;-0.80;-19.90;;3.00;1.90;;;;-3.20;;;;7.30;;;;1.00;6.90;4.00;10.70;1.20;6.60;3.20;10.10;1.20;-2.40;6.40;1.00;18.00;;;;16.00;;;;32.00;;;;;;;;43.00;;;;;;;;;;;;54.00;;;;;;;;;;;;;;;;;;;;;;;;;;;;;;;;;;;;;;;;;;;;;;;;;;;;;;;;;;;;;;;;;;;;;;;;;;;;;;;;;;;;;;;;;;;;;;;;;;;;;;;;;;;;;;;;;;;;;;;;;;;;;;;;;;;;;;;;;;;;;;;;;;;;;;;;;;;;;;;;;;;;;;;;;;;;;;;;;;;;;;;;;;;;;;;;;;;;;;;;;;;;;;;;;;;;;;60.00;;;;;;;;;;;;;;;;;;;;;;;;;;;;;;;;;;;34.00;34.00;34.00;;;;;;;;;;;;;;50.00;45.00;53.00;;;;112.50;;;;;;;;;;;287.20;1515.20;188.90;18.00;0.00;182.80;;;;;;;;;;;;;;;;;;;;;;609.00;1709.10;1;1;;;;;;;;;;;;;;;;;;;;;;;;1.20;0;0;0.00;0.00;;;;;93.00;93.00;93.00;;106.00;106.00;106.00;;95.00;95.00;95.00;;;;;;;;;;;;;0;6.80;9.30;4.30;12.80;15.50;10.40;689;1465;295;246;245;1326.80;;;20082318;5.00;;;;;;29.00
1578865800000;2020-01-12T22:50:00.000+0100;;;;;;;;;1.00;-190.80;371.70;372.20;373.00;774.00;766.00;769.00;-1.60;;;;;-1.60;-1.60;;;;;;;;;3.0;;;;;;;;;;;;;;;;;;;;;;;;;;;;;;;;;;;;;;;;;;;;50.00;;;;;;;;;;;;;;;;;;;;;;;;;;;;;;;;;;;;;;37.00;53.00;36.00;9.00;;;;56.00;59.00;56.00;;;;;;;;;1594.70;1182.00;-149.200;-211.100;;;;;;;;;;;;;1061.600;-190.000;;;;;;;;;;78.00;74.00;77.00;;;;;;;;;46808;;;;;;;;;;;;;;825.700;;;;;;;;;;;;42.00;47.00;;;;;;;;;;;;;;0;0.00;0.00;;246.80;;3.00;-0.80;-18.00;;3.40;1.30;;;;-3.40;;;;7.80;;;;0.90;7.50;3.80;11.00;1.10;7.30;4.30;10.50;1.10;-2.30;4.80;1.40;18.00;;;;16.00;;;;33.00;;;;;;;;43.00;;;;;;;;;;;;54.00;;;;;;;;;;;;;;;;;;;;;;;;;;;;;;;;;;;;;;;;;;;;;;;;;;;;;;;;;;;;;;;;;;;;;;;;;;;;;;;;;;;;;;;;;;;;;;;;;;;;;;;;;;;;;;;;;;;;;;;;;;;;;;;;;;;;;;;;;;;;;;;;;;;;;;;;;;;;;;;;;;;;;;;;;;;;;;;;;;;;;;;;;;;;;;;;;;;;;;;;;;;;;;;;;;;;;;60.00;;;;;;;;;;;;;;;;;;;;;;;;;;;;;;;;;;;34.00;34.00;34.00;;;;;;;;;;;;;;53.00;49.00;53.00;;;;85.60;;;;;;;;;;;324.00;1498.60;177.00;18.00;0.00;172.40;;;;;;;;;;;;;;;;;;;;;;658.90;1717.00;1;1;;;;;;;;;;;;;;;;;;;;;;;;0.90;0;0;0.00;0.00;;;;;93.00;93.00;93.00;;106.00;106.00;106.00;;95.00;95.00;95.00;;;;;;;;;;;;;0;7.40;9.60;5.30;13.70;15.20;11.30;837;1486;330;243;242;1424.30;;;20082458;5.00;;;;;;30.00
1578866400000;2020-01-12T23:00:00.000+0100;;;;;;;;;1.00;-176.20;372.70;373.20;373.90;852.00;844.00;847.00;-1.70;;;;;-1.70;-1.70;;;;;;;;;3.0;;;;;;;;;;;;;;;;;;;;;;;;;;;;;;;;;;;;;;;;;;;;50.00;;;;;;;;;;;;;;;;;;;;;;;;;;;;;;;;;;;;;;37.00;53.00;36.00;9.00;;;;56.00;60.00;56.00;;;;;;;;;1599.50;1050.10;-138.800;-210.900;;;;;;;;;;;;;1143.000;-140.000;;;;;;;;;;79.00;75.00;77.00;;;;;;;;;46809;;;;;;;;;;;;;;914.100;;;;;;;;;;;;43.00;47.00;;;;;;;;;;;;;;0;0.00;0.00;;242.10;;3.00;0.60;-1.50;;3.00;2.50;;;;-2.10;;;;8.00;;;;1.40;7.70;3.90;12.80;1.60;7.50;3.90;11.60;1.60;-2.40;4.30;1.00;19.00;;;;16.00;;;;33.00;;;;;;;;43.00;;;;;;;;;;;;54.00;;;;;;;;;;;;;;;;;;;;;;;;;;;;;;;;;;;;;;;;;;;;;;;;;;;;;;;;;;;;;;;;;;;;;;;;;;;;;;;;;;;;;;;;;;;;;;;;;;;;;;;;;;;;;;;;;;;;;;;;;;;;;;;;;;;;;;;;;;;;;;;;;;;;;;;;;;;;;;;;;;;;;;;;;;;;;;;;;;;;;;;;;;;;;;;;;;;;;;;;;;;;;;;;;;;;;;61.00;;;;;;;;;;;;;;;;;;;;;;;;;;;;;;;;;;;34.00;34.00;34.00;;;;;;;;;;;;;;52.00;45.00;54.00;;;;120.90;;;;;;;;;;;398.50;1628.60;266.60;18.00;0.00;266.60;;;;;;;;;;;;;;;;;;;;;;703.00;1787.90;1;1;;;;;;;;;;;;;;;;;;;;;;;;1.20;0;0;0.00;0.00;;;;;93.00;93.00;93.00;;106.00;106.00;106.00;;95.00;95.00;95.00;;;;;;;;;;;;;0;7.60;10.80;4.80;13.70;15.50;10.10;931;1644;408;240;240;1427.00;;;20082612;5.00;;;;;;31.00
1578867000000;2020-01-12T23:10:00.000+0100;;;;;;;;;1.00;-131.70;373.60;374.10;374.80;959.00;950.00;953.00;-1.50;;;;;-1.50;-1.50;;;;;;;;;3.0;;;;;;;;;;;;;;;;;;;;;;;;;;;;;;;;;;;;;;;;;;;;50.00;;;;;;;;;;;;;;;;;;;;;;;;;;;;;;;;;;;;;;37.00;54.00;36.00;9.00;;;;57.00;60.00;57.00;;;;;;;;;1621.90;1278.40;-89.300;-151.100;;;;;;;;;;;;;1294.300;-150.000;;;;;;;;;;81.00;77.00;79.00;;;;;;;;;46809;;;;;;;;;;;;;;1047.900;;;;;;;;;;;;42.00;47.00;;;;;;;;;;;;;;0;0.00;0.00;;243.60;;3.00;-0.10;-15.40;;2.50;2.10;;;;-2.90;;;;8.50;;;;1.00;7.90;4.10;11.20;1.30;7.70;4.60;11.20;1.30;-2.40;5.30;1.50;19.00;;;;16.00;;;;33.00;;;;;;;;43.00;;;;;;;;;;;;55.00;;;;;;;;;;;;;;;;;;;;;;;;;;;;;;;;;;;;;;;;;;;;;;;;;;;;;;;;;;;;;;;;;;;;;;;;;;;;;;;;;;;;;;;;;;;;;;;;;;;;;;;;;;;;;;;;;;;;;;;;;;;;;;;;;;;;;;;;;;;;;;;;;;;;;;;;;;;;;;;;;;;;;;;;;;;;;;;;;;;;;;;;;;;;;;;;;;;;;;;;;;;;;;;;;;;;;;61.00;;;;;;;;;;;;;;;;;;;;;;;;;;;;;;;;;;;34.00;34.00;34.00;;;;;;;;;;;;;;53.00;50.00;54.00;;;;71.30;;;;;;;;;;;364.90;1665.20;209.20;18.00;0.00;205.40;;;;;;;;;;;;;;;;;;;;;;721.90;1859.10;1;1;;;;;;;;;;;;;;;;;;;;;;;;0.60;0;0;0.00;0.00;;;;;93.00;93.00;93.00;;106.00;106.00;106.00;;95.00;95.00;95.00;;;;;;;;;;;;;0;7.80;10.10;5.70;14.00;15.50;12.20;1062;1640;379;242;242;1468.50;;;20082788;5.00;;;;;;31.00
1578867600000;2020-01-12T23:20:00.000+0100;;;;;;;;;1.00;-132.70;374.50;375.00;375.70;860.00;851.00;855.00;-1.80;;;;;-1.70;-1.80;;;;;;;;;3.0;;;;;;;;;;;;;;;;;;;;;;;;;;;;;;;;;;;;;;;;;;;;50.00;;;;;;;;;;;;;;;;;;;;;;;;;;;;;;;;;;;;;;37.00;54.00;36.00;9.00;;;;57.00;61.00;57.00;;;;;;;;;1599.20;1205.30;-109.000;-151.000;;;;;;;;;;;;;1165.800;-130.000;;;;;;;;;;81.00;77.00;79.00;;;;;;;;;46809;;;;;;;;;;;;;;932.000;;;;;;;;;;;;42.00;47.00;;;;;;;;;;;;;;0;0.00;0.00;;241.50;;3.00;0.80;0.20;;2.20;3.80;;;;-1.50;;;;8.20;;;;0.90;7.40;3.70;10.70;1.20;7.20;3.90;10.80;1.20;-2.40;3.90;1.00;19.00;;;;16.00;;;;32.00;;;;;;;;43.00;;;;;;;;;;;;55.00;;;;;;;;;;;;;;;;;;;;;;;;;;;;;;;;;;;;;;;;;;;;;;;;;;;;;;;;;;;;;;;;;;;;;;;;;;;;;;;;;;;;;;;;;;;;;;;;;;;;;;;;;;;;;;;;;;;;;;;;;;;;;;;;;;;;;;;;;;;;;;;;;;;;;;;;;;;;;;;;;;;;;;;;;;;;;;;;;;;;;;;;;;;;;;;;;;;;;;;;;;;;;;;;;;;;;;61.00;;;;;;;;;;;;;;;;;;;;;;;;;;;;;;;;;;;34.00;34.00;34.00;;;;;;;;;;;;;;53.00;46.00;54.00;;;;96.40;;;;;;;;;;;556.20;1410.90;173.40;18.00;0.00;176.40;;;;;;;;;;;;;;;;;;;;;;868.10;1601.00;1;1;;;;;;;;;;;;;;;;;;;;;;;;0.90;0;0;0.00;0.00;;;;;93.00;93.00;93.00;;106.00;106.00;106.00;;95.00;95.00;95.00;;;;;;;;;;;;;0;7.30;9.70;5.40;13.70;15.20;11.60;952;1395;579;240;241;1415.40;;;20082948;5.00;;;;;;30.00
1578868200000;2020-01-12T23:30:00.000+0100;;;;;;;;;1.00;-140.10;374.20;374.70;375.30;878.00;870.00;872.00;-1.60;;;;;-1.60;-1.60;;;;;;;;;3.0;;;;;;;;;;;;;;;;;;;;;;;;;;;;;;;;;;;;;;;;;;;;50.00;;;;;;;;;;;;;;;;;;;;;;;;;;;;;;;;;;;;;;37.00;54.00;36.00;9.00;;;;57.00;61.00;58.00;;;;;;;;;1580.70;1254.80;-119.000;-160.700;;;;;;;;;;;;;1194.200;-140.000;;;;;;;;;;81.00;77.00;79.00;;;;;;;;;46809;;;;;;;;;;;;;;947.400;;;;;;;;;;;;42.00;47.00;;;;;;;;;;;;;;0;0.00;0.00;;242.40;;3.00;-0.40;-1.00;;3.40;1.80;;;;-3.40;;;;8.20;;;;0.90;7.80;4.10;11.70;1.20;7.60;4.20;11.00;1.10;-2.40;6.00;1.30;19.00;;;;16.00;;;;33.00;;;;;;;;43.00;;;;;;;;;;;;55.00;;;;;;;;;;;;;;;;;;;;;;;;;;;;;;;;;;;;;;;;;;;;;;;;;;;;;;;;;;;;;;;;;;;;;;;;;;;;;;;;;;;;;;;;;;;;;;;;;;;;;;;;;;;;;;;;;;;;;;;;;;;;;;;;;;;;;;;;;;;;;;;;;;;;;;;;;;;;;;;;;;;;;;;;;;;;;;;;;;;;;;;;;;;;;;;;;;;;;;;;;;;;;;;;;;;;;;61.00;;;;;;;;;;;;;;;;;;;;;;;;;;;;;;;;;;;34.00;34.00;34.00;;;;;;;;;;;;;;54.00;52.00;54.00;;;;64.50;;;;;;;;;;;412.50;1551.40;213.50;18.00;0.00;209.40;;;;;;;;;;;;;;;;;;;;;;801.00;1749.00;1;1;;;;;;;;;;;;;;;;;;;;;;;;0.60;0;0;0.00;1.00;;;;;93.00;93.00;93.00;;106.00;106.00;106.00;;95.00;95.00;95.00;;;;;;;;;;;;;0;7.70;10.50;5.30;14.30;15.20;11.90;971;1537;420;246;246;1479.20;;;20083110;5.00;;;;;;30.00
1578868800000;2020-01-12T23:40:00.000+0100;;;;;;;;;1.00;-142.70;374.20;374.70;375.40;797.00;790.00;793.00;-1.50;;;;;-1.50;-1.50;;;;;;;;;3.0;;;;;;;;;;;;;;;;;;;;;;;;;;;;;;;;;;;;;;;;;;;;50.00;;;;;;;;;;;;;;;;;;;;;;;;;;;;;;;;;;;;;;37.00;54.00;36.00;9.00;;;;57.00;61.00;57.00;;;;;;;;;1567.90;1233.70;-119.100;-161.000;;;;;;;;;;;;;1108.700;-140.000;;;;;;;;;;81.00;77.00;79.00;;;;;;;;;46809;;;;;;;;;;;;;;859.700;;;;;;;;;;;;42.00;47.00;;;;;;;;;;;;;;0;0.00;0.00;;241.40;;3.00;-0.50;-0.50;;2.40;2.50;;;;-3.40;;;;8.00;;;;0.90;7.50;3.70;10.40;1.20;7.30;4.50;9.80;1.10;-2.40;5.30;1.50;19.00;;;;16.00;;;;32.00;;;;;;;;43.00;;;;;;;;;;;;55.00;;;;;;;;;;;;;;;;;;;;;;;;;;;;;;;;;;;;;;;;;;;;;;;;;;;;;;;;;;;;;;;;;;;;;;;;;;;;;;;;;;;;;;;;;;;;;;;;;;;;;;;;;;;;;;;;;;;;;;;;;;;;;;;;;;;;;;;;;;;;;;;;;;;;;;;;;;;;;;;;;;;;;;;;;;;;;;;;;;;;;;;;;;;;;;;;;;;;;;;;;;;;;;;;;;;;;;61.00;;;;;;;;;;;;;;;;;;;;;;;;;;;;;;;;;;;34.00;34.00;34.00;;;;;;;;;;;;;;53.00;51.00;54.00;;;;80.30;;;;;;;;;;;403.60;1230.30;171.80;18.00;0.00;168.20;;;;;;;;;;;;;;;;;;;;;;717.10;1378.00;1;1;;;;;;;;;;;;;;;;;;;;;;;;0.90;0;0;0.00;0.00;;;;;93.00;93.00;93.00;;106.00;106.00;106.00;;95.00;95.00;95.00;;;;;;;;;;;;;0;7.40;9.50;5.10;13.70;14.90;11.90;880;1260;412;248;248;1439.60;;;20083258;5.00;;;;;;30.00
1578869400000;2020-01-12T23:50:00.000+0100;;;;;;;;;1.00;-147.40;373.90;374.30;375.00;733.00;725.00;728.00;-1.70;;;;;-1.70;-1.70;;;;;;;;;3.0;;;;;;;;;;;;;;;;;;;;;;;;;;;;;;;;;;;;;;;;;;;;50.00;;;;;;;;;;;;;;;;;;;;;;;;;;;;;;;;;;;;;;37.00;53.00;36.00;9.00;;;;57.00;61.00;57.00;;;;;;;;;1569.70;1112.80;-119.400;-160.800;;;;;;;;;;;;;1018.900;-120.000;;;;;;;;;;80.00;76.00;78.00;;;;;;;;;46809;;;;;;;;;;;;;;784.800;;;;;;;;;;;;42.00;47.00;;;;;;;;;;;;;;0;0.00;0.00;;244.50;;3.00;-1.10;-15.60;;1.90;1.30;;;;-4.10;;;;7.70;;;;0.90;7.20;3.50;11.30;1.20;7.00;3.40;11.00;1.20;-2.40;3.70;1.10;19.00;;;;16.00;;;;32.00;;;;;;;;43.00;;;;;;;;;;;;54.00;;;;;;;;;;;;;;;;;;;;;;;;;;;;;;;;;;;;;;;;;;;;;;;;;;;;;;;;;;;;;;;;;;;;;;;;;;;;;;;;;;;;;;;;;;;;;;;;;;;;;;;;;;;;;;;;;;;;;;;;;;;;;;;;;;;;;;;;;;;;;;;;;;;;;;;;;;;;;;;;;;;;;;;;;;;;;;;;;;;;;;;;;;;;;;;;;;;;;;;;;;;;;;;;;;;;;;60.00;;;;;;;;;;;;;;;;;;;;;;;;;;;;;;;;;;;34.00;34.00;34.00;;;;;;;;;;;;;;52.00;45.00;54.00;;;;97.00;;;;;;;;;;;327.10;1787.10;199.70;18.00;0.00;195.80;;;;;;;;;;;;;;;;;;;;;;704.00;1985.00;1;1;;;;;;;;;;;;;;;;;;;;;;;;0.90;0;0;0.00;0.00;;;;;93.00;93.00;93.00;;106.00;106.00;106.00;;95.00;95.00;95.00;;;;;;;;;;;;;0;7.10;10.60;5.00;13.40;15.20;10.70;804;1699;334;248;247;1392.40;;;20083390;5.00;;;;;;30.00
