Timestamp;DateTime;T Generatorkuehlluft;T Gear Bearing Temperatur HS-ROT;T Wellenlager;Scheinleistung;U ac;I ac;Operation Mode;Turmauslenkung;Grid Production CosPhi (avg);Blindleistung;Spannung L1-N;Spannung L2-N;Spannung L3-N;Strom L1;Strom L2;Strom L3;Pitch Angle 1 (avg);Gondelumdrehung;Generatordrehzahl;DC Modules;Windabweichung 1 sek;Pitch Angle 2 (avg);Pitch Angle 3 (avg);Blattwinkel 1 (Soll);Blattwinkel 2 (Soll);Blattwinkel 3 (Soll);cos phi (Soll);n-Soll 1;n-Soll 2;Drehmoment;Drehmoment (Soll);Max. Operatingstate;Gondelbild;Windabweichung 10 sek;Schnelllaufzahl;Digital 1;Digital 2;Leistungsschalter Zuschaltungen;Triebstr.beschleunigung;Turmbeschleunigung;Anlagenzustand;Gear Bearing High Speed Shaft Generator Temperature (avg);Hydraulikvordruck;T.1(202);T.2(205);T.3(208);T.4(211);T.5(214);T.6(217);T.7(220);T.8(224);T.9(227);T.10(231);T.11(234);Int.Temp.;T.Sub1(202);T.Sub2(205);T.Sub3(208);T.Sub4(211);T.Sub5(214);T.Sub6(217);T.Sub7(220);T.Sub8(224);T.Sub9(227);T.Sub10(231);T.Sub11(234);Intern T.Sub;Windg. 1+2;T. SAMI;A.Ein(236);A.Ein(239);A.Ein(242);A.Ein(245);A.Aus(400);A.Aus(404);Netz Freq.;Grid voltage;Drehstromsteller Soll;Deviation Wind Direction To Nacelle Direction (avg);Leistungsmittelwert 5 Sek;Leistungsmittelwert 30 Sek;zugeschaltete Blindleistung;Leistungsklasse;Zustand Blatt;Anzahl Komp. Stufen;T Stator;Subtotal Energy Generator 1;Subtotal Energy Generator 2;Subtotal Production Time Generator 1;Subtotal Production Time Generator 2;Subtotal Availability Total Hours;Subtotal Availability Total Error;Subtotal Availability;Subtotal Wind Average;Subtotal Wind Maximum;Subtotal Availability Wind OK Hours;Subtotal Availability Braked Hours;Subtotal Availability External Error Hours;Subtotal Availability Grid Error Hours;Total Energy Generator 1;Total Energy Generator 2;Total Production Time Generator 1;Total Production Time Generator 2;Total Availability Total Hours;Total Availability Total Error;Total Availability;Total Wind Average;Total Wind Maximum;Total Availability Wind OK Hours;Total Availability Braked Hours;Total Availability External Error Hours;Total Availability Grid Error Hours;Blattwinkel;T Hydraulic Oil;T Gear Oil;T Generator Cooling Water;T Spin;Generator Slip Ring Top Temperature (avg);FreeForReuse;T Spin Slip Ring;High Voltage Trafo Phase 1 Temperature (avg);High Voltage Trafo Phase 2 Temperature (avg);High Voltage Trafo Phase 3 Temperature (avg);Event;Event Modul;Air Pressure;Niederschlag;Wingeschwindigkeit (Extern);Windrichtungsabweichung Max;Windrichtungsabweichung Min;Windrichtungsabweichung (Extern);Generatordrehzahl Max;Generatordrehzahl Min;Blindleistung Max;Blindleistung Min;Netzspannung Max;Netzspannung Min;Netzstrom;Netzstrom Max;Netzstrom Min;Statorstrom;Blattwinkel Durchschnitt;Blattwinkel Max;Blattwinkel Min;Leistung Bezug;Scheinleistung Bezug;Scheinleistung Bezug Max;Active Power Reference Value;Reactive Power Reference Value;Schwingungssensor 1 X Achse Max;Schwingungssensor 1 Y Achse Max;Schwingungssensor 2 X Achse Max;Schwingungssensor 2 Y Achse Max;Energie Produktion;Energie Bezug;Blindenergie Produktion;Blindenergie Bezug;Gondelposition Sensor;Statortemperatur L1;Statortemperatur L2;Statortemperatur L3;Blatt1 Motortemperatur;Blatt2 Motortemperatur;Blatt3 Motortemperatur;Umrichter (Generator zu Gleich) Temperatur;Umrichter (Gleich zu Netz) Temperatur;Produktionsstunden;Bezugszaehler;Setpoint frequenzy;t (Total);t (Produktionsbetrieb);t (Innerhalb Windgrenzen);Setpoint voltage;Produktion Zaehler-Lebenszeit kWh;Exported active energy;Exported active energy (red. op-mode);Setpoint in percent;Setpoint active power in percent;Internal setpoint max power;Internal setpoint stop WTG;Internal setpoint start WTG;Betriebsstunden Gen. 1;Betriebsstunden Gen. 2;Grid Possible Power (avg);Air Density;Max. Grid Active Power (Setpoint);Min. Grid Active Power (Setpoint);Max. Possible Grid Active Power (Setpoint);Full Power Operation Time;Power Reduced Operation Time;Min. Operatingstate;Wind Speed 2;Wind Speed 3;Wind Direction 2;Relative Humidity;T Generator Bearing DE;T Generator Bearing NDE;Radiation Module [W/m2];Radiation Horizontal [W/m2];Module Temperature;Wind Speed 4;Wind Speed 5;Wind Speed 6;Wind Speed 7;Wind Speed 8;Wind Direction 3;Wind Direction 4;Temperature Outside 2;Availability Wind Sensor 1;Availability Wind Sensor 2;Active Wind Sector In Period LaPM / Boost);Sector Angle Begin In Period (LaPM / Boost);Sector Angle End In Period (LaPM / Boost);Sector Time In Period (LaPM / Boost);Wind Direction Leading To Power Management (LaPM / Boost);Number Of Currently Main Wind Sensor;Active Wind Sensor;Relative Wind Direction (avg);Relative Wind Direction (min);Relative Wind Direction (max);Relative Wind Direction (stddev);Relative Wind Direction Sensor 1 (avg);Relative Wind Direction Sensor 1 (min);Relative Wind Direction Sensor 1 (max);Relative Wind Direction Sensor 1 (stddev);Relative Wind Direction Sensor 2 (avg);Relative Wind Direction Sensor 2 (min);Relative Wind Direction Sensor 2 (max);Relative Wind Direction Sensor 2 (stddev);Estimated Wind Speed (avg);Estimated Wind Speed (min);Estimated Wind Speed (max);Estimated Wind Speed (stddev);Wind Speed (stddev);Wind Speed Sensor 1 (avg);Wind Speed Sensor 1 (min);Wind Speed Sensor 1 (max);Wind Speed Sensor 1 (stddev);Wind Speed Sensor 2 (avg);Wind Speed Sensor 2 (min);Wind Speed Sensor 2 (max);Wind Speed Sensor 2 (stddev);Pitch Angle 1 (min);Pitch Angle 1 (max);Pitch Angle 1 (stddev);Ground Controller Temperature (avg);Ground Controller Temperature (min);Ground Controller Temperature (max);Ground Controller Temperature (std);Hub Controller Temperature (avg);Hub Controller Temperature (min);Hub Controller Temperature (max);Hub Controller Temperature (stddev);Top Controller Temperature (avg);Top Controller Temperature (min);Top Controller Temperature (max);Top Controller Temperature (stddev);VCP Choke Coil Temperature (avg);VCP Choke Coil Temperature (min);VCP Choke Coil Temperature (max);VCP Choke Coil Temperature (stddev);VCP Temperature (avg);VCP Temperature (min);VCP Temperature (max);VCP Temperature (stddev);VCP Wtr Temperatur (avg);VCP Wtr Temperatur (min);VCP Wtr Temperatur (max);VCP Wtr Temperatur (stddev);Gear Bearing Temperature A (avg);Gear Bearing Temperature A (min);Gear Bearing Temperature A (max);Gear Bearing Temperature A (stddev);Gear Bearing Temperature B (avg);Gear Bearing Temperature B (min);Gear Bearing Temperature B (max);Fermenter Niveau;Fermenter Druck;Fermenter ph-Wert;Fermenter Redoxpotential;Fermenter Temperatur 1;Fermenter Gasanalyse CO2;Fermenter Gasanalyse H2S;Fermenter Gasanalyse CH4;Fermenter Gasanalyse O2;Fermenter TS-Gehalt;Fermenter oTS-Gehalt;Fermenter1 Niveau;Fermenter1 Druck;Fermenter1 ph-Wert;Fermenter1 Redoxpotential;Fermenter1 Temperatur 1;Fermenter1 Gasanalyse CO2;Fermenter1 Gasanalyse H2S;Fermenter1 Gasanalyse CH4;Fermenter1 Gasanalyse O2;Fermenter1 TS-Gehalt;Fermenter1 oTS-Gehalt;Fermenter2 Niveau;Fermenter2 Druck;Fermenter2 ph-Wert;Fermenter2 Redoxpotential;Fermenter2 Temperatur 1;Fermenter2 Gasanalyse CO2;Fermenter2 Gasanalyse H2S;Fermenter2 Gasanalyse CH4;Fermenter2 Gasanalyse O2;Fermenter2 TS-Gehalt;Fermenter2 oTS-Gehalt;Fermenter3 Niveau;Fermenter3 Druck;Fermenter3 ph-Wert;Fermenter3 Redoxpotential;Fermenter3 Temperatur 1;Fermenter3 Gasanalyse CO2;Fermenter3 Gasanalyse H2S;Fermenter3 Gasanalyse CH4;Fermenter3 Gasanalyse O2;Fermenter3 TS-Gehalt;Fermenter3 oTS-Gehalt;Fermenter4 Niveau;Fermenter4 Druck;Fermenter4 ph-Wert;Fermenter4 Redoxpotential;Fermenter4 Temperatur 1;Fermenter4 Gasanalyse CO2;Fermenter4 Gasanalyse H2S;Fermenter4 Gasanalyse CH4;Fermenter4 Gasanalyse O2;Fermenter4 TS-Gehalt;Fermenter4 oTS-Gehalt;Fermenter5 Niveau;Fermenter5 Druck;Fermenter5 ph-Wert;Fermenter5 Redoxpotential;Fermenter5 Temperatur 1;Fermenter5 Gasanalyse CO2;Fermenter5 Gasanalyse H2S;Fermenter5 Gasanalyse CH4;Fermenter5 Gasanalyse O2;Fermenter5 TS-Gehalt;Fermenter5 oTS-Gehalt;Nachgaerer Niveau;Nachgaerer Kopfdruckmessung;Nachgaerer Temperatur 1;Nachgaerer TS-Gehalt;Nachgaerer oTS-Gehalt;Nachgaerer1 Niveau;Nachgaerer1 Kopfdruckmessung;Nachgaerer1 Temperatur 1;Nachgaerer1 TS-Gehalt;Nachgaerer1 oTS-Gehalt;Nachgaerer2 Niveau;Nachgaerer2 Kopfdruckmessung;Nachgaerer2 Temperatur 1;Nachgaerer2 TS-Gehalt;Nachgaerer2 oTS-Gehalt;Nachgaerer3 Niveau;Nachgaerer3 Kopfdruckmessung;Nachgaerer3 Temperatur 1;Nachgaerer3 TS-Gehalt;Nachgaerer3 oTS-Gehalt;Nachgaerer4 Niveau;Nachgaerer4 Kopfdruckmessung;Nachgaerer4 Temperatur 1;Nachgaerer4 TS-Gehalt;Nachgaerer4 oTS-Gehalt;Nachgaerer5 Niveau;Nachgaerer5 Kopfdruckmessung;Nachgaerer5 Temperatur 1;Nachgaerer5 TS-Gehalt;Nachgaerer5 oTS-Gehalt;Rohstofflager Fuellstand;Rohstofflager TS-Gehalt;Rohstofflager oTS-Gehalt;Gasspeicher Fuellstand 1;Gasspeicher Gasdruck;Gasspeicher Temperatur;Gasspeicher1 Fuellstand 1;Gasspeicher1 Gasdruck;Gasspeicher1 Temperatur;Gasspeicher2 Fuellstand 1;Gasspeicher2 Gasdruck;Gasspeicher2 Temperatur;Gasspeicher3 Fuellstand 1;Gasspeicher3 Gasdruck;Gasspeicher3 Temperatur;Gasspeicher4 Fuellstand 1;Gasspeicher4 Gasdruck;Gasspeicher4 Temperatur;Gasspeicher5 Fuellstand 1;Gasspeicher5 Gasdruck;Gasspeicher5 Temperatur;BHKW Leistung;BHKW Gasdurchfluss;BHKW Vorlauftemperatur Fermenter;BHKW Ruecklauftemperatur Fermenter;BHKW Gasanalyse CO2;BHKW Gasanalyse H2S;BHKW Gasanalyse O2;BHKW Gasanalyse CH4;BHKW Gasanalyse H2;BHKW1 Leistung;BHKW1 Gasdurchfluss;BHKW1 Vorlauftemperatur Fermenter;BHKW1 Ruecklauftemperatur Fermenter;BHKW1 Gasanalyse CO2;BHKW1 Gasanalyse H2S;BHKW1 Gasanalyse O2;BHKW1 Gasanalyse CH4;BHKW1 Gasanalyse H2;BHKW2 Leistung;BHKW2 Gasdurchfluss;BHKW2 Vorlauftemperatur Fermenter;BHKW2 Ruecklauftemperatur Fermenter;BHKW2 Gasanalyse CO2;BHKW2 Gasanalyse H2S;BHKW2 Gasanalyse O2;BHKW2 Gasanalyse CH4;BHKW2 Gasanalyse H2;BHKW3 Leistung;BHKW3 Gasdurchfluss;BHKW3 Vorlauftemperatur Fermenter;BHKW3 Ruecklauftemperatur Fermenter;BHKW3 Gasanalyse CO2;BHKW3 Gasanalyse H2S;BHKW3 Gasanalyse O2;BHKW3 Gasanalyse CH4;BHKW3 Gasanalyse H2;BHKW4 Leistung;BHKW4 Gasdurchfluss;BHKW4 Vorlauftemperatur Fermenter;BHKW4 Ruecklauftemperatur Fermenter;BHKW4 Gasanalyse CO2;BHKW4 Gasanalyse H2S;BHKW4 Gasanalyse O2;BHKW4 Gasanalyse CH4;BHKW4 Gasanalyse H2;BHKW5 Leistung;BHKW5 Gasdurchfluss;BHKW5 Vorlauftemperatur Fermenter;BHKW5 Ruecklauftemperatur Fermenter;BHKW5 Gasanalyse CO2;BHKW5 Gasanalyse H2S;BHKW5 Gasanalyse O2;BHKW5 Gasanalyse CH4;BHKW5 Gasanalyse H2;ZM-Pumpe Druckmessung;ZM-Pumpe Temperatur;ZM-Pumpe Durchflussmessung;Durchflussmenge;Leitapparat;Oberpegel;Pegel;BHKW Gesamtleistungsbezug Eigenbedarf;BHKW Gasverbrauch heute;BHKW Gasverbrauch gesamt;Fuellstand Vorgrube;Niederschlag max;Niederschlag min;T Mittelspannungstrafo Windung U ;T Mittelspannungstrafo Windung V;T Mittelspannungstrafo Windung W ;T Mittelspannungstrafo Umbegung;Ice Level;External setpoint power factor;Free For Reuse;Water Flow Rate;Upstream Water Level;Downstream Water Level;Weir Water Level;Setpoint power from grid operator;Setpoint power from direct marketer;Setpoint power from customer;Vmin;Vmax;Vout;Iout;%Wout;Freq;%Cap;Vbat;TupsC;%VAout;Setpoint active power controller;Wind Average of Running plants;Gear Bearing Temperature B (stddev);Gear Bearing Temperature C (avg);Gear Bearing Temperature C (min);Gear Bearing Temperature C (max);Gear Bearing Temperature C (stddev);Gear Bearing Hollow Shaft Generator Temperature (avg);Gear Bearing Hollow Shaft Generator Temperature (min);Gear Bearing Hollow Shaft Generator Temperature (max);Gear Bearing Hollow Shaft Generator Temperature (stddev);Gear Bearing Hollow Shaft Rotor Temperature (avg);Gear Bearing Hollow Shaft Rotor Temperature (min);Gear Bearing Hollow Shaft Rotor Temperature (max);Gear Bearing Hollow Shaft Rotor Temperature (stddev);Gear Bearing High Speed Generator Temperature (min);Gear Bearing High Speed Generator Temperature (max);Gear Bearing High Speed Generator Temperature (stddev);Gear Bearing High Speed Middle Temperature (avg);Gear Bearing High Speed Middle Temperature (min);Gear Bearing High Speed Middle Temperature (max);Gear Bearing High Speed Middle Temperature (stddev);Gear Bearing High Speed Rotor Temperature (avg);Gear Bearing High Speed Rotor Temperature (min);Gear Bearing High Speed Rotor Temperature (max);Gear Bearing High Speed Rotor Temperature (stddev);Gear Bearing Intermediate Shaft 1 Temperature (avg);Gear Bearing Intermediate Shaft 1 Temperature (min);Gear Bearing Intermediate Shaft 1 Temperature (max);Gear Bearing Intermediate Shaft 1 Temperature (stddev);Gear Bearing Intermediate Shaft 2 Temperature (avg);Gear Bearing Intermediate Shaft 2 Temperature (min);Gear Bearing Intermediate Shaft 2 Temperature (max);Gear Bearing Intermediate Shaft 2 Temperature (stddev);Gear Bearing Intermediate Shaft 3 Temperature (avg);Gear Bearing Intermediate Shaft 3 Temperature (min);Gear Bearing Intermediate Shaft 3 Temperature (max);Gear Bearing Intermediate Shaft 3 Temperature (stddev);Gear Cooling Water Temperature (avg);Gear Cooling Water Temperature (min);Gear Cooling Water Temperature (max);Gear Cooling Water Temperature (stddev);Gear Lubrication Oil Temperature (avg);Gear Lubrication Oil Temperature (min);Gear Lubrication Oil Temperature (max);Gear Lubrication Oil Temperature (stddev);Gear Main Bearing Temperature (avg);Gear Main Bearing Temperature (min);Gear Main Bearing Temperature (max);Gear Main Bearing Temperature (stddev);Gear Main Tank Oil Temperature (avg);Gear Main Tank Oil Temperature (min);Gear Main Tank Oil Temperature (max);Gear Main Tank Oil Temperature (stddev);Gear Oil Inlet Temperature (avg);Gear Oil Inlet Temperature (min);Gear Oil Inlet Temperature (max);Gear Oil Inlet Temperature (stddev);Generator RPM (min);Generator RPM (max);Generator RPM (stddev);Generator Slip Ring Top Temperature (min);Generator Slip Ring Top Temperature (max);Generator Slip Ring Top Temperature (stddev);Grid Busbar Temperature (avg);Grid Busbar Temperature (min);Grid Busbar Temperature (max);Grid Busbar Temperature (stddev);Grid Production CosPhi (min);Grid Production CosPhi (max);Grid Production CosPhi (stddev);Grid Possible Power (min);Grid Possible Power (max);Grid Possible Power (stddev);Grid Produced Power Internal Derate State;Grid Produced Power Internal Derate Time;Grid Produced Power Standard Deviation;Grid Rotor (Inverter) Phase 1 Current (avg);Grid Rotor (Inverter) Phase 1 Current (min);Grid Rotor (Inverter) Phase 1 Current (max);Grid Rotor (Inverter) Phase 1 Current (stddec);Grid Rotor (Inverter) Phase 1 Temperature (avg);Grid Rotor (Inverter) Phase 2 Current (avg);Grid Rotor (Inverter) Phase 2 Current (min);Grid Rotor (Inverter) Phase 2 Current (max);Grid Rotor (Inverter) Phase 2 Current (stddev);Grid Rotor (Inverter) Phase 2 Temperature (avg);Grid Rotor (Inverter) Phase 2 Temperature (min);Grid Rotor (Inverter) Phase 2 Temperature (max);Grid Rotor (Inverter) Phase 2 Temperature (stddev);Grid Rotor (Inverter) Phase 3 Current (avg);Grid Rotor (Inverter) Phase 3 Current (min);Grid Rotor (Inverter) Phase 3 Current (max);Grid Rotor (Inverter) Phase 3 Current (stddev);Grid Rotor (Inverter) Phase 3 Temperature (avg);Grid Rotor (Inverter) Phase 3 Temperature (min);Grid Rotor (Inverter) Phase 3 Temperature (max);Grid Rotor (Inverter) Phase 3 Temperature (stddev);Active Power Reference Value (min);Active Power Reference Value (max);Active Power Setting Source;Reactive Power Setting Source;VCRS Chopper Temperature (avg);High Voltage Trafo Air Outlet Temperature (avg);High Voltage Trafo Core Temperature 1 (avg);High Voltage Trafo Core Temperature 1 (min);High Voltage Trafo Core Temperature 1 (max);High Voltage Trafo Core Temperature 1 (stddev);High Voltage Trafo Core Temperature 2 (avg);High Voltage Trafo Core Temperature 2 (min);High Voltage Trafo Core Temperature 2 (max);High Voltage Trafo Core Temperature 2 (stddev);High Voltage Trafo Phase 1 Temperature (min);High Voltage Trafo Phase 1 Temperature (max);High Voltage Trafo Phase 1 Temperature (stddev);High Voltage Trafo Phase 2 Temperature (min);High Voltage Trafo Phase 2 Temperature (max);High Voltage Trafo Phase 2 Temperature (stddev);High Voltage Trafo Phase 3 Temperature (min);High Voltage Trafo Phase 3 Temperature (max);High Voltage Trafo Phase 3 Temperature (stddev);Nacelle Damper Temperature (avg);Nacelle Damper Temperature (min);Nacelle Damper Temperature (max);Nacelle Damper Temperature (stddev);Rotor RPM (stddev);First Active Alarm Parameter 1;First Active Alarm Parameter 2;Tower Acceleration X Axis;Tower Acceleration Y Axis;Yaw Motors Temperature (avg);Yaw Motors Temperature (min);Yaw Motors Temperature (max);Yaw Motors Temperature (stddev);High Voltage Trafo Phase 1 Core Temperature (avg);High Voltage Trafo Phase 1 Core Temperature (min);High Voltage Trafo Phase 1 Core Temperature (max);High Voltage Trafo Phase 1 Core Temperature (stddev);High Voltage Trafo Phase 2 Core Temperature (avg);High Voltage Trafo Phase 2 Core Temperature (min);High Voltage Trafo Phase 2 Core Temperature (max);High Voltage Trafo Phase 2 Core Temperature (stddev);High Voltage Trafo Phase 3 Core Temperature (avg);High Voltage Trafo Phase 3 Core Temperature (min);High Voltage Trafo Phase 3 Core Temperature (max);High Voltage Trafo Phase 3 Core Temperature (stddev);PowerBoost gain (absolute) [kWh];Nacelle Orientation (max) [degrees];Nacelle Orientation (min) [degrees];Regulator power reference [kW];DMI power demand [kW];Utility power demand [kW];Visibility Range (avg);Visibility Range (min);Visibility Range (max);T Outside Ground Level (avg);Calculated By ROTORsoft;Fehlernummer;Windgeschwindigkeit;Windgeschwindigkeit Max;Windgeschwindigkeit Min;Rotor RPM (avg);Rotor RPM (max);Rotor RPM (min);Leistung;Leistung Max;Leistung Min;Gondelposition;Windrichtung;Generator RPM (avg);Stop Fault;Schwingung;Produktion Zaehler;T Outside Nacelle Level (avg);T Gen1;T Gen2;T Getriebe;T Lager A;T Lager B;T Inside Nacelle (avg)
1572908400000;2019-11-05T00:00:00.000+0100;;;;;;;;;1.00;-29.90;375.70;375.70;375.50;248.00;244.00;243.00;-2.10;;;;;-2.10;-2.10;;;;;;;;;1.0;;;;;;;;;;;;;;;;;;;;;;;;;;;;;;;;;;;;;;;;;;;;50.00;;;;;;;;;;;;;;;;;;;;;;;;;;;;;;;;;;;;;;37.00;50.00;35.00;12.00;;;;26.00;28.00;25.00;;;;;;;;;1171.80;951.70;-17.000;-42.900;;;;;;;;;;;;;2000.000;;;;;;;;;;;63.00;62.00;63.00;;;;;;;;;60827;;;;;;;;;;;;;;274.000;;;;;;;;;;;;36.00;34.00;;;;;;;;;;;;;;0;0.00;0.00;;0.00;;3.00;-1.90;-5.30;;0.50;-3.80;;;;-0.10;;;;5.50;;;;0.30;5.30;3.40;7.00;0.50;5.30;3.80;6.90;0.50;-2.20;-2.10;0.00;25.00;;;;19.00;;;;33.00;;;;;;;;40.00;;;;;;;;;;;;58.00;;;;;;;;;;;;;;;;;;;;;;;;;;;;;;;;;;;;;;;;;;;;;;;;;;;;;;;;;;;;;;;;;;;;;;;;;;;;;;;;;;;;;;;;;;;;;;;;;;;;;;;;;;;;;;;;;;;;;;;;;;;;;;;;;;;;;;;;;;;;;;;;;;;;;;;;;;;;;;;;;;;;;;;;;;;;;;;;;;;;;;;;;;;;;;;;;;;;;;;;;;;;;;;;;;;;;;59.00;;;;;;;;;;;;;;;;;;;;;;;;;;;;;;;;;;;35.00;35.00;36.00;;;;;;;;;;;;;;44.00;43.00;44.00;;;;60.20;;;;;;;;;;;158.30;393.30;57.30;0.00;0.00;57.30;;;;;;;;;;;;;;;;;;;;;;2000.00;2000.00;1;1;;;;;;;;;;;;;;;;;;;;;;;;0.60;0;0;0.00;0.00;;;;;70.00;70.00;70.00;;74.00;74.00;74.00;;68.00;68.00;68.00;;;;;;;;;;;;;0;5.30;6.30;4.60;10.10;11.30;9.10;274;392;158;264;262;1050.20;;;29083258;9.00;;;;;;22.00
1572909000000;2019-11-05T00:10:00.000+0100;;;;;;;;;1.00;-20.80;376.20;376.40;376.10;173.00;169.00;168.00;-2.10;;;;;-2.10;-2.10;;;;;;;;;1.0;;;;;;;;;;;;;;;;;;;;;;;;;;;;;;;;;;;;;;;;;;;;50.00;;;;;;;;;;;;;;;;;;;;;;;;;;;;;;;;;;;;;;37.00;49.00;35.00;12.00;;;;26.00;28.00;25.00;;;;;;;;;989.70;911.80;-15.900;-25.100;;;;;;;;;;;;;2000.000;;;;;;;;;;;62.00;61.00;61.00;;;;;;;;;60827;;;;;;;;;;;;;;190.300;;;;;;;;;;;;36.00;34.00;;;;;;;;;;;;;;0;0.00;0.00;;0.00;;3.00;-1.20;-7.10;;1.50;-3.20;;;;0.10;;;;5.00;;;;0.20;4.70;3.00;6.30;0.40;4.80;3.00;6.50;0.40;-2.20;-2.00;0.00;25.00;;;;19.00;;;;35.00;;;;;;;;40.00;;;;;;;;;;;;57.00;;;;;;;;;;;;;;;;;;;;;;;;;;;;;;;;;;;;;;;;;;;;;;;;;;;;;;;;;;;;;;;;;;;;;;;;;;;;;;;;;;;;;;;;;;;;;;;;;;;;;;;;;;;;;;;;;;;;;;;;;;;;;;;;;;;;;;;;;;;;;;;;;;;;;;;;;;;;;;;;;;;;;;;;;;;;;;;;;;;;;;;;;;;;;;;;;;;;;;;;;;;;;;;;;;;;;;56.00;;;;;;;;;;;;;;;;;;;;;;;;;;;;;;;;;;;35.00;35.00;35.00;;;;;;;;;;;;;;43.00;42.00;43.00;;;;18.10;;;;;;;;;;;149.00;228.60;14.70;0.00;0.00;14.70;;;;;;;;;;;;;;;;;;;;;;2000.00;2000.00;1;1;;;;;;;;;;;;;;;;;;;;;;;;0.20;0;0;0.00;0.00;;;;;70.00;70.00;70.00;;74.00;74.00;74.00;;68.00;68.00;68.00;;;;;;;;;;;;;0;4.80;5.30;4.20;9.00;9.50;8.80;190;228;149;258;257;940.90;;;29083290;9.00;;;;;;22.00
1572909600000;2019-11-05T00:20:00.000+0100;;;;;;;;;1.00;-22.10;376.50;376.60;376.30;183.00;180.00;179.00;-2.10;;;;;-2.10;-2.10;;;;;;;;;1.0;;;;;;;;;;;;;;;;;;;;;;;;;;;;;;;;;;;;;;;;;;;;50.00;;;;;;;;;;;;;;;;;;;;;;;;;;;;;;;;;;;;;;37.00;49.00;35.00;12.00;;;;26.00;28.00;25.00;;;;;;;;;1063.30;905.20;-16.900;-30.700;;;;;;;;;;;;;2000.000;;;;;;;;;;;61.00;60.00;60.00;;;;;;;;;60827;;;;;;;;;;;;;;202.400;;;;;;;;;;;;36.00;34.00;;;;;;;;;;;;;;0;0.00;0.00;;0.00;;3.00;3.30;-1.20;;0.40;1.50;;;;5.70;;;;5.00;;;;0.30;4.70;2.90;6.20;0.50;4.80;2.70;7.70;0.50;-2.20;-2.00;0.00;25.00;;;;19.00;;;;33.00;;;;;;;;40.00;;;;;;;;;;;;57.00;;;;;;;;;;;;;;;;;;;;;;;;;;;;;;;;;;;;;;;;;;;;;;;;;;;;;;;;;;;;;;;;;;;;;;;;;;;;;;;;;;;;;;;;;;;;;;;;;;;;;;;;;;;;;;;;;;;;;;;;;;;;;;;;;;;;;;;;;;;;;;;;;;;;;;;;;;;;;;;;;;;;;;;;;;;;;;;;;;;;;;;;;;;;;;;;;;;;;;;;;;;;;;;;;;;;;;55.00;;;;;;;;;;;;;;;;;;;;;;;;;;;;;;;;;;;35.00;35.00;35.00;;;;;;;;;;;;;;42.00;42.00;43.00;;;;33.70;;;;;;;;;;;156.40;279.80;21.20;0.00;0.00;21.20;;;;;;;;;;;;;;;;;;;;;;2000.00;2000.00;1;1;;;;;;;;;;;;;;;;;;;;;;;;0.30;0;0;0.00;0.00;;;;;70.00;70.00;70.00;;74.00;74.00;74.00;;68.00;68.00;68.00;;;;;;;;;;;;;0;4.80;5.90;4.20;9.10;10.20;8.70;203;279;157;254;257;945.60;;;29083322;9.00;;;;;;22.00
1572910200000;2019-11-05T00:30:00.000+0100;;;;;;;;;1.00;-24.30;376.30;376.50;376.10;201.00;198.00;196.00;-2.10;;;;;-2.10;-2.10;;;;;;;;;1.0;;;;;;;;;;;;;;;;;;;;;;;;;;;;;;;;;;;;;;;;;;;;50.00;;;;;;;;;;;;;;;;;;;;;;;;;;;;;;;;;;;;;;37.00;49.00;35.00;12.00;;;;26.00;28.00;25.00;;;;;;;;;1058.20;919.40;-18.700;-31.600;;;;;;;;;;;;;2000.000;;;;;;;;;;;60.00;59.00;60.00;;;;;;;;;60828;;;;;;;;;;;;;;222.300;;;;;;;;;;;;35.00;34.00;;;;;;;;;;;;;;0;0.00;0.00;;0.00;;3.00;1.60;-2.50;;0.80;-0.80;;;;3.20;;;;5.20;;;;0.20;5.00;2.70;6.80;0.50;5.00;3.40;6.70;0.50;-2.20;-2.00;0.00;25.00;;;;19.00;;;;31.00;;;;;;;;40.00;;;;;;;;;;;;57.00;;;;;;;;;;;;;;;;;;;;;;;;;;;;;;;;;;;;;;;;;;;;;;;;;;;;;;;;;;;;;;;;;;;;;;;;;;;;;;;;;;;;;;;;;;;;;;;;;;;;;;;;;;;;;;;;;;;;;;;;;;;;;;;;;;;;;;;;;;;;;;;;;;;;;;;;;;;;;;;;;;;;;;;;;;;;;;;;;;;;;;;;;;;;;;;;;;;;;;;;;;;;;;;;;;;;;;55.00;;;;;;;;;;;;;;;;;;;;;;;;;;;;;;;;;;;35.00;35.00;35.00;;;;;;;;;;;;;;43.00;42.00;43.00;;;;28.80;;;;;;;;;;;171.80;288.80;17.50;0.00;0.00;17.50;;;;;;;;;;;;;;;;;;;;;;2000.00;2000.00;1;1;;;;;;;;;;;;;;;;;;;;;;;;0.30;0;0;0.00;0.00;;;;;70.00;70.00;70.00;;74.00;74.00;74.00;;68.00;68.00;68.00;;;;;;;;;;;;;0;5.00;5.80;4.30;9.50;10.20;8.80;223;289;172;254;256;984.60;;;29083360;9.00;;;;;;22.00
1572910800000;2019-11-05T00:40:00.000+0100;;;;;;;;;1.00;-21.80;376.40;376.40;376.10;181.00;177.00;177.00;-2.10;;;;;-2.10;-2.10;;;;;;;;;1.0;;;;;;;;;;;;;;;;;;;;;;;;;;;;;;;;;;;;;;;;;;;;50.00;;;;;;;;;;;;;;;;;;;;;;;;;;;;;;;;;;;;;;37.00;48.00;35.00;12.00;;;;26.00;27.00;25.00;;;;;;;;;1042.50;911.20;-16.300;-28.000;;;;;;;;;;;;;2000.000;;;;;;;;;;;60.00;59.00;60.00;;;;;;;;;60828;;;;;;;;;;;;;;199.400;;;;;;;;;;;;35.00;34.00;;;;;;;;;;;;;;0;0.00;0.00;;0.00;;3.00;1.60;-3.70;;1.00;-0.60;;;;3.40;;;;5.00;;;;0.20;4.80;3.30;6.70;0.50;4.90;3.20;7.10;0.50;-2.20;-2.00;0.00;25.00;;;;19.00;;;;32.00;;;;;;;;40.00;;;;;;;;;;;;57.00;;;;;;;;;;;;;;;;;;;;;;;;;;;;;;;;;;;;;;;;;;;;;;;;;;;;;;;;;;;;;;;;;;;;;;;;;;;;;;;;;;;;;;;;;;;;;;;;;;;;;;;;;;;;;;;;;;;;;;;;;;;;;;;;;;;;;;;;;;;;;;;;;;;;;;;;;;;;;;;;;;;;;;;;;;;;;;;;;;;;;;;;;;;;;;;;;;;;;;;;;;;;;;;;;;;;;;55.00;;;;;;;;;;;;;;;;;;;;;;;;;;;;;;;;;;;35.00;35.00;35.00;;;;;;;;;;;;;;42.00;42.00;43.00;;;;29.30;;;;;;;;;;;150.70;257.30;20.10;0.00;0.00;20.10;;;;;;;;;;;;;;;;;;;;;;2000.00;2000.00;1;1;;;;;;;;;;;;;;;;;;;;;;;;0.30;0;0;0.00;0.00;;;;;70.00;70.00;70.00;;74.00;74.00;74.00;;68.00;68.00;68.00;;;;;;;;;;;;;0;4.80;5.50;4.20;9.20;10.00;8.80;199;257;151;254;256;954.30;;;29083392;9.00;;;;;;22.00
1572911400000;2019-11-05T00:50:00.000+0100;;;;;;;;;1.00;-21.80;376.70;376.90;376.60;181.00;178.00;176.00;-2.00;;;;;-2.00;-2.00;;;;;;;;;1.0;;;;;;;;;;;;;;;;;;;;;;;;;;;;;;;;;;;;;;;;;;;;50.00;;;;;;;;;;;;;;;;;;;;;;;;;;;;;;;;;;;;;;37.00;48.00;35.00;12.00;;;;25.00;27.00;25.00;;;;;;;;;1053.80;900.40;-13.000;-30.500;;;;;;;;;;;;;2000.000;;;;;;;;;;;59.00;59.00;59.00;;;;;;;;;60828;;;;;;;;;;;;;;199.900;;;;;;;;;;;;35.00;33.00;;;;;;;;;;;;;;0;0.00;0.00;;0.00;;3.00;2.80;-0.10;;0.60;0.30;;;;5.10;;;;5.00;;;;0.30;4.70;3.00;6.20;0.50;4.80;3.00;7.00;0.60;-2.20;-1.50;0.20;25.00;;;;19.00;;;;33.00;;;;;;;;40.00;;;;;;;;;;;;57.00;;;;;;;;;;;;;;;;;;;;;;;;;;;;;;;;;;;;;;;;;;;;;;;;;;;;;;;;;;;;;;;;;;;;;;;;;;;;;;;;;;;;;;;;;;;;;;;;;;;;;;;;;;;;;;;;;;;;;;;;;;;;;;;;;;;;;;;;;;;;;;;;;;;;;;;;;;;;;;;;;;;;;;;;;;;;;;;;;;;;;;;;;;;;;;;;;;;;;;;;;;;;;;;;;;;;;;55.00;;;;;;;;;;;;;;;;;;;;;;;;;;;;;;;;;;;35.00;35.00;35.00;;;;;;;;;;;;;;42.00;42.00;43.00;;;;36.20;;;;;;;;;;;117.80;281.30;34.00;0.00;0.00;34.00;;;;;;;;;;;;;;;;;;;;;;2000.00;2000.00;1;1;;;;;;;;;;;;;;;;;;;;;;;;0.30;0;0;0.00;0.00;;;;;70.00;70.00;70.00;;74.00;74.00;74.00;;68.00;68.00;68.00;;;;;;;;;;;;;0;4.80;5.70;3.80;9.20;10.10;8.60;200;280;119;254;257;954.30;;;29083428;9.00;;;;;;22.00
1572912000000;2019-11-05T01:00:00.000+0100;;;;;;;;;1.00;-25.00;376.20;376.30;375.90;208.00;203.00;203.00;-2.00;;;;;-2.00;-2.00;;;;;;;;;1.0;;;;;;;;;;;;;;;;;;;;;;;;;;;;;;;;;;;;;;;;;;;;50.00;;;;;;;;;;;;;;;;;;;;;;;;;;;;;;;;;;;;;;37.00;48.00;35.00;12.00;;;;25.00;27.00;24.00;;;;;;;;;1141.70;901.70;-13.200;-47.000;;;;;;;;;;;;;2000.000;;;;;;;;;;;60.00;59.00;59.00;;;;;;;;;60828;;;;;;;;;;;;;;229.400;;;;;;;;;;;;34.00;33.00;;;;;;;;;;;;;;0;0.00;0.00;;0.00;;3.00;3.70;-0.80;;1.00;0.80;;;;6.10;;;;5.20;;;;0.40;4.90;2.90;6.90;0.60;5.10;3.50;7.00;0.60;-2.20;-1.10;0.20;25.00;;;;19.00;;;;35.00;;;;;;;;40.00;;;;;;;;;;;;57.00;;;;;;;;;;;;;;;;;;;;;;;;;;;;;;;;;;;;;;;;;;;;;;;;;;;;;;;;;;;;;;;;;;;;;;;;;;;;;;;;;;;;;;;;;;;;;;;;;;;;;;;;;;;;;;;;;;;;;;;;;;;;;;;;;;;;;;;;;;;;;;;;;;;;;;;;;;;;;;;;;;;;;;;;;;;;;;;;;;;;;;;;;;;;;;;;;;;;;;;;;;;;;;;;;;;;;;55.00;;;;;;;;;;;;;;;;;;;;;;;;;;;;;;;;;;;35.00;35.00;35.00;;;;;;;;;;;;;;42.00;42.00;43.00;;;;58.00;;;;;;;;;;;122.10;429.40;50.30;0.00;0.00;50.20;;;;;;;;;;;;;;;;;;;;;;2000.00;2000.00;1;1;;;;;;;;;;;;;;;;;;;;;;;;0.60;0;0;0.00;0.00;;;;;70.00;70.00;70.00;;74.00;74.00;74.00;;68.00;68.00;68.00;;;;;;;;;;;;;0;5.00;6.20;3.80;9.50;11.00;8.70;229;428;124;257;261;993.20;;;29083464;9.00;;;;;;22.00
1572912600000;2019-11-05T01:10:00.000+0100;;;;;;;;;1.00;-26.10;374.90;375.20;374.70;218.00;214.00;213.00;-2.10;;;;;-2.10;-2.10;;;;;;;;;1.0;;;;;;;;;;;;;;;;;;;;;;;;;;;;;;;;;;;;;;;;;;;;50.00;;;;;;;;;;;;;;;;;;;;;;;;;;;;;;;;;;;;;;37.00;48.00;35.00;12.00;;;;25.00;27.00;24.00;;;;;;;;;1135.50;927.20;-15.700;-37.200;;;;;;;;;;;;;2000.000;;;;;;;;;;;60.00;59.00;60.00;;;;;;;;;60828;;;;;;;;;;;;;;239.700;;;;;;;;;;;;34.00;33.00;;;;;;;;;;;;;;0;0.00;0.00;;0.00;;3.00;4.50;-8.70;;2.30;2.00;;;;6.90;;;;5.30;;;;0.40;5.00;2.90;7.00;0.60;5.10;2.90;7.60;0.60;-2.30;-1.70;0.10;25.00;;;;19.00;;;;33.00;;;;;;;;40.00;;;;;;;;;;;;57.00;;;;;;;;;;;;;;;;;;;;;;;;;;;;;;;;;;;;;;;;;;;;;;;;;;;;;;;;;;;;;;;;;;;;;;;;;;;;;;;;;;;;;;;;;;;;;;;;;;;;;;;;;;;;;;;;;;;;;;;;;;;;;;;;;;;;;;;;;;;;;;;;;;;;;;;;;;;;;;;;;;;;;;;;;;;;;;;;;;;;;;;;;;;;;;;;;;;;;;;;;;;;;;;;;;;;;;56.00;;;;;;;;;;;;;;;;;;;;;;;;;;;;;;;;;;;35.00;35.00;35.00;;;;;;;;;;;;;;42.00;42.00;43.00;;;;50.30;;;;;;;;;;;143.40;338.30;38.30;0.00;0.00;38.30;;;;;;;;;;;;;;;;;;;;;;2000.00;2000.00;1;1;;;;;;;;;;;;;;;;;;;;;;;;0.50;0;0;0.00;0.00;;;;;70.00;70.00;70.00;;74.00;74.00;74.00;;68.00;68.00;68.00;;;;;;;;;;;;;0;5.10;6.30;3.80;9.60;10.90;8.90;240;338;146;263;268;1004.20;;;29083504;9.00;;;;;;22.00
1572913200000;2019-11-05T01:20:00.000+0100;;;;;;;;;1.00;-24.30;374.90;375.10;374.70;202.00;197.00;197.00;-2.10;;;;;-2.10;-2.10;;;;;;;;;1.0;;;;;;;;;;;;;;;;;;;;;;;;;;;;;;;;;;;;;;;;;;;;50.00;;;;;;;;;;;;;;;;;;;;;;;;;;;;;;;;;;;;;;37.00;48.00;35.00;12.00;;;;25.00;27.00;24.00;;;;;;;;;1107.60;910.20;-15.800;-38.000;;;;;;;;;;;;;2000.000;;;;;;;;;;;60.00;59.00;60.00;;;;;;;;;60828;;;;;;;;;;;;;;221.900;;;;;;;;;;;;34.00;33.00;;;;;;;;;;;;;;0;0.00;0.00;;0.00;;3.00;5.20;4.30;;1.60;3.50;;;;7.00;;;;5.20;;;;0.40;4.90;3.30;7.00;0.60;5.00;3.50;7.00;0.60;-2.20;-1.60;0.10;25.00;;;;19.00;;;;31.00;;;;;;;;40.00;;;;;;;;;;;;57.00;;;;;;;;;;;;;;;;;;;;;;;;;;;;;;;;;;;;;;;;;;;;;;;;;;;;;;;;;;;;;;;;;;;;;;;;;;;;;;;;;;;;;;;;;;;;;;;;;;;;;;;;;;;;;;;;;;;;;;;;;;;;;;;;;;;;;;;;;;;;;;;;;;;;;;;;;;;;;;;;;;;;;;;;;;;;;;;;;;;;;;;;;;;;;;;;;;;;;;;;;;;;;;;;;;;;;;56.00;;;;;;;;;;;;;;;;;;;;;;;;;;;;;;;;;;;35.00;35.00;35.00;;;;;;;;;;;;;;42.00;42.00;43.00;;;;43.60;;;;;;;;;;;145.70;349.40;37.70;0.00;0.00;37.70;;;;;;;;;;;;;;;;;;;;;;2000.00;2000.00;1;1;;;;;;;;;;;;;;;;;;;;;;;;0.40;0;0;0.00;0.00;;;;;70.00;70.00;70.00;;74.00;74.00;74.00;;68.00;68.00;68.00;;;;;;;;;;;;;0;5.00;5.90;3.90;9.40;10.60;8.70;222;348;146;270;275;979.20;;;29083542;9.00;;;;;;22.00
1572913800000;2019-11-05T01:30:00.000+0100;;;;;;;;;1.00;-24.40;375.30;375.40;375.10;203.00;198.00;198.00;-2.10;;;;;-2.10;-2.10;;;;;;;;;1.0;;;;;;;;;;;;;;;;;;;;;;;;;;;;;;;;;;;;;;;;;;;;50.00;;;;;;;;;;;;;;;;;;;;;;;;;;;;;;;;;;;;;;37.00;48.00;35.00;12.00;;;;25.00;27.00;24.00;;;;;;;;;1129.10;911.20;-13.200;-38.100;;;;;;;;;;;;;2000.000;;;;;;;;;;;60.00;59.00;60.00;;;;;;;;;60829;;;;;;;;;;;;;;223.200;;;;;;;;;;;;34.00;33.00;;;;;;;;;;;;;;0;0.00;0.00;;0.00;;3.00;2.60;0.50;;1.20;0.80;;;;4.30;;;;5.20;;;;0.40;5.00;2.90;6.90;0.60;5.10;3.60;7.20;0.60;-2.20;-1.50;0.10;25.00;;;;19.00;;;;32.00;;;;;;;;40.00;;;;;;;;;;;;57.00;;;;;;;;;;;;;;;;;;;;;;;;;;;;;;;;;;;;;;;;;;;;;;;;;;;;;;;;;;;;;;;;;;;;;;;;;;;;;;;;;;;;;;;;;;;;;;;;;;;;;;;;;;;;;;;;;;;;;;;;;;;;;;;;;;;;;;;;;;;;;;;;;;;;;;;;;;;;;;;;;;;;;;;;;;;;;;;;;;;;;;;;;;;;;;;;;;;;;;;;;;;;;;;;;;;;;;56.00;;;;;;;;;;;;;;;;;;;;;;;;;;;;;;;;;;;35.00;35.00;35.00;;;;;;;;;;;;;;42.00;42.00;43.00;;;;59.60;;;;;;;;;;;121.30;349.60;48.00;0.00;0.00;47.90;;;;;;;;;;;;;;;;;;;;;;2000.00;2000.00;1;1;;;;;;;;;;;;;;;;;;;;;;;;0.60;0;0;0.00;0.00;;;;;70.00;70.00;70.00;;74.00;74.00;74.00;;68.00;68.00;68.00;;;;;;;;;;;;;0;5.10;6.20;4.00;9.70;10.80;8.70;223;349;122;275;278;1006.80;;;29083578;9.00;;;;;;22.00
1572914400000;2019-11-05T01:40:00.000+0100;;;;;;;;;1.00;-18.20;375.60;375.80;375.50;152.00;148.00;148.00;-2.00;;;;;-2.00;-2.00;;;;;;;;;1.0;;;;;;;;;;;;;;;;;;;;;;;;;;;;;;;;;;;;;;;;;;;;50.00;;;;;;;;;;;;;;;;;;;;;;;;;;;;;;;;;;;;;;37.00;48.00;35.00;12.00;;;;25.00;27.00;24.00;;;;;;;;;1020.40;907.30;-11.100;-28.500;;;;;;;;;;;;;2000.000;;;;;;;;;;;60.00;59.00;60.00;;;;;;;;;60829;;;;;;;;;;;;;;166.700;;;;;;;;;;;;34.00;33.00;;;;;;;;;;;;;;0;0.00;0.00;;0.00;;3.00;3.50;-1.10;;1.20;1.70;;;;5.80;;;;4.80;;;;0.30;4.60;3.00;6.20;0.50;4.70;3.30;6.60;0.50;-2.20;-1.20;0.30;25.00;;;;19.00;;;;33.00;;;;;;;;40.00;;;;;;;;;;;;56.00;;;;;;;;;;;;;;;;;;;;;;;;;;;;;;;;;;;;;;;;;;;;;;;;;;;;;;;;;;;;;;;;;;;;;;;;;;;;;;;;;;;;;;;;;;;;;;;;;;;;;;;;;;;;;;;;;;;;;;;;;;;;;;;;;;;;;;;;;;;;;;;;;;;;;;;;;;;;;;;;;;;;;;;;;;;;;;;;;;;;;;;;;;;;;;;;;;;;;;;;;;;;;;;;;;;;;;55.00;;;;;;;;;;;;;;;;;;;;;;;;;;;;;;;;;;;35.00;35.00;35.00;;;;;;;;;;;;;;42.00;41.00;42.00;;;;24.80;;;;;;;;;;;103.70;258.10;28.90;0.00;0.00;28.90;;;;;;;;;;;;;;;;;;;;;;2000.00;2000.00;1;1;;;;;;;;;;;;;;;;;;;;;;;;0.20;0;0;0.00;0.00;;;;;70.00;70.00;70.00;;74.00;74.00;74.00;;68.00;68.00;68.00;;;;;;;;;;;;;0;4.70;5.60;3.90;9.00;9.80;8.70;167;258;104;275;279;938.70;;;29083606;9.00;;;;;;21.00
1572915000000;2019-11-05T01:50:00.000+0100;;;;;;;;;1.00;-17.60;376.30;376.60;376.20;147.00;143.00;142.00;-2.00;;;;;-2.00;-2.00;;;;;;;;;1.0;;;;;;;;;;;;;;;;;;;;;;;;;;;;;;;;;;;;;;;;;;;;50.00;;;;;;;;;;;;;;;;;;;;;;;;;;;;;;;;;;;;;;37.00;47.00;35.00;12.00;;;;25.00;27.00;24.00;;;;;;;;;1003.80;907.50;-10.900;-25.900;;;;;;;;;;;;;2000.000;;;;;;;;;;;59.00;58.00;59.00;;;;;;;;;60829;;;;;;;;;;;;;;161.100;;;;;;;;;;;;33.00;33.00;;;;;;;;;;;;;;0;0.00;0.00;;0.00;;3.00;3.70;-1.80;;1.20;1.50;;;;5.90;;;;4.70;;;;0.30;4.60;2.90;6.40;0.50;4.70;3.20;6.40;0.50;-2.20;-1.40;0.20;25.00;;;;19.00;;;;34.00;;;;;;;;40.00;;;;;;;;;;;;56.00;;;;;;;;;;;;;;;;;;;;;;;;;;;;;;;;;;;;;;;;;;;;;;;;;;;;;;;;;;;;;;;;;;;;;;;;;;;;;;;;;;;;;;;;;;;;;;;;;;;;;;;;;;;;;;;;;;;;;;;;;;;;;;;;;;;;;;;;;;;;;;;;;;;;;;;;;;;;;;;;;;;;;;;;;;;;;;;;;;;;;;;;;;;;;;;;;;;;;;;;;;;;;;;;;;;;;;54.00;;;;;;;;;;;;;;;;;;;;;;;;;;;;;;;;;;;35.00;35.00;35.00;;;;;;;;;;;;;;41.00;41.00;42.00;;;;21.50;;;;;;;;;;;101.50;236.40;25.00;0.00;0.00;25.00;;;;;;;;;;;;;;;;;;;;;;2000.00;2000.00;1;1;;;;;;;;;;;;;;;;;;;;;;;;0.20;0;0;0.00;0.00;;;;;70.00;70.00;70.00;;74.00;74.00;74.00;;68.00;68.00;68.00;;;;;;;;;;;;;0;4.60;5.60;3.90;9.00;9.60;8.70;161;237;102;275;279;934.60;;;29083634;9.00;;;;;;21.00
1572915600000;2019-11-05T02:00:00.000+0100;;;;;;;;;1.00;-16.60;376.70;377.00;376.70;138.00;135.00;135.00;-1.90;;;;;-1.90;-1.90;;;;;;;;;1.0;;;;;;;;;;;;;;;;;;;;;;;;;;;;;;;;;;;;;;;;;;;;50.00;;;;;;;;;;;;;;;;;;;;;;;;;;;;;;;;;;;;;;37.00;47.00;35.00;12.00;;;;25.00;27.00;24.00;;;;;;;;;998.30;909.10;-10.500;-23.600;;;;;;;;;;;;;2000.000;;;;;;;;;;;59.00;58.00;58.00;;;;;;;;;60829;;;;;;;;;;;;;;152.000;;;;;;;;;;;;33.00;33.00;;;;;;;;;;;;;;0;0.00;0.00;;0.00;;3.00;2.50;2.50;;1.50;0.40;;;;4.40;;;;4.70;;;;0.30;4.60;2.90;6.50;0.50;4.60;3.10;6.30;0.50;-2.20;-1.10;0.30;25.00;;;;19.00;;;;33.00;;;;;;;;40.00;;;;;;;;;;;;56.00;;;;;;;;;;;;;;;;;;;;;;;;;;;;;;;;;;;;;;;;;;;;;;;;;;;;;;;;;;;;;;;;;;;;;;;;;;;;;;;;;;;;;;;;;;;;;;;;;;;;;;;;;;;;;;;;;;;;;;;;;;;;;;;;;;;;;;;;;;;;;;;;;;;;;;;;;;;;;;;;;;;;;;;;;;;;;;;;;;;;;;;;;;;;;;;;;;;;;;;;;;;;;;;;;;;;;;54.00;;;;;;;;;;;;;;;;;;;;;;;;;;;;;;;;;;;35.00;35.00;35.00;;;;;;;;;;;;;;41.00;41.00;41.00;;;;18.70;;;;;;;;;;;102.10;213.80;23.00;0.00;0.00;23.00;;;;;;;;;;;;;;;;;;;;;;2000.00;2000.00;1;1;;;;;;;;;;;;;;;;;;;;;;;;0.20;0;0;0.00;0.00;;;;;70.00;70.00;70.00;;74.00;74.00;74.00;;68.00;68.00;68.00;;;;;;;;;;;;;0;4.60;5.40;3.50;8.90;9.60;8.70;152;213;103;276;279;930.00;;;29083660;9.00;;;;;;21.00
1572916200000;2019-11-05T02:10:00.000+0100;;;;;;;;;1.00;-17.70;375.00;375.30;374.90;148.00;145.00;144.00;-2.00;;;;;-2.00;-2.00;;;;;;;;;1.0;;;;;;;;;;;;;;;;;;;;;;;;;;;;;;;;;;;;;;;;;;;;50.00;;;;;;;;;;;;;;;;;;;;;;;;;;;;;;;;;;;;;;37.00;47.00;35.00;12.00;;;;25.00;27.00;24.00;;;;;;;;;1031.70;914.00;-9.700;-27.100;;;;;;;;;;;;;2000.000;;;;;;;;;;;59.00;58.00;58.00;;;;;;;;;60829;;;;;;;;;;;;;;162.200;;;;;;;;;;;;33.00;33.00;;;;;;;;;;;;;;0;0.00;0.00;;0.00;;3.00;-0.40;-4.00;;0.60;-1.80;;;;1.90;;;;4.70;;;;0.30;4.70;3.20;6.70;0.50;4.70;3.40;7.00;0.50;-2.20;-1.20;0.30;25.00;;;;19.00;;;;31.00;;;;;;;;40.00;;;;;;;;;;;;56.00;;;;;;;;;;;;;;;;;;;;;;;;;;;;;;;;;;;;;;;;;;;;;;;;;;;;;;;;;;;;;;;;;;;;;;;;;;;;;;;;;;;;;;;;;;;;;;;;;;;;;;;;;;;;;;;;;;;;;;;;;;;;;;;;;;;;;;;;;;;;;;;;;;;;;;;;;;;;;;;;;;;;;;;;;;;;;;;;;;;;;;;;;;;;;;;;;;;;;;;;;;;;;;;;;;;;;;54.00;;;;;;;;;;;;;;;;;;;;;;;;;;;;;;;;;;;35.00;35.00;35.00;;;;;;;;;;;;;;41.00;41.00;42.00;;;;29.40;;;;;;;;;;;92.70;247.70;33.30;0.00;0.00;33.40;;;;;;;;;;;;;;;;;;;;;;2000.00;2000.00;1;1;;;;;;;;;;;;;;;;;;;;;;;;0.30;0;0;0.00;0.00;;;;;70.00;70.00;70.00;;74.00;74.00;74.00;;68.00;68.00;68.00;;;;;;;;;;;;;0;4.70;5.50;3.70;9.10;9.90;8.80;162;248;90;276;276;952.60;;;29083686;9.00;;;;;;21.00
1572916800000;2019-11-05T02:20:00.000+0100;;;;;;;;;1.00;-13.10;375.00;375.40;375.00;109.00;107.00;105.00;-1.50;;;;;-1.50;-1.50;;;;;;;;;1.0;;;;;;;;;;;;;;;;;;;;;;;;;;;;;;;;;;;;;;;;;;;;50.00;;;;;;;;;;;;;;;;;;;;;;;;;;;;;;;;;;;;;;37.00;47.00;35.00;12.00;;;;24.00;26.00;24.00;;;;;;;;;978.90;910.60;-6.500;-20.200;;;;;;;;;;;;;2000.000;;;;;;;;;;;58.00;58.00;58.00;;;;;;;;;60829;;;;;;;;;;;;;;119.000;;;;;;;;;;;;33.00;33.00;;;;;;;;;;;;;;0;0.00;0.00;;0.00;;3.00;1.70;-1.70;;0.60;-0.40;;;;3.90;;;;4.40;;;;0.40;4.20;2.40;6.10;0.60;4.30;2.60;6.10;0.50;-2.20;-0.80;0.40;25.00;;;;19.00;;;;32.00;;;;;;;;40.00;;;;;;;;;;;;56.00;;;;;;;;;;;;;;;;;;;;;;;;;;;;;;;;;;;;;;;;;;;;;;;;;;;;;;;;;;;;;;;;;;;;;;;;;;;;;;;;;;;;;;;;;;;;;;;;;;;;;;;;;;;;;;;;;;;;;;;;;;;;;;;;;;;;;;;;;;;;;;;;;;;;;;;;;;;;;;;;;;;;;;;;;;;;;;;;;;;;;;;;;;;;;;;;;;;;;;;;;;;;;;;;;;;;;;53.00;;;;;;;;;;;;;;;;;;;;;;;;;;;;;;;;;;;35.00;35.00;35.00;;;;;;;;;;;;;;41.00;41.00;41.00;;;;11.90;;;;;;;;;;;62.10;184.20;32.00;0.00;0.00;31.90;;;;;;;;;;;;;;;;;;;;;;2000.00;2000.00;1;1;;;;;;;;;;;;;;;;;;;;;;;;0.10;0;0;0.00;0.00;;;;;70.00;70.00;70.00;;74.00;74.00;74.00;;68.00;68.00;68.00;;;;;;;;;;;;;0;4.30;5.30;3.40;8.90;9.40;8.70;119;183;61;276;278;923.30;;;29083708;9.00;;;;;;21.00
1572917400000;2019-11-05T02:30:00.000+0100;;;;;;;;;1.00;-21.60;375.60;375.90;375.50;78.00;76.00;75.00;-1.10;;;;;-1.10;-1.10;;;;;;;;;1.0;;;;;;;;;;;;;;;;;;;;;;;;;;;;;;;;;;;;;;;;;;;;50.00;;;;;;;;;;;;;;;;;;;;;;;;;;;;;;;;;;;;;;36.00;46.00;35.00;12.00;;;;24.00;26.00;24.00;;;;;;;;;926.80;913.20;-6.500;-47.000;;;;;;;;;;;;;2000.000;;;;;;;;;;;58.00;57.00;58.00;;;;;;;;;60830;;;;;;;;;;;;;;82.000;;;;;;;;;;;;33.00;32.00;;;;;;;;;;;;;;0;0.00;0.00;;0.00;;3.00;4.40;4.40;;0.70;0.80;;;;6.90;;;;4.00;;;;0.30;3.90;2.70;5.60;0.50;4.00;2.40;5.70;0.50;-2.20;-0.80;0.30;25.00;;;;19.00;;;;33.00;;;;;;;;39.00;;;;;;;;;;;;56.00;;;;;;;;;;;;;;;;;;;;;;;;;;;;;;;;;;;;;;;;;;;;;;;;;;;;;;;;;;;;;;;;;;;;;;;;;;;;;;;;;;;;;;;;;;;;;;;;;;;;;;;;;;;;;;;;;;;;;;;;;;;;;;;;;;;;;;;;;;;;;;;;;;;;;;;;;;;;;;;;;;;;;;;;;;;;;;;;;;;;;;;;;;;;;;;;;;;;;;;;;;;;;;;;;;;;;;52.00;;;;;;;;;;;;;;;;;;;;;;;;;;;;;;;;;;;35.00;35.00;35.00;;;;;;;;;;;;;;41.00;41.00;41.00;;;;2.70;;;;;;;;;;;34.60;168.70;30.20;0.00;0.00;30.10;;;;;;;;;;;;;;;;;;;;;;2000.00;2000.00;1;1;;;;;;;;;;;;;;;;;;;;;;;;0.00;0;0;0.00;0.00;;;;;70.00;70.00;70.00;;74.00;74.00;74.00;;68.00;68.00;68.00;;;;;;;;;;;;;0;3.90;4.90;3.40;8.80;8.90;8.80;82;168;33;276;281;920.40;;;29083722;9.00;;;;;;21.00
1572918000000;2019-11-05T02:40:00.000+0100;;;;;;;;;1.00;-31.70;375.30;375.60;375.30;116.00;113.00;112.00;-1.60;;;;;-1.60;-1.60;;;;;;;;;1.0;;;;;;;;;;;;;;;;;;;;;;;;;;;;;;;;;;;;;;;;;;;;50.00;;;;;;;;;;;;;;;;;;;;;;;;;;;;;;;;;;;;;;36.00;46.00;35.00;12.00;;;;24.00;26.00;23.00;;;;;;;;;927.80;912.20;-16.300;-43.100;;;;;;;;;;;;;2000.000;;;;;;;;;;;58.00;57.00;57.00;;;;;;;;;60830;;;;;;;;;;;;;;123.500;;;;;;;;;;;;32.00;32.00;;;;;;;;;;;;;;0;0.00;0.00;;0.00;;3.00;2.40;2.40;;1.30;-0.10;;;;4.50;;;;4.40;;;;0.20;4.30;2.50;6.30;0.50;4.40;2.90;6.30;0.40;-2.10;-0.90;0.30;25.00;;;;19.00;;;;34.00;;;;;;;;40.00;;;;;;;;;;;;56.00;;;;;;;;;;;;;;;;;;;;;;;;;;;;;;;;;;;;;;;;;;;;;;;;;;;;;;;;;;;;;;;;;;;;;;;;;;;;;;;;;;;;;;;;;;;;;;;;;;;;;;;;;;;;;;;;;;;;;;;;;;;;;;;;;;;;;;;;;;;;;;;;;;;;;;;;;;;;;;;;;;;;;;;;;;;;;;;;;;;;;;;;;;;;;;;;;;;;;;;;;;;;;;;;;;;;;;53.00;;;;;;;;;;;;;;;;;;;;;;;;;;;;;;;;;;;35.00;35.00;35.00;;;;;;;;;;;;;;41.00;41.00;41.00;;;;3.00;;;;;;;;;;;66.30;160.60;17.60;0.00;0.00;17.60;;;;;;;;;;;;;;;;;;;;;;2000.00;2000.00;1;1;;;;;;;;;;;;;;;;;;;;;;;;0.00;0;0;0.00;0.00;;;;;70.00;70.00;70.00;;74.00;74.00;74.00;;68.00;68.00;68.00;;;;;;;;;;;;;0;4.30;5.00;3.60;8.80;8.90;8.80;124;160;67;276;279;919.90;;;29083740;9.00;;;;;;21.00
1572918600000;2019-11-05T02:50:00.000+0100;;;;;;;;;1.00;-28.90;375.60;375.90;375.40;112.00;109.00;108.00;-1.80;;;;;-1.80;-1.80;;;;;;;;;1.0;;;;;;;;;;;;;;;;;;;;;;;;;;;;;;;;;;;;;;;;;;;;50.00;;;;;;;;;;;;;;;;;;;;;;;;;;;;;;;;;;;;;;36.00;46.00;35.00;12.00;;;;24.00;26.00;23.00;;;;;;;;;946.80;909.20;-18.800;-43.300;;;;;;;;;;;;;2000.000;;;;;;;;;;;57.00;57.00;57.00;;;;;;;;;60830;;;;;;;;;;;;;;119.600;;;;;;;;;;;;32.00;32.00;;;;;;;;;;;;;;0;0.00;0.00;;0.00;;3.00;-2.20;-4.90;;0.40;-4.10;;;;-1.00;;;;4.40;;;;0.20;4.40;2.90;5.90;0.40;4.40;3.10;5.90;0.40;-2.30;-1.10;0.30;25.00;;;;19.00;;;;34.00;;;;;;;;40.00;;;;;;;;;;;;56.00;;;;;;;;;;;;;;;;;;;;;;;;;;;;;;;;;;;;;;;;;;;;;;;;;;;;;;;;;;;;;;;;;;;;;;;;;;;;;;;;;;;;;;;;;;;;;;;;;;;;;;;;;;;;;;;;;;;;;;;;;;;;;;;;;;;;;;;;;;;;;;;;;;;;;;;;;;;;;;;;;;;;;;;;;;;;;;;;;;;;;;;;;;;;;;;;;;;;;;;;;;;;;;;;;;;;;;53.00;;;;;;;;;;;;;;;;;;;;;;;;;;;;;;;;;;;35.00;35.00;35.00;;;;;;;;;;;;;;41.00;41.00;41.00;;;;5.20;;;;;;;;;;;76.20;174.30;19.20;0.00;0.00;19.20;;;;;;;;;;;;;;;;;;;;;;2000.00;2000.00;1;1;;;;;;;;;;;;;;;;;;;;;;;;0.10;0;0;0.00;0.00;;;;;70.00;70.00;70.00;;74.00;74.00;74.00;;68.00;68.00;68.00;;;;;;;;;;;;;0;4.40;5.10;3.80;8.80;9.10;8.70;120;174;76;276;274;920.70;;;29083760;9.00;;;;;;21.00
1572919200000;2019-11-05T03:00:00.000+0100;;;;;;;;;1.00;-22.50;376.10;376.30;376.00;98.00;95.00;94.00;-1.40;;;;;-1.40;-1.40;;;;;;;;;1.0;;;;;;;;;;;;;;;;;;;;;;;;;;;;;;;;;;;;;;;;;;;;50.00;;;;;;;;;;;;;;;;;;;;;;;;;;;;;;;;;;;;;;36.00;46.00;35.00;12.00;;;;24.00;26.00;23.00;;;;;;;;;927.90;911.80;-14.800;-30.500;;;;;;;;;;;;;2000.000;;;;;;;;;;;57.00;57.00;57.00;;;;;;;;;60830;;;;;;;;;;;;;;104.300;;;;;;;;;;;;32.00;32.00;;;;;;;;;;;;;;0;0.00;0.00;;0.00;;3.00;0.30;-1.20;;0.70;-1.10;;;;1.20;;;;4.20;;;;0.20;4.20;2.60;5.90;0.40;4.20;2.90;6.10;0.40;-1.90;-0.90;0.30;25.00;;;;19.00;;;;31.00;;;;;;;;40.00;;;;;;;;;;;;55.00;;;;;;;;;;;;;;;;;;;;;;;;;;;;;;;;;;;;;;;;;;;;;;;;;;;;;;;;;;;;;;;;;;;;;;;;;;;;;;;;;;;;;;;;;;;;;;;;;;;;;;;;;;;;;;;;;;;;;;;;;;;;;;;;;;;;;;;;;;;;;;;;;;;;;;;;;;;;;;;;;;;;;;;;;;;;;;;;;;;;;;;;;;;;;;;;;;;;;;;;;;;;;;;;;;;;;;52.00;;;;;;;;;;;;;;;;;;;;;;;;;;;;;;;;;;;35.00;35.00;35.00;;;;;;;;;;;;;;41.00;40.00;41.00;;;;2.70;;;;;;;;;;;68.50;137.20;16.10;0.00;0.00;16.10;;;;;;;;;;;;;;;;;;;;;;2000.00;2000.00;1;1;;;;;;;;;;;;;;;;;;;;;;;;0.00;0;0;0.00;0.00;;;;;70.00;70.00;70.00;;74.00;74.00;74.00;;68.00;68.00;68.00;;;;;;;;;;;;;0;4.20;4.80;3.60;8.80;8.90;8.80;104;141;69;276;277;920.20;;;29083776;9.00;;;;;;21.00
1572919800000;2019-11-05T03:10:00.000+0100;;;;;;;;;1.00;-30.20;375.90;376.30;375.80;130.00;127.00;125.00;-1.80;;;;;-1.80;-1.80;;;;;;;;;1.0;;;;;;;;;;;;;;;;;;;;;;;;;;;;;;;;;;;;;;;;;;;;50.00;;;;;;;;;;;;;;;;;;;;;;;;;;;;;;;;;;;;;;36.00;46.00;35.00;12.00;;;;24.00;26.00;23.00;;;;;;;;;982.30;912.70;-22.300;-40.300;;;;;;;;;;;;;2000.000;;;;;;;;;;;57.00;57.00;57.00;;;;;;;;;60830;;;;;;;;;;;;;;139.800;;;;;;;;;;;;32.00;32.00;;;;;;;;;;;;;;0;0.00;0.00;;0.00;;3.00;3.50;2.70;;0.70;1.20;;;;5.30;;;;4.60;;;;0.30;4.50;2.90;6.20;0.50;4.60;2.90;6.20;0.50;-2.20;-1.30;0.30;25.00;;;;19.00;;;;32.00;;;;;;;;40.00;;;;;;;;;;;;55.00;;;;;;;;;;;;;;;;;;;;;;;;;;;;;;;;;;;;;;;;;;;;;;;;;;;;;;;;;;;;;;;;;;;;;;;;;;;;;;;;;;;;;;;;;;;;;;;;;;;;;;;;;;;;;;;;;;;;;;;;;;;;;;;;;;;;;;;;;;;;;;;;;;;;;;;;;;;;;;;;;;;;;;;;;;;;;;;;;;;;;;;;;;;;;;;;;;;;;;;;;;;;;;;;;;;;;;53.00;;;;;;;;;;;;;;;;;;;;;;;;;;;;;;;;;;;35.00;35.00;35.00;;;;;;;;;;;;;;40.00;40.00;41.00;;;;14.80;;;;;;;;;;;105.00;187.20;17.60;0.00;0.00;17.60;;;;;;;;;;;;;;;;;;;;;;2000.00;2000.00;1;1;;;;;;;;;;;;;;;;;;;;;;;;0.10;0;0;0.00;0.00;;;;;70.00;70.00;70.00;;74.00;74.00;74.00;;68.00;68.00;68.00;;;;;;;;;;;;;0;4.50;5.20;3.90;8.90;9.40;8.80;140;187;105;280;283;925.90;;;29083800;9.00;;;;;;21.00
1572920400000;2019-11-05T03:20:00.000+0100;;;;;;;;;1.00;-34.60;376.00;376.40;375.90;158.00;154.00;153.00;-2.10;;;;;-2.10;-2.10;;;;;;;;;1.0;;;;;;;;;;;;;;;;;;;;;;;;;;;;;;;;;;;;;;;;;;;;50.00;;;;;;;;;;;;;;;;;;;;;;;;;;;;;;;;;;;;;;36.00;46.00;35.00;12.00;;;;24.00;26.00;23.00;;;;;;;;;1040.90;914.20;-27.300;-46.700;;;;;;;;;;;;;2000.000;;;;;;;;;;;58.00;57.00;58.00;;;;;;;;;60830;;;;;;;;;;;;;;171.000;;;;;;;;;;;;32.00;32.00;;;;;;;;;;;;;;0;0.00;0.00;;0.00;;3.00;-3.40;-5.20;;0.80;-4.90;;;;-1.60;;;;4.80;;;;0.20;4.90;3.20;6.60;0.50;4.90;3.10;6.60;0.40;-2.20;-2.10;0.00;25.00;;;;19.00;;;;33.00;;;;;;;;40.00;;;;;;;;;;;;56.00;;;;;;;;;;;;;;;;;;;;;;;;;;;;;;;;;;;;;;;;;;;;;;;;;;;;;;;;;;;;;;;;;;;;;;;;;;;;;;;;;;;;;;;;;;;;;;;;;;;;;;;;;;;;;;;;;;;;;;;;;;;;;;;;;;;;;;;;;;;;;;;;;;;;;;;;;;;;;;;;;;;;;;;;;;;;;;;;;;;;;;;;;;;;;;;;;;;;;;;;;;;;;;;;;;;;;;54.00;;;;;;;;;;;;;;;;;;;;;;;;;;;;;;;;;;;35.00;35.00;35.00;;;;;;;;;;;;;;41.00;41.00;41.00;;;;29.90;;;;;;;;;;;133.00;216.80;17.60;0.00;0.00;17.60;;;;;;;;;;;;;;;;;;;;;;2000.00;2000.00;1;1;;;;;;;;;;;;;;;;;;;;;;;;0.30;0;0;0.00;0.00;;;;;70.00;69.00;70.00;;74.00;74.00;74.00;;68.00;67.00;68.00;;;;;;;;;;;;;0;4.90;5.50;4.30;9.30;10.00;8.80;171;217;133;282;279;968.70;;;29083830;9.00;;;;;;21.00
1572921000000;2019-11-05T03:30:00.000+0100;;;;;;;;;1.00;-24.30;376.10;376.40;376.00;128.00;124.00;123.00;-2.00;;;;;-2.00;-2.00;;;;;;;;;1.0;;;;;;;;;;;;;;;;;;;;;;;;;;;;;;;;;;;;;;;;;;;;50.00;;;;;;;;;;;;;;;;;;;;;;;;;;;;;;;;;;;;;;36.00;46.00;35.00;12.00;;;;24.00;26.00;23.00;;;;;;;;;950.30;911.90;-20.900;-30.400;;;;;;;;;;;;;2000.000;;;;;;;;;;;58.00;57.00;58.00;;;;;;;;;60831;;;;;;;;;;;;;;138.600;;;;;;;;;;;;32.00;32.00;;;;;;;;;;;;;;0;0.00;0.00;;0.00;;3.00;1.70;1.70;;0.80;0.00;;;;3.40;;;;4.50;;;;0.20;4.60;2.80;5.90;0.40;4.60;3.00;6.50;0.50;-2.20;-1.70;0.10;25.00;;;;19.00;;;;34.00;;;;;;;;40.00;;;;;;;;;;;;56.00;;;;;;;;;;;;;;;;;;;;;;;;;;;;;;;;;;;;;;;;;;;;;;;;;;;;;;;;;;;;;;;;;;;;;;;;;;;;;;;;;;;;;;;;;;;;;;;;;;;;;;;;;;;;;;;;;;;;;;;;;;;;;;;;;;;;;;;;;;;;;;;;;;;;;;;;;;;;;;;;;;;;;;;;;;;;;;;;;;;;;;;;;;;;;;;;;;;;;;;;;;;;;;;;;;;;;;54.00;;;;;;;;;;;;;;;;;;;;;;;;;;;;;;;;;;;35.00;35.00;35.00;;;;;;;;;;;;;;40.00;40.00;41.00;;;;7.30;;;;;;;;;;;118.70;174.00;10.10;0.00;0.00;10.20;;;;;;;;;;;;;;;;;;;;;;2000.00;2000.00;1;1;;;;;;;;;;;;;;;;;;;;;;;;0.10;0;0;0.00;0.00;;;;;69.00;69.00;70.00;;74.00;74.00;74.00;;68.00;67.00;68.00;;;;;;;;;;;;;0;4.60;5.10;4.10;8.90;9.10;8.80;139;174;116;276;278;923.10;;;29083854;9.00;;;;;;21.00
1572921600000;2019-11-05T03:40:00.000+0100;;;;;;;;;1.00;-21.30;376.60;377.00;376.60;99.00;98.00;95.00;-1.50;;;;;-1.50;-1.50;;;;;;;;;1.0;;;;;;;;;;;;;;;;;;;;;;;;;;;;;;;;;;;;;;;;;;;;50.00;;;;;;;;;;;;;;;;;;;;;;;;;;;;;;;;;;;;;;36.00;46.00;35.00;12.00;;;;24.00;26.00;23.00;;;;;;;;;936.80;912.70;-12.600;-29.500;;;;;;;;;;;;;2000.000;;;;;;;;;;;58.00;57.00;58.00;;;;;;;;;60831;;;;;;;;;;;;;;107.100;;;;;;;;;;;;32.00;32.00;;;;;;;;;;;;;;0;0.00;0.00;;0.00;;3.00;1.40;-3.10;;1.50;-0.70;;;;3.30;;;;4.30;;;;0.30;4.20;2.10;5.70;0.50;4.30;2.70;6.00;0.50;-2.20;-0.90;0.30;25.00;;;;19.00;;;;34.00;;;;;;;;40.00;;;;;;;;;;;;55.00;;;;;;;;;;;;;;;;;;;;;;;;;;;;;;;;;;;;;;;;;;;;;;;;;;;;;;;;;;;;;;;;;;;;;;;;;;;;;;;;;;;;;;;;;;;;;;;;;;;;;;;;;;;;;;;;;;;;;;;;;;;;;;;;;;;;;;;;;;;;;;;;;;;;;;;;;;;;;;;;;;;;;;;;;;;;;;;;;;;;;;;;;;;;;;;;;;;;;;;;;;;;;;;;;;;;;;53.00;;;;;;;;;;;;;;;;;;;;;;;;;;;;;;;;;;;35.00;35.00;35.00;;;;;;;;;;;;;;40.00;40.00;40.00;;;;3.10;;;;;;;;;;;69.60;165.30;24.50;0.00;0.00;24.60;;;;;;;;;;;;;;;;;;;;;;2000.00;2000.00;1;1;;;;;;;;;;;;;;;;;;;;;;;;0.00;0;0;0.00;0.00;;;;;69.00;69.00;69.00;;74.00;74.00;74.00;;67.00;67.00;68.00;;;;;;;;;;;;;0;4.20;5.20;3.30;8.80;9.00;8.80;107;166;70;278;280;920.30;;;29083870;9.00;;;;;;21.00
1572922200000;2019-11-05T03:50:00.000+0100;;;;;;;;;1.00;-27.50;376.30;376.60;376.20;98.00;95.00;95.00;-1.70;;;;;-1.70;-1.70;;;;;;;;;1.0;;;;;;;;;;;;;;;;;;;;;;;;;;;;;;;;;;;;;;;;;;;;50.00;;;;;;;;;;;;;;;;;;;;;;;;;;;;;;;;;;;;;;36.00;46.00;35.00;12.00;;;;24.00;26.00;23.00;;;;;;;;;927.00;909.00;-17.400;-34.900;;;;;;;;;;;;;2000.000;;;;;;;;;;;57.00;57.00;57.00;;;;;;;;;60831;;;;;;;;;;;;;;104.000;;;;;;;;;;;;32.00;32.00;;;;;;;;;;;;;;0;0.00;0.00;;0.00;;3.00;-0.80;-11.20;;3.60;-2.90;;;;0.80;;;;4.20;;;;0.30;4.30;2.80;6.50;0.50;4.40;3.00;5.90;0.50;-2.20;-1.10;0.30;25.00;;;;19.00;;;;31.00;;;;;;;;39.00;;;;;;;;;;;;55.00;;;;;;;;;;;;;;;;;;;;;;;;;;;;;;;;;;;;;;;;;;;;;;;;;;;;;;;;;;;;;;;;;;;;;;;;;;;;;;;;;;;;;;;;;;;;;;;;;;;;;;;;;;;;;;;;;;;;;;;;;;;;;;;;;;;;;;;;;;;;;;;;;;;;;;;;;;;;;;;;;;;;;;;;;;;;;;;;;;;;;;;;;;;;;;;;;;;;;;;;;;;;;;;;;;;;;;52.00;;;;;;;;;;;;;;;;;;;;;;;;;;;;;;;;;;;35.00;35.00;35.00;;;;;;;;;;;;;;40.00;40.00;40.00;;;;2.70;;;;;;;;;;;66.60;131.10;13.20;0.00;0.00;13.20;;;;;;;;;;;;;;;;;;;;;;2000.00;2000.00;1;1;;;;;;;;;;;;;;;;;;;;;;;;0.00;0;0;0.00;0.00;;;;;69.00;69.00;69.00;;74.00;74.00;74.00;;67.00;67.00;68.00;;;;;;;;;;;;;0;4.40;5.00;3.60;8.80;8.90;8.70;104;131;67;279;278;920.30;;;29083888;9.00;;;;;;21.00
1572922800000;2019-11-05T04:00:00.000+0100;;;;;;;;;1.00;-23.20;376.40;376.70;376.40;76.00;74.00;72.00;-1.40;;;;;-1.40;-1.40;;;;;;;;;1.0;;;;;;;;;;;;;;;;;;;;;;;;;;;;;;;;;;;;;;;;;;;;50.00;;;;;;;;;;;;;;;;;;;;;;;;;;;;;;;;;;;;;;36.00;46.00;35.00;12.00;;;;24.00;26.00;23.00;;;;;;;;;952.50;909.70;-11.600;-37.100;;;;;;;;;;;;;2000.000;;;;;;;;;;;57.00;57.00;57.00;;;;;;;;;60831;;;;;;;;;;;;;;79.400;;;;;;;;;;;;32.00;32.00;;;;;;;;;;;;;;0;0.00;0.00;;0.00;;3.00;-1.70;-5.60;;0.80;-3.40;;;;-0.10;;;;4.00;;;;0.40;4.10;2.10;6.00;0.50;4.10;2.40;6.30;0.60;-2.20;-0.60;0.50;25.00;;;;19.00;;;;31.00;;;;;;;;39.00;;;;;;;;;;;;55.00;;;;;;;;;;;;;;;;;;;;;;;;;;;;;;;;;;;;;;;;;;;;;;;;;;;;;;;;;;;;;;;;;;;;;;;;;;;;;;;;;;;;;;;;;;;;;;;;;;;;;;;;;;;;;;;;;;;;;;;;;;;;;;;;;;;;;;;;;;;;;;;;;;;;;;;;;;;;;;;;;;;;;;;;;;;;;;;;;;;;;;;;;;;;;;;;;;;;;;;;;;;;;;;;;;;;;;52.00;;;;;;;;;;;;;;;;;;;;;;;;;;;;;;;;;;;35.00;35.00;35.00;;;;;;;;;;;;;;40.00;40.00;40.00;;;;4.80;;;;;;;;;;;37.20;139.00;30.00;0.00;0.00;30.00;;;;;;;;;;;;;;;;;;;;;;2000.00;2000.00;1;1;;;;;;;;;;;;;;;;;;;;;;;;0.00;0;0;0.00;0.00;;;;;69.00;69.00;69.00;;74.00;74.00;74.00;;67.00;67.00;67.00;;;;;;;;;;;;;0;4.10;5.20;3.30;8.80;9.10;8.70;80;139;37;277;275;920.50;;;29083900;9.00;;;;;;21.00
1572923400000;2019-11-05T04:10:00.000+0100;;;;;;;;;0.80;-6.50;376.70;377.00;376.70;44.00;43.00;41.00;-0.60;;;;;-0.60;-0.60;;;;;;;;;1.0;;;;;;;;;;;;;;;;;;;;;;;;;;;;;;;;;;;;;;;;;;;;50.00;;;;;;;;;;;;;;;;;;;;;;;;;;;;;;;;;;;;;;36.00;45.00;35.00;12.00;;;;24.00;26.00;23.00;;;;;;;;;925.70;914.60;55.700;-66.600;;;;;;;;;;;;;2000.000;;;;;;;;;;;57.00;57.00;57.00;;;;;;;;;60831;;;;;;;;;;;;;;34.800;;;;;;;;;;;;32.00;31.00;;;;;;;;;;;;;;0;0.00;0.00;;0.00;;3.00;2.90;-4.30;;2.00;0.60;;;;5.70;;;;3.40;;;;0.30;3.40;2.00;5.20;0.50;3.50;2.30;5.00;0.40;-1.30;0.00;0.30;25.00;;;;19.00;;;;33.00;;;;;;;;39.00;;;;;;;;;;;;55.00;;;;;;;;;;;;;;;;;;;;;;;;;;;;;;;;;;;;;;;;;;;;;;;;;;;;;;;;;;;;;;;;;;;;;;;;;;;;;;;;;;;;;;;;;;;;;;;;;;;;;;;;;;;;;;;;;;;;;;;;;;;;;;;;;;;;;;;;;;;;;;;;;;;;;;;;;;;;;;;;;;;;;;;;;;;;;;;;;;;;;;;;;;;;;;;;;;;;;;;;;;;;;;;;;;;;;;51.00;;;;;;;;;;;;;;;;;;;;;;;;;;;;;;;;;;;35.00;35.00;35.00;;;;;;;;;;;;;;40.00;40.00;40.00;;;;2.00;;;;;;;;;;;0.00;75.30;19.60;0.00;0.00;19.70;;;;;;;;;;;;;;;;;;;;;;2000.00;2000.00;1;1;;;;;;;;;;;;;;;;;;;;;;;;0.00;0;0;0.00;0.00;;;;;69.00;69.00;69.00;;74.00;74.00;74.00;;67.00;67.00;67.00;;;;;;;;;;;;;0;3.50;4.40;2.80;8.80;8.90;8.80;35;76;-1;277;280;919.80;;;29083908;9.00;;;;;;21.00
1572924000000;2019-11-05T04:20:00.000+0100;;;;;;;;;-0.40;0.20;376.60;377.00;376.70;11.00;14.00;13.00;10.50;;;;;10.50;10.50;;;;;;;;;0.0;;;;;;;;;;;;;;;;;;;;;;;;;;;;;;;;;;;;;;;;;;;;50.00;;;;;;;;;;;;;;;;;;;;;;;;;;;;;;;;;;;;;;36.00;45.00;35.00;12.00;;;;23.00;25.00;23.00;;;;;;;;;921.70;198.60;7.200;-0.600;;;;;;;;;;;;;1051.600;;;;;;;;;;;55.00;55.00;55.00;;;;;;;;;60831;;;;;;;;;;;;;;0.300;;;;;;;;;;;;32.00;31.00;;;;;;;;;;;;;;0;0.00;0.00;;0.00;;3.00;-2.80;-7.90;;1.80;-5.90;;;;-2.00;;;;2.80;;;;0.30;2.80;0.60;4.60;0.50;2.90;0.90;4.40;0.50;-1.20;26.70;11.90;25.00;;;;19.00;;;;34.00;;;;;;;;39.00;;;;;;;;;;;;54.00;;;;;;;;;;;;;;;;;;;;;;;;;;;;;;;;;;;;;;;;;;;;;;;;;;;;;;;;;;;;;;;;;;;;;;;;;;;;;;;;;;;;;;;;;;;;;;;;;;;;;;;;;;;;;;;;;;;;;;;;;;;;;;;;;;;;;;;;;;;;;;;;;;;;;;;;;;;;;;;;;;;;;;;;;;;;;;;;;;;;;;;;;;;;;;;;;;;;;;;;;;;;;;;;;;;;;;48.00;;;;;;;;;;;;;;;;;;;;;;;;;;;;;;;;;;;34.00;34.00;35.00;;;;;;;;;;;;;;40.00;39.00;41.00;;;;307.20;;;;;;;;;;;0.00;8.10;1.10;0.00;0.00;7.90;;;;;;;;;;;;;;;;;;;;;;0.00;2000.00;1;1;;;;;;;;;;;;;;;;;;;;;;;;3.00;0;0;0.00;0.00;;;;;69.00;69.00;69.00;;74.00;74.00;74.00;;67.00;67.00;67.00;;;;;;;;;;;;;0;2.80;3.60;1.20;5.50;8.80;1.90;-7;8;-34;271;268;571.10;;;29083908;9.00;;;;;;21.00
1572924600000;2019-11-05T04:30:00.000+0100;;;;;;;;;0.40;-0.60;376.00;376.40;376.10;26.00;27.00;25.00;3.90;;;;;3.90;3.90;;;;;;;;;1.0;;;;;;;;;;;;;;;;;;;;;;;;;;;;;;;;;;;;;;;;;;;;50.00;;;;;;;;;;;;;;;;;;;;;;;;;;;;;;;;;;;;;;36.00;44.00;35.00;12.00;;;;23.00;25.00;23.00;;;;;;;;;933.80;227.20;53.800;-43.800;;;;;;;;;;;;;1437.900;;;;;;;;;;;53.00;52.00;53.00;;;;;;;;;60832;;;;;;;;;;;;;;19.300;;;;;;;;;;;;33.00;31.00;;;;;;;;;;;;;;0;0.00;0.00;;0.00;;3.00;0.70;-14.00;;4.80;-1.30;;;;3.10;;;;3.40;;;;0.30;3.40;1.20;5.10;0.40;3.50;2.00;6.00;0.40;-2.30;24.00;9.40;25.00;;;;18.00;;;;34.00;;;;;;;;39.00;;;;;;;;;;;;51.00;;;;;;;;;;;;;;;;;;;;;;;;;;;;;;;;;;;;;;;;;;;;;;;;;;;;;;;;;;;;;;;;;;;;;;;;;;;;;;;;;;;;;;;;;;;;;;;;;;;;;;;;;;;;;;;;;;;;;;;;;;;;;;;;;;;;;;;;;;;;;;;;;;;;;;;;;;;;;;;;;;;;;;;;;;;;;;;;;;;;;;;;;;;;;;;;;;;;;;;;;;;;;;;;;;;;;;47.00;;;;;;;;;;;;;;;;;;;;;;;;;;;;;;;;;;;35.00;34.00;35.00;;;;;;;;;;;;;;40.00;39.00;41.00;;;;267.80;;;;;;;;;;;0.00;67.90;16.80;0.00;0.00;21.80;;;;;;;;;;;;;;;;;;;;;;0.00;2000.00;1;1;;;;;;;;;;;;;;;;;;;;;;;;2.60;0;0;0.00;0.00;;;;;69.00;69.00;69.00;;74.00;74.00;74.00;;67.00;67.00;67.00;;;;;;;;;;;;;0;3.40;4.20;2.70;7.50;9.00;2.20;15;62;-28;254;255;776.90;;;29083910;9.00;;;;;;21.00
1572925200000;2019-11-05T04:40:00.000+0100;;;;;;;;;-0.30;-3.80;375.60;375.90;375.60;19.00;21.00;21.00;12.50;;;;;12.50;12.50;;;;;;;;;0.0;;;;;;;;;;;;;;;;;;;;;;;;;;;;;;;;;;;;;;;;;;;;50.00;;;;;;;;;;;;;;;;;;;;;;;;;;;;;;;;;;;;;;36.00;44.00;35.00;12.00;;;;23.00;25.00;23.00;;;;;;;;;930.00;0.00;0.600;-28.000;;;;;;;;;;;;;855.200;;;;;;;;;;;52.00;52.00;52.00;;;;;;;;;60832;;;;;;;;;;;;;;9.800;;;;;;;;;;;;32.00;31.00;;;;;;;;;;;;;;0;0.00;0.00;;0.00;;3.00;23.60;0.10;;6.40;22.40;;;;27.30;;;;1.80;;;;1.20;1.80;0.00;5.30;1.30;1.90;0.10;5.40;1.30;-1.10;25.00;12.00;25.00;;;;19.00;;;;31.00;;;;;;;;39.00;;;;;;;;;;;;52.00;;;;;;;;;;;;;;;;;;;;;;;;;;;;;;;;;;;;;;;;;;;;;;;;;;;;;;;;;;;;;;;;;;;;;;;;;;;;;;;;;;;;;;;;;;;;;;;;;;;;;;;;;;;;;;;;;;;;;;;;;;;;;;;;;;;;;;;;;;;;;;;;;;;;;;;;;;;;;;;;;;;;;;;;;;;;;;;;;;;;;;;;;;;;;;;;;;;;;;;;;;;;;;;;;;;;;;47.00;;;;;;;;;;;;;;;;;;;;;;;;;;;;;;;;;;;34.00;33.00;35.00;;;;;;;;;;;;;;40.00;39.00;41.00;;;;406.50;;;;;;;;;;;0.00;73.30;18.50;0.00;0.00;23.50;;;;;;;;;;;;;;;;;;;;;;0.00;2000.00;11;11;;;;;;;;;;;;;;;;;;;;;;;;3.90;0;0;0.00;0.00;;;;;69.00;69.00;69.00;;73.00;73.00;74.00;;67.00;67.00;67.00;;;;;;;;;;;;;0;1.90;4.10;0.20;4.10;8.90;0.00;2;73;-28;269;293;428.20;;;29083912;9.00;;;;;;21.00
1572925800000;2019-11-05T04:50:00.000+0100;;;;;;;;;-1.00;-0.10;375.70;376.20;375.90;12.00;16.00;16.00;24.00;;;;;24.00;24.00;;;;;;;;;0.0;;;;;;;;;;;;;;;;;;;;;;;;;;;;;;;;;;;;;;;;;;;;50.00;;;;;;;;;;;;;;;;;;;;;;;;;;;;;;;;;;;;;;35.00;44.00;34.00;13.00;;;;23.00;25.00;22.00;;;;;;;;;0.60;0.00;0.500;-0.800;;;;;;;;;;;;;0.000;;;;;;;;;;;47.00;47.00;47.00;;;;;;;;;60832;;;;;;;;;;;;;;0.000;;;;;;;;;;;;33.00;32.00;;;;;;;;;;;;;;0;0.00;0.00;;0.00;;3.00;-48.50;-169.00;;37.00;-59.60;;;;-51.10;;;;0.80;;;;0.40;0.80;0.00;6.10;0.60;0.80;0.00;4.20;0.50;24.00;24.00;0.00;25.00;;;;19.00;;;;31.00;;;;;;;;39.00;;;;;;;;;;;;47.00;;;;;;;;;;;;;;;;;;;;;;;;;;;;;;;;;;;;;;;;;;;;;;;;;;;;;;;;;;;;;;;;;;;;;;;;;;;;;;;;;;;;;;;;;;;;;;;;;;;;;;;;;;;;;;;;;;;;;;;;;;;;;;;;;;;;;;;;;;;;;;;;;;;;;;;;;;;;;;;;;;;;;;;;;;;;;;;;;;;;;;;;;;;;;;;;;;;;;;;;;;;;;;;;;;;;;;45.00;;;;;;;;;;;;;;;;;;;;;;;;;;;;;;;;;;;33.00;33.00;33.00;;;;;;;;;;;;;;40.00;39.00;41.00;;;;0.00;;;;;;;;;;;0.00;0.00;0.00;0.00;0.00;2.00;;;;;;;;;;;;;;;;;;;;;;0.00;0.00;11;11;;;;;;;;;;;;;;;;;;;;;;;;0.00;0;0;0.00;0.00;;;;;69.00;69.00;69.00;;73.00;73.00;74.00;;67.00;67.00;67.00;;;;;;;;;;;;;0;0.80;2.90;0.10;0.00;0.00;0.00;-14;-13;-28;275;226;0.00;;;29083912;9.00;;;;;;21.00
1572926400000;2019-11-05T05:00:00.000+0100;;;;;;;;;-1.00;-0.10;375.30;375.70;375.50;12.00;16.00;16.00;24.00;;;;;24.00;24.00;;;;;;;;;0.0;;;;;;;;;;;;;;;;;;;;;;;;;;;;;;;;;;;;;;;;;;;;50.00;;;;;;;;;;;;;;;;;;;;;;;;;;;;;;;;;;;;;;35.00;42.00;34.00;13.00;;;;23.00;25.00;22.00;;;;;;;;;0.20;0.00;0.400;-0.800;;;;;;;;;;;;;0.000;;;;;;;;;;;43.00;43.00;44.00;;;;;;;;;60832;;;;;;;;;;;;;;0.000;;;;;;;;;;;;33.00;32.00;;;;;;;;;;;;;;0;0.00;0.00;;0.00;;3.00;-7.60;-60.50;;12.30;-8.10;;;;-3.80;;;;1.10;;;;0.40;1.10;0.00;2.90;0.50;1.10;0.00;3.20;0.60;24.00;24.00;0.00;25.00;;;;19.00;;;;32.00;;;;;;;;39.00;;;;;;;;;;;;45.00;;;;;;;;;;;;;;;;;;;;;;;;;;;;;;;;;;;;;;;;;;;;;;;;;;;;;;;;;;;;;;;;;;;;;;;;;;;;;;;;;;;;;;;;;;;;;;;;;;;;;;;;;;;;;;;;;;;;;;;;;;;;;;;;;;;;;;;;;;;;;;;;;;;;;;;;;;;;;;;;;;;;;;;;;;;;;;;;;;;;;;;;;;;;;;;;;;;;;;;;;;;;;;;;;;;;;;44.00;;;;;;;;;;;;;;;;;;;;;;;;;;;;;;;;;;;33.00;33.00;33.00;;;;;;;;;;;;;;39.00;38.00;39.00;;;;0.00;;;;;;;;;;;0.00;0.00;0.00;0.00;0.00;2.00;;;;;;;;;;;;;;;;;;;;;;0.00;0.00;11;11;;;;;;;;;;;;;;;;;;;;;;;;0.00;0;0;0.00;0.00;;;;;69.00;69.00;69.00;;73.00;73.00;74.00;;67.00;67.00;67.00;;;;;;;;;;;;;0;1.10;2.10;0.20;0.00;0.00;0.00;-14;-13;-28;275;267;0.00;;;29083912;9.00;;;;;;22.00
1572927000000;2019-11-05T05:10:00.000+0100;;;;;;;;;-1.00;-0.10;375.20;375.50;375.20;12.00;16.00;17.00;24.00;;;;;24.00;24.00;;;;;;;;;0.0;;;;;;;;;;;;;;;;;;;;;;;;;;;;;;;;;;;;;;;;;;;;50.00;;;;;;;;;;;;;;;;;;;;;;;;;;;;;;;;;;;;;;35.00;41.00;34.00;13.00;;;;23.00;25.00;22.00;;;;;;;;;0.00;0.00;0.400;-0.600;;;;;;;;;;;;;0.000;;;;;;;;;;;41.00;40.00;41.00;;;;;;;;;60832;;;;;;;;;;;;;;0.000;;;;;;;;;;;;33.00;31.00;;;;;;;;;;;;;;0;0.00;0.00;;0.00;;3.00;42.80;17.10;;5.60;47.00;;;;52.90;;;;1.00;;;;0.30;1.00;0.10;2.40;0.40;1.00;0.10;3.20;0.50;24.00;24.00;0.00;25.00;;;;19.00;;;;33.00;;;;;;;;39.00;;;;;;;;;;;;43.00;;;;;;;;;;;;;;;;;;;;;;;;;;;;;;;;;;;;;;;;;;;;;;;;;;;;;;;;;;;;;;;;;;;;;;;;;;;;;;;;;;;;;;;;;;;;;;;;;;;;;;;;;;;;;;;;;;;;;;;;;;;;;;;;;;;;;;;;;;;;;;;;;;;;;;;;;;;;;;;;;;;;;;;;;;;;;;;;;;;;;;;;;;;;;;;;;;;;;;;;;;;;;;;;;;;;;;43.00;;;;;;;;;;;;;;;;;;;;;;;;;;;;;;;;;;;33.00;33.00;33.00;;;;;;;;;;;;;;38.00;37.00;38.00;;;;0.00;;;;;;;;;;;0.00;0.00;0.00;0.00;0.00;2.00;;;;;;;;;;;;;;;;;;;;;;0.00;0.00;11;11;;;;;;;;;;;;;;;;;;;;;;;;0.00;0;0;0.00;0.00;;;;;69.00;69.00;69.00;;73.00;73.00;73.00;;67.00;67.00;67.00;;;;;;;;;;;;;0;1.00;1.90;0.20;0.00;0.00;0.00;-14;-13;-28;275;318;0.00;;;29083912;9.00;;;;;;21.00
1572927600000;2019-11-05T05:20:00.000+0100;;;;;;;;;-1.00;-0.10;375.50;375.70;375.50;12.00;16.00;17.00;24.00;;;;;24.00;24.00;;;;;;;;;0.0;;;;;;;;;;;;;;;;;;;;;;;;;;;;;;;;;;;;;;;;;;;;50.00;;;;;;;;;;;;;;;;;;;;;;;;;;;;;;;;;;;;;;35.00;41.00;34.00;13.00;;;;23.00;25.00;22.00;;;;;;;;;0.00;0.00;0.400;-0.600;;;;;;;;;;;;;0.000;;;;;;;;;;;39.00;39.00;40.00;;;;;;;;;60832;;;;;;;;;;;;;;0.000;;;;;;;;;;;;33.00;31.00;;;;;;;;;;;;;;0;0.00;0.00;;0.00;;3.00;68.00;52.60;;3.40;67.40;;;;67.80;;;;1.10;;;;0.30;0.90;0.40;2.10;0.20;1.20;0.30;4.50;0.50;24.00;24.00;0.00;25.00;;;;20.00;;;;34.00;;;;;;;;39.00;;;;;;;;;;;;42.00;;;;;;;;;;;;;;;;;;;;;;;;;;;;;;;;;;;;;;;;;;;;;;;;;;;;;;;;;;;;;;;;;;;;;;;;;;;;;;;;;;;;;;;;;;;;;;;;;;;;;;;;;;;;;;;;;;;;;;;;;;;;;;;;;;;;;;;;;;;;;;;;;;;;;;;;;;;;;;;;;;;;;;;;;;;;;;;;;;;;;;;;;;;;;;;;;;;;;;;;;;;;;;;;;;;;;;42.00;;;;;;;;;;;;;;;;;;;;;;;;;;;;;;;;;;;33.00;33.00;33.00;;;;;;;;;;;;;;37.00;36.00;37.00;;;;0.00;;;;;;;;;;;0.00;0.00;0.00;0.00;0.00;2.00;;;;;;;;;;;;;;;;;;;;;;0.00;0.00;11;11;;;;;;;;;;;;;;;;;;;;;;;;0.00;0;0;0.00;0.00;;;;;69.00;69.00;69.00;;73.00;73.00;73.00;;67.00;67.00;67.00;;;;;;;;;;;;;0;1.10;2.20;0.40;0.00;0.00;0.00;-14;-13;-28;275;343;0.00;;;29083912;9.00;;;;;;21.00
1572928200000;2019-11-05T05:30:00.000+0100;;;;;;;;;-1.00;-0.10;374.90;375.20;374.90;12.00;16.00;17.00;24.00;;;;;24.00;24.00;;;;;;;;;0.0;;;;;;;;;;;;;;;;;;;;;;;;;;;;;;;;;;;;;;;;;;;;50.00;;;;;;;;;;;;;;;;;;;;;;;;;;;;;;;;;;;;;;35.00;41.00;34.00;13.00;;;;23.00;25.00;22.00;;;;;;;;;250.80;0.00;0.500;-1.000;;;;;;;;;;;;;0.000;;;;;;;;;;;38.00;38.00;39.00;;;;;;;;;60833;;;;;;;;;;;;;;0.000;;;;;;;;;;;;32.00;31.00;;;;;;;;;;;;;;0;0.00;0.00;;0.00;;3.00;43.10;43.10;;8.30;41.50;;;;44.60;;;;2.20;;;;0.70;2.10;0.60;4.90;0.80;2.30;0.30;4.90;0.90;24.00;24.00;0.00;25.00;;;;20.00;;;;34.00;;;;;;;;39.00;;;;;;;;;;;;41.00;;;;;;;;;;;;;;;;;;;;;;;;;;;;;;;;;;;;;;;;;;;;;;;;;;;;;;;;;;;;;;;;;;;;;;;;;;;;;;;;;;;;;;;;;;;;;;;;;;;;;;;;;;;;;;;;;;;;;;;;;;;;;;;;;;;;;;;;;;;;;;;;;;;;;;;;;;;;;;;;;;;;;;;;;;;;;;;;;;;;;;;;;;;;;;;;;;;;;;;;;;;;;;;;;;;;;;41.00;;;;;;;;;;;;;;;;;;;;;;;;;;;;;;;;;;;33.00;33.00;34.00;;;;;;;;;;;;;;36.00;36.00;36.00;;;;95.70;;;;;;;;;;;0.00;4.70;0.20;0.00;0.00;1.90;;;;;;;;;;;;;;;;;;;;;;0.00;0.00;11;11;;;;;;;;;;;;;;;;;;;;;;;;0.90;0;0;0.00;0.00;;;;;69.00;69.00;69.00;;73.00;73.00;73.00;;67.00;67.00;67.00;;;;;;;;;;;;;0;2.20;3.90;0.70;1.00;2.40;0.00;-14;-13;-28;275;318;105.80;;;29083912;9.00;;;;;;21.00
1572928800000;2019-11-05T05:40:00.000+0100;;;;;;;;;-0.10;-0.50;374.50;374.70;374.40;11.00;14.00;12.00;5.00;;;;;5.00;5.00;;;;;;;;;0.0;;;;;;;;;;;;;;;;;;;;;;;;;;;;;;;;;;;;;;;;;;;;50.00;;;;;;;;;;;;;;;;;;;;;;;;;;;;;;;;;;;;;;35.00;42.00;34.00;12.00;;;;23.00;25.00;22.00;;;;;;;;;923.40;240.90;0.400;-8.800;;;;;;;;;;;;;1392.000;;;;;;;;;;;42.00;41.00;42.00;;;;;;;;;60833;;;;;;;;;;;;;;1.300;;;;;;;;;;;;32.00;30.00;;;;;;;;;;;;;;0;0.00;0.00;;0.00;;3.00;0.20;-1.80;;6.60;-2.40;;;;2.10;;;;3.00;;;;0.50;2.80;0.90;4.50;0.60;3.00;1.20;5.30;0.60;-2.30;27.90;10.00;25.00;;;;20.00;;;;31.00;;;;;;;;39.00;;;;;;;;;;;;46.00;;;;;;;;;;;;;;;;;;;;;;;;;;;;;;;;;;;;;;;;;;;;;;;;;;;;;;;;;;;;;;;;;;;;;;;;;;;;;;;;;;;;;;;;;;;;;;;;;;;;;;;;;;;;;;;;;;;;;;;;;;;;;;;;;;;;;;;;;;;;;;;;;;;;;;;;;;;;;;;;;;;;;;;;;;;;;;;;;;;;;;;;;;;;;;;;;;;;;;;;;;;;;;;;;;;;;;42.00;;;;;;;;;;;;;;;;;;;;;;;;;;;;;;;;;;;34.00;34.00;35.00;;;;;;;;;;;;;;37.00;36.00;38.00;;;;246.10;;;;;;;;;;;0.00;50.20;4.00;0.00;0.00;8.80;;;;;;;;;;;;;;;;;;;;;;0.00;2000.00;1;1;;;;;;;;;;;;;;;;;;;;;;;;2.40;0;0;0.00;0.00;;;;;69.00;69.00;69.00;;73.00;73.00;73.00;;67.00;67.00;67.00;;;;;;;;;;;;;0;2.90;4.10;1.50;7.20;8.90;2.30;-4;14;-34;311;311;749.60;;;29083912;9.00;;;;;;21.00
1572929400000;2019-11-05T05:50:00.000+0100;;;;;;;;;-1.00;-0.10;374.40;374.60;374.50;12.00;16.00;16.00;23.70;;;;;23.70;23.70;;;;;;;;;0.0;;;;;;;;;;;;;;;;;;;;;;;;;;;;;;;;;;;;;;;;;;;;50.00;;;;;;;;;;;;;;;;;;;;;;;;;;;;;;;;;;;;;;35.00;42.00;34.00;12.00;;;;23.00;25.00;22.00;;;;;;;;;722.90;98.50;0.600;-0.800;;;;;;;;;;;;;0.000;;;;;;;;;;;42.00;42.00;42.00;;;;;;;;;60833;;;;;;;;;;;;;;0.000;;;;;;;;;;;;31.00;30.00;;;;;;;;;;;;;;0;0.00;0.00;;0.00;;3.00;11.50;-7.60;;4.20;8.80;;;;16.70;;;;1.80;;;;0.40;1.80;0.20;5.20;0.60;1.80;0.20;4.80;0.60;2.90;26.00;2.00;25.00;;;;19.00;;;;32.00;;;;;;;;39.00;;;;;;;;;;;;46.00;;;;;;;;;;;;;;;;;;;;;;;;;;;;;;;;;;;;;;;;;;;;;;;;;;;;;;;;;;;;;;;;;;;;;;;;;;;;;;;;;;;;;;;;;;;;;;;;;;;;;;;;;;;;;;;;;;;;;;;;;;;;;;;;;;;;;;;;;;;;;;;;;;;;;;;;;;;;;;;;;;;;;;;;;;;;;;;;;;;;;;;;;;;;;;;;;;;;;;;;;;;;;;;;;;;;;;42.00;;;;;;;;;;;;;;;;;;;;;;;;;;;;;;;;;;;34.00;33.00;35.00;;;;;;;;;;;;;;38.00;37.00;38.00;;;;85.40;;;;;;;;;;;0.00;0.00;0.00;0.00;0.00;2.50;;;;;;;;;;;;;;;;;;;;;;0.00;0.00;11;11;;;;;;;;;;;;;;;;;;;;;;;;0.80;0;0;0.00;0.00;;;;;69.00;69.00;69.00;;73.00;73.00;73.00;;67.00;67.00;67.00;;;;;;;;;;;;;0;1.80;2.70;0.50;1.50;6.90;0.90;-14;-13;-28;314;326;159.90;;;29083912;9.00;;;;;;21.00
1572930000000;2019-11-05T06:00:00.000+0100;;;;;;;;;-1.00;-0.10;373.50;373.70;373.50;12.00;16.00;17.00;24.00;;;;;24.00;24.00;;;;;;;;;0.0;;;;;;;;;;;;;;;;;;;;;;;;;;;;;;;;;;;;;;;;;;;;50.00;;;;;;;;;;;;;;;;;;;;;;;;;;;;;;;;;;;;;;35.00;42.00;34.00;12.00;;;;23.00;25.00;22.00;;;;;;;;;192.90;20.20;0.600;-0.800;;;;;;;;;;;;;0.000;;;;;;;;;;;40.00;40.00;41.00;;;;;;;;;60833;;;;;;;;;;;;;;0.000;;;;;;;;;;;;31.00;30.00;;;;;;;;;;;;;;0;0.00;0.00;;0.00;;3.00;36.10;-12.30;;12.60;35.80;;;;38.50;;;;1.80;;;;0.40;1.60;0.60;4.00;0.50;1.90;0.40;4.10;0.50;24.00;24.00;0.00;25.00;;;;19.00;;;;33.00;;;;;;;;39.00;;;;;;;;;;;;42.00;;;;;;;;;;;;;;;;;;;;;;;;;;;;;;;;;;;;;;;;;;;;;;;;;;;;;;;;;;;;;;;;;;;;;;;;;;;;;;;;;;;;;;;;;;;;;;;;;;;;;;;;;;;;;;;;;;;;;;;;;;;;;;;;;;;;;;;;;;;;;;;;;;;;;;;;;;;;;;;;;;;;;;;;;;;;;;;;;;;;;;;;;;;;;;;;;;;;;;;;;;;;;;;;;;;;;;41.00;;;;;;;;;;;;;;;;;;;;;;;;;;;;;;;;;;;33.00;33.00;34.00;;;;;;;;;;;;;;37.00;37.00;38.00;;;;58.60;;;;;;;;;;;0.00;0.00;0.00;0.00;0.00;2.00;;;;;;;;;;;;;;;;;;;;;;0.00;0.00;11;11;;;;;;;;;;;;;;;;;;;;;;;;0.60;0;0;0.00;0.00;;;;;69.00;69.00;69.00;;73.00;73.00;73.00;;67.00;67.00;67.00;;;;;;;;;;;;;0;1.80;3.00;0.90;1.00;1.90;0.20;-14;-13;-28;314;350;98.90;;;29083912;9.00;;;;;;21.00
1572930600000;2019-11-05T06:10:00.000+0100;;;;;;;;;-1.00;-0.10;375.70;375.80;375.70;12.00;16.00;16.00;24.00;;;;;24.00;24.00;;;;;;;;;0.0;;;;;;;;;;;;;;;;;;;;;;;;;;;;;;;;;;;;;;;;;;;;50.00;;;;;;;;;;;;;;;;;;;;;;;;;;;;;;;;;;;;;;35.00;42.00;34.00;12.00;;;;23.00;25.00;22.00;;;;;;;;;170.80;49.30;0.600;-0.600;;;;;;;;;;;;;0.000;;;;;;;;;;;39.00;39.00;39.00;;;;;;;;;60833;;;;;;;;;;;;;;0.000;;;;;;;;;;;;31.00;30.00;;;;;;;;;;;;;;0;0.00;0.00;;0.00;;3.00;24.20;20.50;;2.60;25.10;;;;25.90;;;;2.00;;;;0.20;1.90;0.70;3.50;0.40;2.10;0.70;4.10;0.50;24.00;24.00;0.00;25.00;;;;19.00;;;;34.00;;;;;;;;39.00;;;;;;;;;;;;40.00;;;;;;;;;;;;;;;;;;;;;;;;;;;;;;;;;;;;;;;;;;;;;;;;;;;;;;;;;;;;;;;;;;;;;;;;;;;;;;;;;;;;;;;;;;;;;;;;;;;;;;;;;;;;;;;;;;;;;;;;;;;;;;;;;;;;;;;;;;;;;;;;;;;;;;;;;;;;;;;;;;;;;;;;;;;;;;;;;;;;;;;;;;;;;;;;;;;;;;;;;;;;;;;;;;;;;;40.00;;;;;;;;;;;;;;;;;;;;;;;;;;;;;;;;;;;34.00;33.00;34.00;;;;;;;;;;;;;;37.00;37.00;37.00;;;;31.30;;;;;;;;;;;0.00;0.00;0.00;0.00;0.00;1.90;;;;;;;;;;;;;;;;;;;;;;0.00;0.00;11;11;;;;;;;;;;;;;;;;;;;;;;;;0.30;0;0;0.00;0.00;;;;;69.00;69.00;69.00;;73.00;73.00;73.00;;67.00;67.00;67.00;;;;;;;;;;;;;0;2.00;2.60;1.30;1.30;1.60;0.50;-14;-13;-28;314;338;132.50;;;29083912;9.00;;;;;;21.00
1572931200000;2019-11-05T06:20:00.000+0100;;;;;;;;;-1.00;-0.10;376.80;376.90;376.90;12.00;16.00;16.00;24.00;;;;;24.00;24.00;;;;;;;;;0.0;;;;;;;;;;;;;;;;;;;;;;;;;;;;;;;;;;;;;;;;;;;;50.00;;;;;;;;;;;;;;;;;;;;;;;;;;;;;;;;;;;;;;35.00;41.00;34.00;12.00;;;;23.00;25.00;22.00;;;;;;;;;137.60;42.50;0.600;-0.800;;;;;;;;;;;;;0.000;;;;;;;;;;;38.00;38.00;38.00;;;;;;;;;60833;;;;;;;;;;;;;;0.000;;;;;;;;;;;;31.00;30.00;;;;;;;;;;;;;;0;0.00;0.00;;0.00;;3.00;55.30;46.60;;1.30;55.40;;;;55.00;;;;2.50;;;;0.40;2.40;1.20;3.90;0.40;2.60;1.10;3.90;0.50;24.00;24.00;0.00;25.00;;;;19.00;;;;35.00;;;;;;;;39.00;;;;;;;;;;;;39.00;;;;;;;;;;;;;;;;;;;;;;;;;;;;;;;;;;;;;;;;;;;;;;;;;;;;;;;;;;;;;;;;;;;;;;;;;;;;;;;;;;;;;;;;;;;;;;;;;;;;;;;;;;;;;;;;;;;;;;;;;;;;;;;;;;;;;;;;;;;;;;;;;;;;;;;;;;;;;;;;;;;;;;;;;;;;;;;;;;;;;;;;;;;;;;;;;;;;;;;;;;;;;;;;;;;;;;39.00;;;;;;;;;;;;;;;;;;;;;;;;;;;;;;;;;;;33.00;33.00;34.00;;;;;;;;;;;;;;36.00;36.00;37.00;;;;25.90;;;;;;;;;;;0.00;0.00;0.00;0.00;0.00;2.00;;;;;;;;;;;;;;;;;;;;;;0.00;0.00;11;11;;;;;;;;;;;;;;;;;;;;;;;;0.20;0;0;0.00;0.00;;;;;69.00;69.00;69.00;;73.00;73.00;73.00;;67.00;67.00;67.00;;;;;;;;;;;;;0;2.50;3.40;1.40;0.90;1.30;0.40;-14;-13;-28;314;9;98.80;;;29083912;9.00;;;;;;21.00
1572931800000;2019-11-05T06:30:00.000+0100;;;;;;;;;-1.00;-0.10;377.50;377.60;377.60;12.00;16.00;16.00;24.00;;;;;24.00;24.00;;;;;;;;;0.0;;;;;;;;;;;;;;;;;;;;;;;;;;;;;;;;;;;;;;;;;;;;50.00;;;;;;;;;;;;;;;;;;;;;;;;;;;;;;;;;;;;;;35.00;41.00;34.00;12.00;;;;23.00;24.00;22.00;;;;;;;;;45.40;0.00;0.400;-0.700;;;;;;;;;;;;;0.000;;;;;;;;;;;37.00;37.00;37.00;;;;;;;;;60834;;;;;;;;;;;;;;0.000;;;;;;;;;;;;31.00;29.00;;;;;;;;;;;;;;0;0.00;0.00;;0.00;;3.00;52.80;52.80;;4.10;53.20;;;;54.60;;;;1.90;;;;0.50;1.80;0.10;3.30;0.60;2.00;0.10;3.80;0.70;24.00;24.00;0.00;25.00;;;;19.00;;;;33.00;;;;;;;;39.00;;;;;;;;;;;;38.00;;;;;;;;;;;;;;;;;;;;;;;;;;;;;;;;;;;;;;;;;;;;;;;;;;;;;;;;;;;;;;;;;;;;;;;;;;;;;;;;;;;;;;;;;;;;;;;;;;;;;;;;;;;;;;;;;;;;;;;;;;;;;;;;;;;;;;;;;;;;;;;;;;;;;;;;;;;;;;;;;;;;;;;;;;;;;;;;;;;;;;;;;;;;;;;;;;;;;;;;;;;;;;;;;;;;;;38.00;;;;;;;;;;;;;;;;;;;;;;;;;;;;;;;;;;;33.00;33.00;33.00;;;;;;;;;;;;;;36.00;36.00;36.00;;;;14.10;;;;;;;;;;;0.00;0.00;0.00;0.00;0.00;1.90;;;;;;;;;;;;;;;;;;;;;;0.00;0.00;11;11;;;;;;;;;;;;;;;;;;;;;;;;0.10;0;0;0.00;0.00;;;;;69.00;69.00;69.00;;73.00;73.00;73.00;;67.00;67.00;67.00;;;;;;;;;;;;;0;1.90;3.00;0.40;0.10;0.40;0.00;-14;-13;-28;314;7;9.00;;;29083912;9.00;;;;;;21.00
1572932400000;2019-11-05T06:40:00.000+0100;;;;;;;;;-1.00;-0.10;377.00;377.20;377.20;12.00;16.00;16.00;24.00;;;;;24.00;24.00;;;;;;;;;0.0;;;;;;;;;;;;;;;;;;;;;;;;;;;;;;;;;;;;;;;;;;;;50.00;;;;;;;;;;;;;;;;;;;;;;;;;;;;;;;;;;;;;;35.00;41.00;34.00;12.00;;;;23.00;24.00;22.00;;;;;;;;;171.90;8.10;0.400;-0.600;;;;;;;;;;;;;0.000;;;;;;;;;;;37.00;37.00;37.00;;;;;;;;;60834;;;;;;;;;;;;;;0.000;;;;;;;;;;;;30.00;29.00;;;;;;;;;;;;;;0;0.00;0.00;;0.00;;3.00;-4.30;-44.00;;6.40;-8.10;;;;-1.90;;;;1.50;;;;0.50;1.50;0.10;3.40;0.60;1.60;0.10;3.70;0.60;24.00;24.00;0.00;25.00;;;;19.00;;;;31.00;;;;;;;;39.00;;;;;;;;;;;;37.00;;;;;;;;;;;;;;;;;;;;;;;;;;;;;;;;;;;;;;;;;;;;;;;;;;;;;;;;;;;;;;;;;;;;;;;;;;;;;;;;;;;;;;;;;;;;;;;;;;;;;;;;;;;;;;;;;;;;;;;;;;;;;;;;;;;;;;;;;;;;;;;;;;;;;;;;;;;;;;;;;;;;;;;;;;;;;;;;;;;;;;;;;;;;;;;;;;;;;;;;;;;;;;;;;;;;;;38.00;;;;;;;;;;;;;;;;;;;;;;;;;;;;;;;;;;;33.00;33.00;34.00;;;;;;;;;;;;;;35.00;35.00;36.00;;;;39.20;;;;;;;;;;;0.00;0.00;0.00;0.00;0.00;2.00;;;;;;;;;;;;;;;;;;;;;;0.00;0.00;11;11;;;;;;;;;;;;;;;;;;;;;;;;0.40;0;0;0.00;0.00;;;;;69.00;69.00;69.00;;73.00;73.00;73.00;;67.00;67.00;67.00;;;;;;;;;;;;;0;1.50;2.70;0.50;0.80;1.70;0.10;-14;-13;-28;314;310;86.60;;;29083912;9.00;;;;;;21.00
1572933000000;2019-11-05T06:50:00.000+0100;;;;;;;;;-1.00;-0.10;376.80;376.90;376.90;12.00;16.00;16.00;24.00;;;;;24.00;24.00;;;;;;;;;0.0;;;;;;;;;;;;;;;;;;;;;;;;;;;;;;;;;;;;;;;;;;;;49.90;;;;;;;;;;;;;;;;;;;;;;;;;;;;;;;;;;;;;;35.00;40.00;34.00;12.00;;;;23.00;24.00;22.00;;;;;;;;;194.10;73.70;0.400;-0.500;;;;;;;;;;;;;0.000;;;;;;;;;;;37.00;37.00;37.00;;;;;;;;;60834;;;;;;;;;;;;;;0.000;;;;;;;;;;;;30.00;29.00;;;;;;;;;;;;;;0;0.00;0.00;;0.00;;3.00;34.30;-1.10;;8.00;33.60;;;;36.10;;;;2.00;;;;0.30;1.90;0.70;3.70;0.40;2.10;1.00;3.90;0.50;24.00;24.00;0.00;25.00;;;;19.00;;;;32.00;;;;;;;;39.00;;;;;;;;;;;;37.00;;;;;;;;;;;;;;;;;;;;;;;;;;;;;;;;;;;;;;;;;;;;;;;;;;;;;;;;;;;;;;;;;;;;;;;;;;;;;;;;;;;;;;;;;;;;;;;;;;;;;;;;;;;;;;;;;;;;;;;;;;;;;;;;;;;;;;;;;;;;;;;;;;;;;;;;;;;;;;;;;;;;;;;;;;;;;;;;;;;;;;;;;;;;;;;;;;;;;;;;;;;;;;;;;;;;;;37.00;;;;;;;;;;;;;;;;;;;;;;;;;;;;;;;;;;;34.00;33.00;34.00;;;;;;;;;;;;;;35.00;35.00;35.00;;;;35.70;;;;;;;;;;;0.00;0.00;0.00;0.00;0.00;1.90;;;;;;;;;;;;;;;;;;;;;;0.00;0.00;11;11;;;;;;;;;;;;;;;;;;;;;;;;0.30;0;0;0.00;0.00;;;;;69.00;69.00;69.00;;73.00;73.00;73.00;;67.00;67.00;67.00;;;;;;;;;;;;;0;2.00;2.90;1.30;1.30;1.90;0.70;-13;-13;-28;314;348;135.90;;;29083912;9.00;;;;;;21.00
1572933600000;2019-11-05T07:00:00.000+0100;;;;;;;;;-1.00;-0.10;375.60;375.70;375.70;11.00;16.00;16.00;24.00;;;;;24.00;24.00;;;;;;;;;0.0;;;;;;;;;;;;;;;;;;;;;;;;;;;;;;;;;;;;;;;;;;;;50.00;;;;;;;;;;;;;;;;;;;;;;;;;;;;;;;;;;;;;;35.00;40.00;34.00;12.00;;;;23.00;24.00;22.00;;;;;;;;;154.20;55.70;0.400;-0.600;;;;;;;;;;;;;0.000;;;;;;;;;;;36.00;36.00;37.00;;;;;;;;;60834;;;;;;;;;;;;;;0.000;;;;;;;;;;;;30.00;28.00;;;;;;;;;;;;;;0;0.00;0.00;;0.00;;3.00;45.50;38.90;;4.50;46.20;;;;45.90;;;;2.20;;;;0.30;2.10;0.60;3.20;0.40;2.30;0.70;3.80;0.50;24.00;24.00;0.00;25.00;;;;19.00;;;;33.00;;;;;;;;39.00;;;;;;;;;;;;36.00;;;;;;;;;;;;;;;;;;;;;;;;;;;;;;;;;;;;;;;;;;;;;;;;;;;;;;;;;;;;;;;;;;;;;;;;;;;;;;;;;;;;;;;;;;;;;;;;;;;;;;;;;;;;;;;;;;;;;;;;;;;;;;;;;;;;;;;;;;;;;;;;;;;;;;;;;;;;;;;;;;;;;;;;;;;;;;;;;;;;;;;;;;;;;;;;;;;;;;;;;;;;;;;;;;;;;;37.00;;;;;;;;;;;;;;;;;;;;;;;;;;;;;;;;;;;33.00;33.00;34.00;;;;;;;;;;;;;;35.00;35.00;35.00;;;;26.70;;;;;;;;;;;0.00;0.00;0.00;0.00;0.00;2.00;;;;;;;;;;;;;;;;;;;;;;0.00;0.00;11;11;;;;;;;;;;;;;;;;;;;;;;;;0.30;0;0;0.00;0.00;;;;;69.00;69.00;69.00;;73.00;73.00;73.00;;67.00;67.00;67.00;;;;;;;;;;;;;0;2.20;3.00;1.50;1.20;1.50;0.50;-14;-13;-28;314;359;120.60;;;29083912;9.00;;;;;;20.00
1572934200000;2019-11-05T07:10:00.000+0100;;;;;;;;;-1.00;-0.10;376.10;376.20;376.20;12.00;16.00;16.00;24.00;;;;;24.00;24.00;;;;;;;;;0.0;;;;;;;;;;;;;;;;;;;;;;;;;;;;;;;;;;;;;;;;;;;;50.00;;;;;;;;;;;;;;;;;;;;;;;;;;;;;;;;;;;;;;35.00;40.00;34.00;12.00;;;;22.00;24.00;22.00;;;;;;;;;59.50;0.00;0.500;-0.600;;;;;;;;;;;;;0.000;;;;;;;;;;;36.00;36.00;36.00;;;;;;;;;60834;;;;;;;;;;;;;;0.000;;;;;;;;;;;;30.00;28.00;;;;;;;;;;;;;;0;0.00;0.00;;0.00;;3.00;75.30;64.20;;2.10;75.30;;;;75.60;;;;2.50;;;;0.30;2.50;1.40;3.90;0.40;2.60;1.10;4.20;0.40;24.00;24.00;0.00;25.00;;;;19.00;;;;34.00;;;;;;;;39.00;;;;;;;;;;;;35.00;;;;;;;;;;;;;;;;;;;;;;;;;;;;;;;;;;;;;;;;;;;;;;;;;;;;;;;;;;;;;;;;;;;;;;;;;;;;;;;;;;;;;;;;;;;;;;;;;;;;;;;;;;;;;;;;;;;;;;;;;;;;;;;;;;;;;;;;;;;;;;;;;;;;;;;;;;;;;;;;;;;;;;;;;;;;;;;;;;;;;;;;;;;;;;;;;;;;;;;;;;;;;;;;;;;;;;36.00;;;;;;;;;;;;;;;;;;;;;;;;;;;;;;;;;;;33.00;33.00;33.00;;;;;;;;;;;;;;35.00;34.00;35.00;;;;15.70;;;;;;;;;;;0.00;0.00;0.00;0.00;0.00;2.00;;;;;;;;;;;;;;;;;;;;;;0.00;0.00;11;11;;;;;;;;;;;;;;;;;;;;;;;;0.10;0;0;0.00;0.00;;;;;69.00;69.00;69.00;;73.00;73.00;73.00;;67.00;67.00;67.00;;;;;;;;;;;;;0;2.50;3.30;1.90;0.10;0.60;0.00;-14;-13;-28;314;29;14.10;;;29083912;9.00;;;;;;20.00
1572934800000;2019-11-05T07:20:00.000+0100;;;;;;;;;-1.00;-0.10;376.90;377.00;377.00;14.00;17.00;18.00;24.00;;;;;24.00;24.00;;;;;;;;;0.0;;;;;;;;;;;;;;;;;;;;;;;;;;;;;;;;;;;;;;;;;;;;50.00;;;;;;;;;;;;;;;;;;;;;;;;;;;;;;;;;;;;;;35.00;39.00;34.00;12.00;;;;22.00;24.00;22.00;;;;;;;;;145.30;0.00;0.600;-0.600;;;;;;;;;;;;;0.000;;;;;;;;;;;36.00;36.00;36.00;;;;;;;;;60834;;;;;;;;;;;;;;0.000;;;;;;;;;;;;29.00;28.00;;;;;;;;;;;;;;0;0.00;0.00;;0.00;;3.00;37.70;37.70;;23.80;39.30;;;;42.90;;;;2.40;;;;0.80;2.30;0.30;4.30;0.80;2.40;0.30;4.50;0.90;24.00;24.00;0.00;25.00;;;;18.00;;;;35.00;;;;;;;;39.00;;;;;;;;;;;;35.00;;;;;;;;;;;;;;;;;;;;;;;;;;;;;;;;;;;;;;;;;;;;;;;;;;;;;;;;;;;;;;;;;;;;;;;;;;;;;;;;;;;;;;;;;;;;;;;;;;;;;;;;;;;;;;;;;;;;;;;;;;;;;;;;;;;;;;;;;;;;;;;;;;;;;;;;;;;;;;;;;;;;;;;;;;;;;;;;;;;;;;;;;;;;;;;;;;;;;;;;;;;;;;;;;;;;;;36.00;;;;;;;;;;;;;;;;;;;;;;;;;;;;;;;;;;;33.00;33.00;33.00;;;;;;;;;;;;;;34.00;34.00;34.00;;;;51.20;;;;;;;;;;;0.00;0.00;0.00;0.00;0.00;3.40;;;;;;;;;;;;;;;;;;;;;;0.00;0.00;11;11;;;;;;;;;;;;;;;;;;;;;;;;0.50;0;0;0.00;0.00;;;;;69.00;69.00;69.00;;73.00;73.00;73.00;;67.00;67.00;67.00;;;;;;;;;;;;;0;2.40;3.60;0.90;0.60;1.40;0.00;-16;-13;-34;16;54;61.20;;;29083912;9.00;;;;;;21.00
1572935400000;2019-11-05T07:30:00.000+0100;;;;;;;;;-0.80;5.20;376.30;376.30;376.40;18.00;22.00;22.00;20.50;;;;;20.50;20.50;;;;;;;;;1.0;;;;;;;;;;;;;;;;;;;;;;;;;;;;;;;;;;;;;;;;;;;;50.00;;;;;;;;;;;;;;;;;;;;;;;;;;;;;;;;;;;;;;35.00;39.00;34.00;12.00;;;;22.00;24.00;22.00;;;;;;;;;939.40;81.30;76.300;-0.700;;;;;;;;;;;;;105.200;;;;;;;;;;;36.00;36.00;36.00;;;;;;;;;60835;;;;;;;;;;;;;;6.100;;;;;;;;;;;;29.00;28.00;;;;;;;;;;;;;;0;0.00;0.00;;0.00;;3.00;4.70;-22.60;;7.80;1.80;;;;7.10;;;;2.40;;;;0.70;2.40;0.90;4.90;0.70;2.50;0.90;5.40;0.80;-2.30;24.00;8.40;25.00;;;;19.00;;;;32.00;;;;;;;;39.00;;;;;;;;;;;;35.00;;;;;;;;;;;;;;;;;;;;;;;;;;;;;;;;;;;;;;;;;;;;;;;;;;;;;;;;;;;;;;;;;;;;;;;;;;;;;;;;;;;;;;;;;;;;;;;;;;;;;;;;;;;;;;;;;;;;;;;;;;;;;;;;;;;;;;;;;;;;;;;;;;;;;;;;;;;;;;;;;;;;;;;;;;;;;;;;;;;;;;;;;;;;;;;;;;;;;;;;;;;;;;;;;;;;;;36.00;;;;;;;;;;;;;;;;;;;;;;;;;;;;;;;;;;;34.00;33.00;34.00;;;;;;;;;;;;;;34.00;34.00;35.00;;;;238.80;;;;;;;;;;;0.00;86.70;20.00;0.00;0.00;23.90;;;;;;;;;;;;;;;;;;;;;;0.00;2000.00;1;1;;;;;;;;;;;;;;;;;;;;;;;;2.30;0;0;0.00;0.00;;;;;69.00;69.00;69.00;;73.00;73.00;73.00;;67.00;67.00;67.00;;;;;;;;;;;;;0;2.40;4.40;1.40;2.40;9.00;0.80;-7;86;-28;48;53;254.50;;;29083912;9.00;;;;;;21.00
1572936000000;2019-11-05T07:40:00.000+0100;;;;;;;;;0.70;13.00;377.30;377.20;377.30;62.00;61.00;59.00;-0.70;;;;;-0.70;-0.70;;;;;;;;;1.0;;;;;;;;;;;;;;;;;;;;;;;;;;;;;;;;;;;;;;;;;;;;50.00;;;;;;;;;;;;;;;;;;;;;;;;;;;;;;;;;;;;;;35.00;40.00;35.00;12.00;;;;22.00;24.00;22.00;;;;;;;;;931.40;895.30;123.300;-126.100;;;;;;;;;;;;;2000.000;;;;;;;;;;;43.00;42.00;42.00;;;;;;;;;60835;;;;;;;;;;;;;;51.500;;;;;;;;;;;;29.00;27.00;;;;;;;;;;;;;;0;0.00;0.00;;0.00;;3.00;-2.10;-8.40;;2.40;-3.70;;;;-1.10;;;;3.60;;;;0.60;3.60;1.50;5.30;0.80;3.60;1.50;5.70;0.70;-2.00;0.70;0.80;25.00;;;;19.00;;;;31.00;;;;;;;;39.00;;;;;;;;;;;;46.00;;;;;;;;;;;;;;;;;;;;;;;;;;;;;;;;;;;;;;;;;;;;;;;;;;;;;;;;;;;;;;;;;;;;;;;;;;;;;;;;;;;;;;;;;;;;;;;;;;;;;;;;;;;;;;;;;;;;;;;;;;;;;;;;;;;;;;;;;;;;;;;;;;;;;;;;;;;;;;;;;;;;;;;;;;;;;;;;;;;;;;;;;;;;;;;;;;;;;;;;;;;;;;;;;;;;;;42.00;;;;;;;;;;;;;;;;;;;;;;;;;;;;;;;;;;;34.00;34.00;34.00;;;;;;;;;;;;;;36.00;35.00;37.00;;;;5.80;;;;;;;;;;;0.00;143.90;36.40;0.00;0.00;36.50;;;;;;;;;;;;;;;;;;;;;;2000.00;2000.00;1;1;;;;;;;;;;;;;;;;;;;;;;;;0.10;0;0;0.00;0.00;;;;;69.00;69.00;69.00;;73.00;73.00;73.00;;67.00;67.00;67.00;;;;;;;;;;;;;0;3.60;4.80;2.20;8.80;8.90;8.60;52;144;-1;59;57;918.80;;;29083922;9.00;;;;;;20.00
1572936600000;2019-11-05T07:50:00.000+0100;;;;;;;;;0.60;-4.40;374.90;374.90;375.00;21.00;21.00;19.00;-0.20;;;;;-0.20;-0.20;;;;;;;;;1.0;;;;;;;;;;;;;;;;;;;;;;;;;;;;;;;;;;;;;;;;;;;;50.00;;;;;;;;;;;;;;;;;;;;;;;;;;;;;;;;;;;;;;35.00;41.00;35.00;12.00;;;;22.00;24.00;22.00;;;;;;;;;925.50;602.20;0.900;-23.600;;;;;;;;;;;;;2000.000;;;;;;;;;;;48.00;48.00;48.00;;;;;;;;;60835;;;;;;;;;;;;;;15.200;;;;;;;;;;;;28.00;27.00;;;;;;;;;;;;;;0;0.00;0.00;;0.00;;3.00;3.00;-9.20;;3.70;0.60;;;;5.10;;;;3.00;;;;0.50;3.10;0.60;5.00;0.70;3.10;0.70;4.70;0.60;-1.10;0.80;0.60;25.00;;;;19.00;;;;32.00;;;;;;;;39.00;;;;;;;;;;;;51.00;;;;;;;;;;;;;;;;;;;;;;;;;;;;;;;;;;;;;;;;;;;;;;;;;;;;;;;;;;;;;;;;;;;;;;;;;;;;;;;;;;;;;;;;;;;;;;;;;;;;;;;;;;;;;;;;;;;;;;;;;;;;;;;;;;;;;;;;;;;;;;;;;;;;;;;;;;;;;;;;;;;;;;;;;;;;;;;;;;;;;;;;;;;;;;;;;;;;;;;;;;;;;;;;;;;;;;48.00;;;;;;;;;;;;;;;;;;;;;;;;;;;;;;;;;;;34.00;34.00;35.00;;;;;;;;;;;;;;37.00;37.00;37.00;;;;65.70;;;;;;;;;;;0.00;58.20;17.50;0.00;0.00;17.50;;;;;;;;;;;;;;;;;;;;;;2000.00;2000.00;1;1;;;;;;;;;;;;;;;;;;;;;;;;0.60;0;0;0.00;0.00;;;;;69.00;69.00;69.00;;73.00;73.00;73.00;;67.00;67.00;67.00;;;;;;;;;;;;;0;3.10;4.10;1.70;8.50;8.90;5.80;15;59;-8;45;48;888.70;;;29083924;8.00;;;;;;20.00
1572937200000;2019-11-05T08:00:00.000+0100;;;;;;;;;-0.20;-6.50;375.10;375.00;375.10;21.00;22.00;22.00;9.10;;;;;9.20;9.20;;;;;;;;;0.0;;;;;;;;;;;;;;;;;;;;;;;;;;;;;;;;;;;;;;;;;;;;50.00;;;;;;;;;;;;;;;;;;;;;;;;;;;;;;;;;;;;;;35.00;41.00;35.00;12.00;;;;22.00;24.00;22.00;;;;;;;;;942.40;77.60;0.500;-51.800;;;;;;;;;;;;;885.200;;;;;;;;;;;49.00;49.00;49.00;;;;;;;;;60835;;;;;;;;;;;;;;11.700;;;;;;;;;;;;28.00;28.00;;;;;;;;;;;;;;0;0.00;0.00;;0.00;;3.00;-8.80;-8.80;;4.70;-9.50;;;;-5.80;;;;2.70;;;;0.80;2.70;0.20;4.60;0.90;2.80;0.10;4.90;0.90;-2.30;29.40;11.70;25.00;;;;19.00;;;;33.00;;;;;;;;39.00;;;;;;;;;;;;50.00;;;;;;;;;;;;;;;;;;;;;;;;;;;;;;;;;;;;;;;;;;;;;;;;;;;;;;;;;;;;;;;;;;;;;;;;;;;;;;;;;;;;;;;;;;;;;;;;;;;;;;;;;;;;;;;;;;;;;;;;;;;;;;;;;;;;;;;;;;;;;;;;;;;;;;;;;;;;;;;;;;;;;;;;;;;;;;;;;;;;;;;;;;;;;;;;;;;;;;;;;;;;;;;;;;;;;;47.00;;;;;;;;;;;;;;;;;;;;;;;;;;;;;;;;;;;34.00;33.00;35.00;;;;;;;;;;;;;;37.00;37.00;38.00;;;;338.80;;;;;;;;;;;0.00;95.20;21.20;0.00;0.00;25.70;;;;;;;;;;;;;;;;;;;;;;0.00;2000.00;1;1;;;;;;;;;;;;;;;;;;;;;;;;3.30;0;0;0.00;0.00;;;;;69.00;69.00;69.00;;73.00;73.00;73.00;;67.00;67.00;67.00;;;;;;;;;;;;;0;2.70;4.20;0.50;5.50;9.10;0.70;3;96;-33;72;63;576.30;;;29083926;8.00;;;;;;20.00
1572937800000;2019-11-05T08:10:00.000+0100;;;;;;;;;-1.00;-0.10;375.00;375.10;375.20;12.00;15.00;16.00;24.00;;;;;24.00;24.00;;;;;;;;;0.0;;;;;;;;;;;;;;;;;;;;;;;;;;;;;;;;;;;;;;;;;;;;50.00;;;;;;;;;;;;;;;;;;;;;;;;;;;;;;;;;;;;;;35.00;40.00;34.00;12.00;;;;22.00;24.00;22.00;;;;;;;;;116.80;0.00;0.400;-0.600;;;;;;;;;;;;;0.000;;;;;;;;;;;46.00;45.00;46.00;;;;;;;;;60835;;;;;;;;;;;;;;0.000;;;;;;;;;;;;29.00;28.00;;;;;;;;;;;;;;0;0.00;0.00;;0.00;;3.00;-51.90;-51.90;;3.90;-52.40;;;;-51.70;;;;2.10;;;;0.30;2.10;0.40;4.00;0.50;2.10;0.90;3.60;0.40;24.00;24.00;0.00;25.00;;;;19.00;;;;34.00;;;;;;;;39.00;;;;;;;;;;;;46.00;;;;;;;;;;;;;;;;;;;;;;;;;;;;;;;;;;;;;;;;;;;;;;;;;;;;;;;;;;;;;;;;;;;;;;;;;;;;;;;;;;;;;;;;;;;;;;;;;;;;;;;;;;;;;;;;;;;;;;;;;;;;;;;;;;;;;;;;;;;;;;;;;;;;;;;;;;;;;;;;;;;;;;;;;;;;;;;;;;;;;;;;;;;;;;;;;;;;;;;;;;;;;;;;;;;;;;43.00;;;;;;;;;;;;;;;;;;;;;;;;;;;;;;;;;;;33.00;33.00;33.00;;;;;;;;;;;;;;37.00;37.00;38.00;;;;43.10;;;;;;;;;;;0.00;0.00;0.00;0.00;0.00;2.00;;;;;;;;;;;;;;;;;;;;;;0.00;0.00;11;11;;;;;;;;;;;;;;;;;;;;;;;;0.40;0;0;0.00;0.00;;;;;69.00;69.00;69.00;;73.00;73.00;73.00;;67.00;67.00;67.00;;;;;;;;;;;;;0;2.10;2.80;1.20;0.50;1.10;0.00;-14;-13;-28;72;20;50.10;;;29083926;9.00;;;;;;21.00
1572938400000;2019-11-05T08:20:00.000+0100;;;;;;;;;-1.00;-0.10;374.90;374.90;375.00;12.00;16.00;16.00;24.00;;;;;24.00;24.00;;;;;;;;;0.0;;;;;;;;;;;;;;;;;;;;;;;;;;;;;;;;;;;;;;;;;;;;50.00;;;;;;;;;;;;;;;;;;;;;;;;;;;;;;;;;;;;;;35.00;40.00;34.00;12.00;;;;22.00;24.00;22.00;;;;;;;;;193.20;0.00;0.600;-0.700;;;;;;;;;;;;;0.000;;;;;;;;;;;42.00;42.00;42.00;;;;;;;;;60835;;;;;;;;;;;;;;0.000;;;;;;;;;;;;29.00;28.00;;;;;;;;;;;;;;0;0.00;0.00;;0.00;;3.00;-47.80;-90.90;;12.70;-47.90;;;;-46.10;;;;2.20;;;;0.50;2.30;0.50;3.60;0.60;2.10;0.80;3.50;0.60;24.00;24.00;0.00;25.00;;;;18.00;;;;33.00;;;;;;;;39.00;;;;;;;;;;;;43.00;;;;;;;;;;;;;;;;;;;;;;;;;;;;;;;;;;;;;;;;;;;;;;;;;;;;;;;;;;;;;;;;;;;;;;;;;;;;;;;;;;;;;;;;;;;;;;;;;;;;;;;;;;;;;;;;;;;;;;;;;;;;;;;;;;;;;;;;;;;;;;;;;;;;;;;;;;;;;;;;;;;;;;;;;;;;;;;;;;;;;;;;;;;;;;;;;;;;;;;;;;;;;;;;;;;;;;41.00;;;;;;;;;;;;;;;;;;;;;;;;;;;;;;;;;;;33.00;33.00;34.00;;;;;;;;;;;;;;36.00;36.00;37.00;;;;74.90;;;;;;;;;;;0.00;0.00;0.00;0.00;0.00;2.00;;;;;;;;;;;;;;;;;;;;;;0.00;0.00;11;11;;;;;;;;;;;;;;;;;;;;;;;;0.70;0;0;0.00;0.00;;;;;69.00;69.00;69.00;;73.00;73.00;73.00;;67.00;67.00;67.00;;;;;;;;;;;;;0;2.20;3.30;1.10;0.60;1.90;0.00;-14;-13;-28;72;25;67.50;;;29083926;8.00;;;;;;21.00
1572939000000;2019-11-05T08:30:00.000+0100;;;;;;;;;-1.00;-0.10;374.90;374.90;374.90;11.00;16.00;17.00;24.00;;;;;24.00;24.00;;;;;;;;;0.0;;;;;;;;;;;;;;;;;;;;;;;;;;;;;;;;;;;;;;;;;;;;50.00;;;;;;;;;;;;;;;;;;;;;;;;;;;;;;;;;;;;;;35.00;39.00;34.00;12.00;;;;22.00;24.00;22.00;;;;;;;;;224.10;144.30;0.600;-0.700;;;;;;;;;;;;;0.000;;;;;;;;;;;40.00;40.00;40.00;;;;;;;;;60836;;;;;;;;;;;;;;0.000;;;;;;;;;;;;29.00;28.00;;;;;;;;;;;;;;0;0.00;0.00;;0.00;;3.00;-15.80;-28.80;;3.50;-18.30;;;;-14.60;;;;2.60;;;;0.30;2.60;1.00;4.00;0.40;2.60;0.90;4.30;0.40;24.00;24.00;0.00;25.00;;;;18.00;;;;31.00;;;;;;;;39.00;;;;;;;;;;;;41.00;;;;;;;;;;;;;;;;;;;;;;;;;;;;;;;;;;;;;;;;;;;;;;;;;;;;;;;;;;;;;;;;;;;;;;;;;;;;;;;;;;;;;;;;;;;;;;;;;;;;;;;;;;;;;;;;;;;;;;;;;;;;;;;;;;;;;;;;;;;;;;;;;;;;;;;;;;;;;;;;;;;;;;;;;;;;;;;;;;;;;;;;;;;;;;;;;;;;;;;;;;;;;;;;;;;;;;40.00;;;;;;;;;;;;;;;;;;;;;;;;;;;;;;;;;;;34.00;34.00;34.00;;;;;;;;;;;;;;36.00;36.00;36.00;;;;19.50;;;;;;;;;;;0.00;0.00;0.00;0.00;0.00;1.90;;;;;;;;;;;;;;;;;;;;;;0.00;0.00;11;11;;;;;;;;;;;;;;;;;;;;;;;;0.20;0;0;0.00;0.00;;;;;69.00;69.00;69.00;;73.00;73.00;73.00;;67.00;67.00;67.00;;;;;;;;;;;;;0;2.60;3.50;1.40;1.80;2.10;1.40;-14;-13;-28;72;57;186.90;;;29083926;8.00;;;;;;21.00
1572939600000;2019-11-05T08:40:00.000+0100;;;;;;;;;0.00;17.70;374.50;374.40;374.40;30.00;32.00;31.00;9.10;;;;;9.10;9.10;;;;;;;;;1.0;;;;;;;;;;;;;;;;;;;;;;;;;;;;;;;;;;;;;;;;;;;;50.00;;;;;;;;;;;;;;;;;;;;;;;;;;;;;;;;;;;;;;35.00;39.00;34.00;12.00;;;;22.00;24.00;22.00;;;;;;;;;933.60;209.80;53.200;-0.600;;;;;;;;;;;;;1035.600;;;;;;;;;;;42.00;41.00;41.00;;;;;;;;;60836;;;;;;;;;;;;;;20.300;;;;;;;;;;;;29.00;28.00;;;;;;;;;;;;;;0;0.00;0.00;;0.00;;3.00;3.20;-15.10;;3.70;1.00;;;;5.80;;;;3.30;;;;0.20;3.20;1.90;4.30;0.40;3.30;1.80;4.80;0.40;-2.30;24.00;11.90;25.00;;;;18.00;;;;32.00;;;;;;;;39.00;;;;;;;;;;;;43.00;;;;;;;;;;;;;;;;;;;;;;;;;;;;;;;;;;;;;;;;;;;;;;;;;;;;;;;;;;;;;;;;;;;;;;;;;;;;;;;;;;;;;;;;;;;;;;;;;;;;;;;;;;;;;;;;;;;;;;;;;;;;;;;;;;;;;;;;;;;;;;;;;;;;;;;;;;;;;;;;;;;;;;;;;;;;;;;;;;;;;;;;;;;;;;;;;;;;;;;;;;;;;;;;;;;;;;41.00;;;;;;;;;;;;;;;;;;;;;;;;;;;;;;;;;;;34.00;34.00;34.00;;;;;;;;;;;;;;36.00;35.00;36.00;;;;329.40;;;;;;;;;;;0.00;60.20;19.10;0.00;0.00;26.00;;;;;;;;;;;;;;;;;;;;;;0.00;2000.00;1;1;;;;;;;;;;;;;;;;;;;;;;;;3.20;0;0;0.00;0.00;;;;;69.00;69.00;69.00;;73.00;73.00;73.00;;67.00;67.00;67.00;;;;;;;;;;;;;0;3.30;3.90;2.60;6.10;9.00;2.00;14;61;-34;66;69;636.80;;;29083928;8.00;;;;;;21.00
1572940200000;2019-11-05T08:50:00.000+0100;;;;;;;;;0.60;15.40;375.30;375.10;375.20;24.00;25.00;22.00;-0.20;;;;;-0.20;-0.20;;;;;;;;;1.0;;;;;;;;;;;;;;;;;;;;;;;;;;;;;;;;;;;;;;;;;;;;50.00;;;;;;;;;;;;;;;;;;;;;;;;;;;;;;;;;;;;;;35.00;40.00;35.00;12.00;;;;22.00;24.00;22.00;;;;;;;;;927.30;879.40;36.900;-17.400;;;;;;;;;;;;;2000.000;;;;;;;;;;;47.00;47.00;47.00;;;;;;;;;60836;;;;;;;;;;;;;;17.600;;;;;;;;;;;;29.00;28.00;;;;;;;;;;;;;;0;0.00;0.00;;0.00;;3.00;-2.20;-2.20;;2.60;-4.40;;;;0.20;;;;3.20;;;;0.30;3.20;1.00;4.60;0.50;3.20;1.30;5.20;0.50;-0.90;0.90;0.40;25.00;;;;18.00;;;;33.00;;;;;;;;39.00;;;;;;;;;;;;50.00;;;;;;;;;;;;;;;;;;;;;;;;;;;;;;;;;;;;;;;;;;;;;;;;;;;;;;;;;;;;;;;;;;;;;;;;;;;;;;;;;;;;;;;;;;;;;;;;;;;;;;;;;;;;;;;;;;;;;;;;;;;;;;;;;;;;;;;;;;;;;;;;;;;;;;;;;;;;;;;;;;;;;;;;;;;;;;;;;;;;;;;;;;;;;;;;;;;;;;;;;;;;;;;;;;;;;;44.00;;;;;;;;;;;;;;;;;;;;;;;;;;;;;;;;;;;34.00;34.00;34.00;;;;;;;;;;;;;;37.00;36.00;37.00;;;;6.30;;;;;;;;;;;0.00;41.80;11.60;0.00;0.00;11.60;;;;;;;;;;;;;;;;;;;;;;2000.00;2000.00;1;1;;;;;;;;;;;;;;;;;;;;;;;;0.10;0;0;0.00;0.00;;;;;69.00;69.00;69.00;;73.00;73.00;73.00;;67.00;67.00;67.00;;;;;;;;;;;;;0;3.20;3.80;1.90;8.80;8.90;8.40;18;42;-7;75;73;918.10;;;29083934;8.00;;;;;;20.00
1572940800000;2019-11-05T09:00:00.000+0100;;;;;;;;;-0.50;-0.30;373.40;373.30;373.40;11.00;14.00;14.00;12.60;;;;;12.60;12.60;;;;;;;;;0.0;;;;;;;;;;;;;;;;;;;;;;;;;;;;;;;;;;;;;;;;;;;;50.00;;;;;;;;;;;;;;;;;;;;;;;;;;;;;;;;;;;;;;36.00;40.00;35.00;12.00;;;;22.00;24.00;22.00;;;;;;;;;922.80;162.10;9.500;-15.000;;;;;;;;;;;;;878.500;;;;;;;;;;;49.00;49.00;49.00;;;;;;;;;60836;;;;;;;;;;;;;;0.400;;;;;;;;;;;;29.00;28.00;;;;;;;;;;;;;;0;0.00;0.00;;0.00;;3.00;-4.40;-7.10;;1.50;-7.10;;;;-2.20;;;;2.40;;;;0.40;2.50;0.80;3.80;0.60;2.40;0.80;4.30;0.50;-0.60;26.30;11.80;25.00;;;;18.00;;;;34.00;;;;;;;;39.00;;;;;;;;;;;;50.00;;;;;;;;;;;;;;;;;;;;;;;;;;;;;;;;;;;;;;;;;;;;;;;;;;;;;;;;;;;;;;;;;;;;;;;;;;;;;;;;;;;;;;;;;;;;;;;;;;;;;;;;;;;;;;;;;;;;;;;;;;;;;;;;;;;;;;;;;;;;;;;;;;;;;;;;;;;;;;;;;;;;;;;;;;;;;;;;;;;;;;;;;;;;;;;;;;;;;;;;;;;;;;;;;;;;;;44.00;;;;;;;;;;;;;;;;;;;;;;;;;;;;;;;;;;;34.00;33.00;34.00;;;;;;;;;;;;;;37.00;37.00;37.00;;;;324.00;;;;;;;;;;;0.00;17.10;2.20;0.00;0.00;8.20;;;;;;;;;;;;;;;;;;;;;;0.00;2000.00;11;11;;;;;;;;;;;;;;;;;;;;;;;;3.10;0;0;0.00;0.00;;;;;69.00;69.00;69.00;;73.00;73.00;73.00;;67.00;67.00;67.00;;;;;;;;;;;;;0;2.50;3.50;1.20;4.80;8.90;1.60;-8;17;-34;69;65;500.20;;;29083934;8.00;;;;;;20.00
1572941400000;2019-11-05T09:10:00.000+0100;;;;;;;;;-1.00;-0.10;375.50;375.40;375.50;12.00;16.00;16.00;24.00;;;;;24.00;24.00;;;;;;;;;0.0;;;;;;;;;;;;;;;;;;;;;;;;;;;;;;;;;;;;;;;;;;;;50.00;;;;;;;;;;;;;;;;;;;;;;;;;;;;;;;;;;;;;;35.00;40.00;34.00;12.00;;;;22.00;24.00;22.00;;;;;;;;;206.30;165.00;0.400;-0.600;;;;;;;;;;;;;0.000;;;;;;;;;;;45.00;45.00;45.00;;;;;;;;;60836;;;;;;;;;;;;;;0.000;;;;;;;;;;;;29.00;28.00;;;;;;;;;;;;;;0;0.00;0.00;;0.00;;3.00;-7.40;-8.40;;2.80;-11.10;;;;-3.90;;;;2.30;;;;0.30;2.30;0.90;4.60;0.50;2.30;1.20;4.20;0.50;24.00;24.00;0.00;25.00;;;;18.00;;;;35.00;;;;;;;;39.00;;;;;;;;;;;;45.00;;;;;;;;;;;;;;;;;;;;;;;;;;;;;;;;;;;;;;;;;;;;;;;;;;;;;;;;;;;;;;;;;;;;;;;;;;;;;;;;;;;;;;;;;;;;;;;;;;;;;;;;;;;;;;;;;;;;;;;;;;;;;;;;;;;;;;;;;;;;;;;;;;;;;;;;;;;;;;;;;;;;;;;;;;;;;;;;;;;;;;;;;;;;;;;;;;;;;;;;;;;;;;;;;;;;;;42.00;;;;;;;;;;;;;;;;;;;;;;;;;;;;;;;;;;;33.00;33.00;34.00;;;;;;;;;;;;;;37.00;36.00;37.00;;;;8.70;;;;;;;;;;;0.00;0.00;0.00;0.00;0.00;1.90;;;;;;;;;;;;;;;;;;;;;;0.00;0.00;11;11;;;;;;;;;;;;;;;;;;;;;;;;0.10;0;0;0.00;0.00;;;;;69.00;69.00;69.00;;73.00;73.00;73.00;;67.00;67.00;67.00;;;;;;;;;;;;;0;2.30;3.00;1.70;1.80;2.00;1.60;-13;-13;-28;64;57;183.90;;;29083934;9.00;;;;;;20.00
1572942000000;2019-11-05T09:20:00.000+0100;;;;;;;;;-1.00;-0.10;376.00;376.00;376.00;12.00;16.00;16.00;24.00;;;;;24.00;24.00;;;;;;;;;0.0;;;;;;;;;;;;;;;;;;;;;;;;;;;;;;;;;;;;;;;;;;;;50.00;;;;;;;;;;;;;;;;;;;;;;;;;;;;;;;;;;;;;;35.00;39.00;34.00;12.00;;;;22.00;24.00;21.00;;;;;;;;;205.90;155.60;0.400;-0.600;;;;;;;;;;;;;0.000;;;;;;;;;;;42.00;42.00;42.00;;;;;;;;;60836;;;;;;;;;;;;;;0.000;;;;;;;;;;;;29.00;28.00;;;;;;;;;;;;;;0;0.00;0.00;;0.00;;3.00;-8.60;-20.10;;2.30;-11.40;;;;-6.20;;;;2.40;;;;0.30;2.40;1.00;4.60;0.50;2.40;0.80;4.30;0.50;24.00;24.00;0.00;25.00;;;;18.00;;;;32.00;;;;;;;;39.00;;;;;;;;;;;;41.00;;;;;;;;;;;;;;;;;;;;;;;;;;;;;;;;;;;;;;;;;;;;;;;;;;;;;;;;;;;;;;;;;;;;;;;;;;;;;;;;;;;;;;;;;;;;;;;;;;;;;;;;;;;;;;;;;;;;;;;;;;;;;;;;;;;;;;;;;;;;;;;;;;;;;;;;;;;;;;;;;;;;;;;;;;;;;;;;;;;;;;;;;;;;;;;;;;;;;;;;;;;;;;;;;;;;;;40.00;;;;;;;;;;;;;;;;;;;;;;;;;;;;;;;;;;;33.00;33.00;34.00;;;;;;;;;;;;;;36.00;36.00;36.00;;;;11.50;;;;;;;;;;;0.00;0.00;0.00;0.00;0.00;2.00;;;;;;;;;;;;;;;;;;;;;;0.00;0.00;11;11;;;;;;;;;;;;;;;;;;;;;;;;0.10;0;0;0.00;0.00;;;;;69.00;69.00;69.00;;73.00;73.00;73.00;;67.00;67.00;67.00;;;;;;;;;;;;;0;2.40;3.20;1.60;1.70;2.00;1.50;-14;-13;-28;64;56;181.70;;;29083934;9.00;;;;;;21.00
1572942600000;2019-11-05T09:30:00.000+0100;;;;;;;;;-1.00;-0.10;375.60;375.50;375.60;12.00;16.00;16.00;24.00;;;;;24.00;24.00;;;;;;;;;0.0;;;;;;;;;;;;;;;;;;;;;;;;;;;;;;;;;;;;;;;;;;;;50.00;;;;;;;;;;;;;;;;;;;;;;;;;;;;;;;;;;;;;;35.00;38.00;34.00;12.00;;;;22.00;24.00;21.00;;;;;;;;;249.50;170.80;0.400;-0.600;;;;;;;;;;;;;0.000;;;;;;;;;;;40.00;40.00;40.00;;;;;;;;;60837;;;;;;;;;;;;;;0.000;;;;;;;;;;;;29.00;28.00;;;;;;;;;;;;;;0;0.00;0.00;;0.00;;3.00;4.20;-8.70;;2.50;0.90;;;;7.20;;;;2.70;;;;0.40;2.60;0.70;4.40;0.60;2.70;1.20;4.90;0.60;24.00;24.00;0.00;25.00;;;;18.00;;;;31.00;;;;;;;;39.00;;;;;;;;;;;;39.00;;;;;;;;;;;;;;;;;;;;;;;;;;;;;;;;;;;;;;;;;;;;;;;;;;;;;;;;;;;;;;;;;;;;;;;;;;;;;;;;;;;;;;;;;;;;;;;;;;;;;;;;;;;;;;;;;;;;;;;;;;;;;;;;;;;;;;;;;;;;;;;;;;;;;;;;;;;;;;;;;;;;;;;;;;;;;;;;;;;;;;;;;;;;;;;;;;;;;;;;;;;;;;;;;;;;;;39.00;;;;;;;;;;;;;;;;;;;;;;;;;;;;;;;;;;;33.00;33.00;34.00;;;;;;;;;;;;;;36.00;35.00;36.00;;;;20.70;;;;;;;;;;;0.00;0.00;0.00;0.00;0.00;2.00;;;;;;;;;;;;;;;;;;;;;;0.00;0.00;11;11;;;;;;;;;;;;;;;;;;;;;;;;0.20;0;0;0.00;0.00;;;;;69.00;69.00;69.00;;73.00;73.00;73.00;;67.00;67.00;67.00;;;;;;;;;;;;;0;2.70;3.40;1.60;2.00;2.40;1.60;-14;-13;-28;64;69;206.80;;;29083934;9.00;;;;;;21.00
1572943200000;2019-11-05T09:40:00.000+0100;;;;;;;;;-1.00;-0.10;375.70;375.70;375.70;12.00;16.00;17.00;24.00;;;;;24.00;24.00;;;;;;;;;0.0;;;;;;;;;;;;;;;;;;;;;;;;;;;;;;;;;;;;;;;;;;;;50.00;;;;;;;;;;;;;;;;;;;;;;;;;;;;;;;;;;;;;;35.00;38.00;34.00;12.00;;;;22.00;24.00;21.00;;;;;;;;;245.50;153.90;0.800;-1.000;;;;;;;;;;;;;0.000;;;;;;;;;;;39.00;39.00;39.00;;;;;;;;;60837;;;;;;;;;;;;;;0.000;;;;;;;;;;;;29.00;28.00;;;;;;;;;;;;;;0;0.00;0.00;;0.00;;3.00;-0.40;-10.20;;2.50;-2.80;;;;1.90;;;;2.60;;;;0.40;2.60;0.80;4.30;0.60;2.70;0.80;4.90;0.50;24.00;24.00;0.00;25.00;;;;18.00;;;;32.00;;;;;;;;39.00;;;;;;;;;;;;38.00;;;;;;;;;;;;;;;;;;;;;;;;;;;;;;;;;;;;;;;;;;;;;;;;;;;;;;;;;;;;;;;;;;;;;;;;;;;;;;;;;;;;;;;;;;;;;;;;;;;;;;;;;;;;;;;;;;;;;;;;;;;;;;;;;;;;;;;;;;;;;;;;;;;;;;;;;;;;;;;;;;;;;;;;;;;;;;;;;;;;;;;;;;;;;;;;;;;;;;;;;;;;;;;;;;;;;;38.00;;;;;;;;;;;;;;;;;;;;;;;;;;;;;;;;;;;33.00;33.00;34.00;;;;;;;;;;;;;;35.00;35.00;36.00;;;;21.50;;;;;;;;;;;0.00;0.00;0.00;0.00;0.00;2.20;;;;;;;;;;;;;;;;;;;;;;0.00;0.00;11;11;;;;;;;;;;;;;;;;;;;;;;;;0.20;0;0;0.00;0.00;;;;;69.00;69.00;69.00;;73.00;73.00;73.00;;67.00;66.00;67.00;;;;;;;;;;;;;0;2.60;3.40;1.30;1.90;2.40;1.50;-14;-13;-28;59;58;201.80;;;29083934;9.00;;;;;;20.00
1572943800000;2019-11-05T09:50:00.000+0100;;;;;;;;;-1.00;-0.10;374.80;374.80;374.70;12.00;15.00;17.00;24.00;;;;;24.00;24.00;;;;;;;;;0.0;;;;;;;;;;;;;;;;;;;;;;;;;;;;;;;;;;;;;;;;;;;;50.00;;;;;;;;;;;;;;;;;;;;;;;;;;;;;;;;;;;;;;35.00;38.00;34.00;12.00;;;;22.00;24.00;21.00;;;;;;;;;239.50;159.60;0.400;-0.600;;;;;;;;;;;;;0.000;;;;;;;;;;;38.00;38.00;39.00;;;;;;;;;60837;;;;;;;;;;;;;;0.000;;;;;;;;;;;;29.00;28.00;;;;;;;;;;;;;;0;0.00;0.00;;0.00;;3.00;18.20;12.40;;1.60;16.30;;;;21.10;;;;2.50;;;;0.30;2.50;0.90;4.60;0.50;2.60;1.00;4.20;0.50;24.00;24.00;0.00;25.00;;;;18.00;;;;33.00;;;;;;;;39.00;;;;;;;;;;;;38.00;;;;;;;;;;;;;;;;;;;;;;;;;;;;;;;;;;;;;;;;;;;;;;;;;;;;;;;;;;;;;;;;;;;;;;;;;;;;;;;;;;;;;;;;;;;;;;;;;;;;;;;;;;;;;;;;;;;;;;;;;;;;;;;;;;;;;;;;;;;;;;;;;;;;;;;;;;;;;;;;;;;;;;;;;;;;;;;;;;;;;;;;;;;;;;;;;;;;;;;;;;;;;;;;;;;;;;38.00;;;;;;;;;;;;;;;;;;;;;;;;;;;;;;;;;;;33.00;33.00;33.00;;;;;;;;;;;;;;35.00;35.00;35.00;;;;18.50;;;;;;;;;;;0.00;0.00;0.00;0.00;0.00;2.00;;;;;;;;;;;;;;;;;;;;;;0.00;0.00;11;11;;;;;;;;;;;;;;;;;;;;;;;;0.20;0;0;0.00;0.00;;;;;69.00;68.00;69.00;;73.00;73.00;73.00;;66.00;66.00;67.00;;;;;;;;;;;;;0;2.50;3.40;1.70;1.90;2.30;1.50;-14;-13;-28;52;70;195.50;;;29083934;9.00;;;;;;20.00
1572944400000;2019-11-05T10:00:00.000+0100;;;;;;;;;-1.00;-0.10;375.00;374.90;375.00;11.00;16.00;16.00;24.00;;;;;24.00;24.00;;;;;;;;;0.0;;;;;;;;;;;;;;;;;;;;;;;;;;;;;;;;;;;;;;;;;;;;50.00;;;;;;;;;;;;;;;;;;;;;;;;;;;;;;;;;;;;;;35.00;37.00;34.00;12.00;;;;22.00;24.00;21.00;;;;;;;;;204.70;89.00;0.400;-0.700;;;;;;;;;;;;;0.000;;;;;;;;;;;38.00;38.00;38.00;;;;;;;;;60837;;;;;;;;;;;;;;0.000;;;;;;;;;;;;29.00;28.00;;;;;;;;;;;;;;0;0.00;0.00;;0.00;;3.00;31.60;18.50;;3.90;30.30;;;;32.70;;;;2.30;;;;0.30;2.20;0.90;3.90;0.40;2.40;0.70;4.90;0.50;24.00;24.00;0.00;25.00;;;;18.00;;;;34.00;;;;;;;;39.00;;;;;;;;;;;;37.00;;;;;;;;;;;;;;;;;;;;;;;;;;;;;;;;;;;;;;;;;;;;;;;;;;;;;;;;;;;;;;;;;;;;;;;;;;;;;;;;;;;;;;;;;;;;;;;;;;;;;;;;;;;;;;;;;;;;;;;;;;;;;;;;;;;;;;;;;;;;;;;;;;;;;;;;;;;;;;;;;;;;;;;;;;;;;;;;;;;;;;;;;;;;;;;;;;;;;;;;;;;;;;;;;;;;;;37.00;;;;;;;;;;;;;;;;;;;;;;;;;;;;;;;;;;;33.00;33.00;33.00;;;;;;;;;;;;;;35.00;34.00;35.00;;;;26.90;;;;;;;;;;;0.00;0.00;0.00;0.00;0.00;1.90;;;;;;;;;;;;;;;;;;;;;;0.00;0.00;11;11;;;;;;;;;;;;;;;;;;;;;;;;0.30;0;0;0.00;0.00;;;;;68.00;68.00;69.00;;73.00;73.00;73.00;;66.00;66.00;67.00;;;;;;;;;;;;;0;2.30;3.20;1.30;1.60;2.00;0.90;-13;-13;-28;52;84;161.60;;;29083934;9.00;;;;;;20.00
1572945000000;2019-11-05T10:10:00.000+0100;;;;;;;;;-1.00;-0.10;375.70;375.60;375.70;11.00;16.00;16.00;24.00;;;;;24.00;24.00;;;;;;;;;0.0;;;;;;;;;;;;;;;;;;;;;;;;;;;;;;;;;;;;;;;;;;;;50.00;;;;;;;;;;;;;;;;;;;;;;;;;;;;;;;;;;;;;;35.00;37.00;34.00;12.00;;;;22.00;24.00;21.00;;;;;;;;;130.40;77.70;0.400;-0.700;;;;;;;;;;;;;0.000;;;;;;;;;;;37.00;37.00;37.00;;;;;;;;;60837;;;;;;;;;;;;;;0.000;;;;;;;;;;;;29.00;28.00;;;;;;;;;;;;;;0;0.00;0.00;;0.00;;3.00;43.60;31.60;;2.60;42.60;;;;44.40;;;;2.10;;;;0.30;2.00;0.90;3.20;0.40;2.20;0.70;3.30;0.40;24.00;24.00;0.00;25.00;;;;18.00;;;;34.00;;;;;;;;39.00;;;;;;;;;;;;36.00;;;;;;;;;;;;;;;;;;;;;;;;;;;;;;;;;;;;;;;;;;;;;;;;;;;;;;;;;;;;;;;;;;;;;;;;;;;;;;;;;;;;;;;;;;;;;;;;;;;;;;;;;;;;;;;;;;;;;;;;;;;;;;;;;;;;;;;;;;;;;;;;;;;;;;;;;;;;;;;;;;;;;;;;;;;;;;;;;;;;;;;;;;;;;;;;;;;;;;;;;;;;;;;;;;;;;;36.00;;;;;;;;;;;;;;;;;;;;;;;;;;;;;;;;;;;33.00;33.00;33.00;;;;;;;;;;;;;;34.00;34.00;34.00;;;;14.40;;;;;;;;;;;0.00;0.00;0.00;0.00;0.00;2.00;;;;;;;;;;;;;;;;;;;;;;0.00;0.00;11;11;;;;;;;;;;;;;;;;;;;;;;;;0.10;0;0;0.00;0.00;;;;;68.00;68.00;68.00;;73.00;73.00;73.00;;66.00;66.00;67.00;;;;;;;;;;;;;0;2.10;2.70;1.40;1.00;1.30;0.70;-14;-13;-28;52;96;104.90;;;29083934;9.00;;;;;;20.00
1572945600000;2019-11-05T10:20:00.000+0100;;;;;;;;;-1.00;-0.10;375.20;375.20;375.20;12.00;15.00;17.00;24.00;;;;;24.00;24.00;;;;;;;;;0.0;;;;;;;;;;;;;;;;;;;;;;;;;;;;;;;;;;;;;;;;;;;;50.00;;;;;;;;;;;;;;;;;;;;;;;;;;;;;;;;;;;;;;35.00;37.00;34.00;12.00;;;;22.00;24.00;21.00;;;;;;;;;130.20;0.00;0.400;-0.600;;;;;;;;;;;;;0.000;;;;;;;;;;;36.00;36.00;37.00;;;;;;;;;60837;;;;;;;;;;;;;;0.000;;;;;;;;;;;;29.00;28.00;;;;;;;;;;;;;;0;0.00;0.00;;0.00;;3.00;57.30;39.60;;4.20;56.70;;;;56.50;;;;2.20;;;;0.30;2.10;0.80;3.50;0.40;2.30;0.70;4.60;0.40;24.00;24.00;0.00;25.00;;;;18.00;;;;31.00;;;;;;;;39.00;;;;;;;;;;;;35.00;;;;;;;;;;;;;;;;;;;;;;;;;;;;;;;;;;;;;;;;;;;;;;;;;;;;;;;;;;;;;;;;;;;;;;;;;;;;;;;;;;;;;;;;;;;;;;;;;;;;;;;;;;;;;;;;;;;;;;;;;;;;;;;;;;;;;;;;;;;;;;;;;;;;;;;;;;;;;;;;;;;;;;;;;;;;;;;;;;;;;;;;;;;;;;;;;;;;;;;;;;;;;;;;;;;;;;36.00;;;;;;;;;;;;;;;;;;;;;;;;;;;;;;;;;;;33.00;33.00;33.00;;;;;;;;;;;;;;34.00;34.00;34.00;;;;41.10;;;;;;;;;;;0.00;0.00;0.00;0.00;0.00;1.90;;;;;;;;;;;;;;;;;;;;;;0.00;0.00;11;11;;;;;;;;;;;;;;;;;;;;;;;;0.40;0;0;0.00;0.00;;;;;68.00;68.00;68.00;;73.00;73.00;73.00;;66.00;66.00;66.00;;;;;;;;;;;;;0;2.20;3.00;1.30;0.70;1.20;0.00;-14;-13;-28;52;109;67.80;;;29083934;9.00;;;;;;20.00
1572946200000;2019-11-05T10:30:00.000+0100;;;;;;;;;-1.00;-0.10;374.70;374.50;374.60;11.00;15.00;16.00;24.00;;;;;24.00;24.00;;;;;;;;;0.0;;;;;;;;;;;;;;;;;;;;;;;;;;;;;;;;;;;;;;;;;;;;50.00;;;;;;;;;;;;;;;;;;;;;;;;;;;;;;;;;;;;;;35.00;37.00;34.00;13.00;;;;22.00;24.00;21.00;;;;;;;;;23.90;0.00;0.500;-0.700;;;;;;;;;;;;;0.000;;;;;;;;;;;36.00;36.00;36.00;;;;;;;;;60838;;;;;;;;;;;;;;0.000;;;;;;;;;;;;29.00;28.00;;;;;;;;;;;;;;0;0.00;0.00;;0.00;;3.00;59.10;57.30;;4.50;60.10;;;;65.40;;;;1.70;;;;0.30;1.60;0.20;3.40;0.50;1.80;0.40;3.50;0.50;24.00;24.00;0.00;25.00;;;;20.00;;;;31.00;;;;;;;;39.00;;;;;;;;;;;;35.00;;;;;;;;;;;;;;;;;;;;;;;;;;;;;;;;;;;;;;;;;;;;;;;;;;;;;;;;;;;;;;;;;;;;;;;;;;;;;;;;;;;;;;;;;;;;;;;;;;;;;;;;;;;;;;;;;;;;;;;;;;;;;;;;;;;;;;;;;;;;;;;;;;;;;;;;;;;;;;;;;;;;;;;;;;;;;;;;;;;;;;;;;;;;;;;;;;;;;;;;;;;;;;;;;;;;;;35.00;;;;;;;;;;;;;;;;;;;;;;;;;;;;;;;;;;;33.00;33.00;33.00;;;;;;;;;;;;;;33.00;33.00;34.00;;;;5.80;;;;;;;;;;;0.00;0.00;0.00;0.00;0.00;2.00;;;;;;;;;;;;;;;;;;;;;;0.00;0.00;11;11;;;;;;;;;;;;;;;;;;;;;;;;0.10;0;0;0.00;0.00;;;;;68.00;68.00;69.00;;73.00;73.00;73.00;;66.00;66.00;67.00;;;;;;;;;;;;;0;1.70;2.50;0.60;0.00;0.20;0.00;-13;-12;-28;52;111;3.00;;;29083934;9.00;;;;;;21.00
1572946800000;2019-11-05T10:40:00.000+0100;;;;;;;;;-1.00;-0.10;375.30;375.10;375.20;11.00;15.00;16.00;24.00;;;;;24.00;24.00;;;;;;;;;0.0;;;;;;;;;;;;;;;;;;;;;;;;;;;;;;;;;;;;;;;;;;;;50.00;;;;;;;;;;;;;;;;;;;;;;;;;;;;;;;;;;;;;;35.00;37.00;34.00;14.00;;;;22.00;24.00;22.00;;;;;;;;;149.30;23.90;0.500;-0.700;;;;;;;;;;;;;0.000;;;;;;;;;;;36.00;36.00;36.00;;;;;;;;;60838;;;;;;;;;;;;;;0.000;;;;;;;;;;;;29.00;27.00;;;;;;;;;;;;;;0;0.00;0.00;;0.00;;3.00;13.70;13.70;;6.80;10.50;;;;18.70;;;;1.80;;;;0.20;1.80;0.20;4.10;0.40;1.90;0.40;3.40;0.40;24.00;24.00;0.00;25.00;;;;19.00;;;;33.00;;;;;;;;39.00;;;;;;;;;;;;34.00;;;;;;;;;;;;;;;;;;;;;;;;;;;;;;;;;;;;;;;;;;;;;;;;;;;;;;;;;;;;;;;;;;;;;;;;;;;;;;;;;;;;;;;;;;;;;;;;;;;;;;;;;;;;;;;;;;;;;;;;;;;;;;;;;;;;;;;;;;;;;;;;;;;;;;;;;;;;;;;;;;;;;;;;;;;;;;;;;;;;;;;;;;;;;;;;;;;;;;;;;;;;;;;;;;;;;;35.00;;;;;;;;;;;;;;;;;;;;;;;;;;;;;;;;;;;33.00;33.00;34.00;;;;;;;;;;;;;;33.00;33.00;33.00;;;;33.70;;;;;;;;;;;0.00;0.00;0.00;0.00;0.00;2.00;;;;;;;;;;;;;;;;;;;;;;0.00;0.00;11;11;;;;;;;;;;;;;;;;;;;;;;;;0.30;0;0;0.00;0.00;;;;;69.00;68.00;69.00;;73.00;73.00;73.00;;67.00;67.00;67.00;;;;;;;;;;;;;0;1.80;2.30;0.80;1.20;1.40;0.20;-13;-12;-28;52;66;122.20;;;29083934;9.00;;;;;;24.00
1572947400000;2019-11-05T10:50:00.000+0100;;;;;;;;;-1.00;-0.10;376.50;376.50;376.50;12.00;16.00;16.00;24.00;;;;;24.00;24.00;;;;;;;;;0.0;;;;;;;;;;;;;;;;;;;;;;;;;;;;;;;;;;;;;;;;;;;;50.00;;;;;;;;;;;;;;;;;;;;;;;;;;;;;;;;;;;;;;35.00;37.00;34.00;13.00;;;;23.00;24.00;22.00;;;;;;;;;138.40;79.60;0.500;-0.600;;;;;;;;;;;;;0.000;;;;;;;;;;;36.00;36.00;36.00;;;;;;;;;60838;;;;;;;;;;;;;;0.000;;;;;;;;;;;;29.00;27.00;;;;;;;;;;;;;;0;0.00;0.00;;0.00;;3.00;18.00;3.00;;1.70;16.50;;;;19.40;;;;1.70;;;;0.20;1.60;0.60;3.10;0.40;1.80;0.70;3.80;0.40;24.00;24.00;0.00;25.00;;;;19.00;;;;34.00;;;;;;;;39.00;;;;;;;;;;;;34.00;;;;;;;;;;;;;;;;;;;;;;;;;;;;;;;;;;;;;;;;;;;;;;;;;;;;;;;;;;;;;;;;;;;;;;;;;;;;;;;;;;;;;;;;;;;;;;;;;;;;;;;;;;;;;;;;;;;;;;;;;;;;;;;;;;;;;;;;;;;;;;;;;;;;;;;;;;;;;;;;;;;;;;;;;;;;;;;;;;;;;;;;;;;;;;;;;;;;;;;;;;;;;;;;;;;;;;35.00;;;;;;;;;;;;;;;;;;;;;;;;;;;;;;;;;;;33.00;33.00;34.00;;;;;;;;;;;;;;33.00;33.00;33.00;;;;18.40;;;;;;;;;;;0.00;0.00;0.00;0.00;0.00;2.00;;;;;;;;;;;;;;;;;;;;;;0.00;0.00;11;11;;;;;;;;;;;;;;;;;;;;;;;;0.20;0;0;0.00;0.00;;;;;69.00;69.00;69.00;;73.00;73.00;73.00;;67.00;66.00;67.00;;;;;;;;;;;;;0;1.70;2.30;1.10;1.00;1.30;0.80;-14;-13;-28;52;70;107.50;;;29083934;9.00;;;;;;24.00
1572948000000;2019-11-05T11:00:00.000+0100;;;;;;;;;-0.70;-10.60;376.10;376.00;376.00;16.00;18.00;18.00;24.00;;;;;24.00;24.00;;;;;;;;;0.0;;;;;;;;;;;;;;;;;;;;;;;;;;;;;;;;;;;;;;;;;;;;50.00;;;;;;;;;;;;;;;;;;;;;;;;;;;;;;;;;;;;;;35.00;36.00;34.00;13.00;;;;23.00;24.00;22.00;;;;;;;;;94.50;57.70;19.300;-20.800;;;;;;;;;;;;;0.000;;;;;;;;;;;36.00;36.00;36.00;;;;;;;;;60838;;;;;;;;;;;;;;0.000;;;;;;;;;;;;29.00;27.00;;;;;;;;;;;;;;0;0.00;0.00;;0.00;;3.00;24.50;11.60;;4.00;25.30;;;;27.90;;;;1.50;;;;0.20;1.40;0.60;2.90;0.30;1.60;0.40;3.30;0.40;24.00;24.00;0.00;25.00;;;;19.00;;;;34.00;;;;;;;;39.00;;;;;;;;;;;;34.00;;;;;;;;;;;;;;;;;;;;;;;;;;;;;;;;;;;;;;;;;;;;;;;;;;;;;;;;;;;;;;;;;;;;;;;;;;;;;;;;;;;;;;;;;;;;;;;;;;;;;;;;;;;;;;;;;;;;;;;;;;;;;;;;;;;;;;;;;;;;;;;;;;;;;;;;;;;;;;;;;;;;;;;;;;;;;;;;;;;;;;;;;;;;;;;;;;;;;;;;;;;;;;;;;;;;;;35.00;;;;;;;;;;;;;;;;;;;;;;;;;;;;;;;;;;;33.00;33.00;33.00;;;;;;;;;;;;;;33.00;33.00;33.00;;;;8.80;;;;;;;;;;;0.00;0.00;0.00;0.00;0.00;2.60;;;;;;;;;;;;;;;;;;;;;;0.00;0.00;11;11;;;;;;;;;;;;;;;;;;;;;;;;0.10;0;0;0.00;0.00;;;;;69.00;69.00;69.00;;73.00;73.00;73.00;;66.00;66.00;67.00;;;;;;;;;;;;;0;1.50;2.10;0.90;0.80;0.90;0.60;-11;-9;-28;52;77;79.90;;;29083934;9.00;;;;;;22.00
1572948600000;2019-11-05T11:10:00.000+0100;;;;;;;;;-0.50;-18.90;375.20;375.20;375.30;19.00;19.00;20.00;24.00;;;;;24.00;24.00;;;;;;;;;0.0;;;;;;;;;;;;;;;;;;;;;;;;;;;;;;;;;;;;;;;;;;;;50.00;;;;;;;;;;;;;;;;;;;;;;;;;;;;;;;;;;;;;;35.00;36.00;34.00;13.00;;;;23.00;24.00;22.00;;;;;;;;;101.60;55.10;-18.600;-20.800;;;;;;;;;;;;;0.000;;;;;;;;;;;35.00;35.00;35.00;;;;;;;;;60838;;;;;;;;;;;;;;0.000;;;;;;;;;;;;28.00;27.00;;;;;;;;;;;;;;0;0.00;0.00;;0.00;;3.00;31.80;14.90;;3.20;31.50;;;;33.90;;;;1.50;;;;0.20;1.40;0.40;2.80;0.30;1.50;0.50;3.80;0.40;24.00;24.00;0.00;25.00;;;;19.00;;;;31.00;;;;;;;;39.00;;;;;;;;;;;;34.00;;;;;;;;;;;;;;;;;;;;;;;;;;;;;;;;;;;;;;;;;;;;;;;;;;;;;;;;;;;;;;;;;;;;;;;;;;;;;;;;;;;;;;;;;;;;;;;;;;;;;;;;;;;;;;;;;;;;;;;;;;;;;;;;;;;;;;;;;;;;;;;;;;;;;;;;;;;;;;;;;;;;;;;;;;;;;;;;;;;;;;;;;;;;;;;;;;;;;;;;;;;;;;;;;;;;;;34.00;;;;;;;;;;;;;;;;;;;;;;;;;;;;;;;;;;;33.00;33.00;33.00;;;;;;;;;;;;;;33.00;33.00;33.00;;;;10.90;;;;;;;;;;;0.00;0.00;0.00;0.00;0.00;2.00;;;;;;;;;;;;;;;;;;;;;;0.00;0.00;11;11;;;;;;;;;;;;;;;;;;;;;;;;0.10;0;0;0.00;0.00;;;;;69.00;69.00;69.00;;73.00;73.00;73.00;;66.00;66.00;67.00;;;;;;;;;;;;;0;1.50;2.00;0.90;0.80;1.00;0.50;-10;-9;-24;52;84;81.20;;;29083934;9.00;;;;;;21.00
1572949200000;2019-11-05T11:20:00.000+0100;;;;;;;;;-0.50;-18.90;375.90;375.90;376.10;19.00;19.00;20.00;24.00;;;;;24.00;24.00;;;;;;;;;0.0;;;;;;;;;;;;;;;;;;;;;;;;;;;;;;;;;;;;;;;;;;;;50.00;;;;;;;;;;;;;;;;;;;;;;;;;;;;;;;;;;;;;;35.00;36.00;33.00;13.00;;;;23.00;24.00;22.00;;;;;;;;;129.20;92.60;-18.700;-20.900;;;;;;;;;;;;;0.000;;;;;;;;;;;35.00;35.00;35.00;;;;;;;;;60838;;;;;;;;;;;;;;0.000;;;;;;;;;;;;28.00;27.00;;;;;;;;;;;;;;0;0.00;0.00;;0.00;;3.00;24.90;24.50;;3.90;23.80;;;;26.90;;;;1.70;;;;0.20;1.60;0.40;3.10;0.30;1.80;0.60;4.50;0.40;24.00;24.00;0.00;25.00;;;;19.00;;;;31.00;;;;;;;;38.00;;;;;;;;;;;;34.00;;;;;;;;;;;;;;;;;;;;;;;;;;;;;;;;;;;;;;;;;;;;;;;;;;;;;;;;;;;;;;;;;;;;;;;;;;;;;;;;;;;;;;;;;;;;;;;;;;;;;;;;;;;;;;;;;;;;;;;;;;;;;;;;;;;;;;;;;;;;;;;;;;;;;;;;;;;;;;;;;;;;;;;;;;;;;;;;;;;;;;;;;;;;;;;;;;;;;;;;;;;;;;;;;;;;;;34.00;;;;;;;;;;;;;;;;;;;;;;;;;;;;;;;;;;;33.00;33.00;33.00;;;;;;;;;;;;;;33.00;32.00;33.00;;;;9.30;;;;;;;;;;;0.00;0.00;0.00;0.00;0.00;1.80;;;;;;;;;;;;;;;;;;;;;;0.00;0.00;11;11;;;;;;;;;;;;;;;;;;;;;;;;0.10;0;0;0.00;0.00;;;;;69.00;69.00;69.00;;73.00;73.00;73.00;;66.00;66.00;67.00;;;;;;;;;;;;;0;1.70;2.40;1.00;1.10;1.20;0.90;-10;-9;-24;52;77;111.90;;;29083934;9.00;;;;;;21.00
1572949800000;2019-11-05T11:30:00.000+0100;;;;;;;;;-0.50;-18.90;375.80;375.80;376.00;19.00;19.00;20.00;24.00;;;;;24.00;24.00;;;;;;;;;0.0;;;;;;;;;;;;;;;;;;;;;;;;;;;;;;;;;;;;;;;;;;;;50.00;;;;;;;;;;;;;;;;;;;;;;;;;;;;;;;;;;;;;;35.00;36.00;33.00;12.00;;;;22.00;24.00;22.00;;;;;;;;;100.60;70.20;-18.800;-20.700;;;;;;;;;;;;;0.000;;;;;;;;;;;35.00;35.00;35.00;;;;;;;;;60839;;;;;;;;;;;;;;0.000;;;;;;;;;;;;28.00;27.00;;;;;;;;;;;;;;0;0.00;0.00;;0.00;;3.00;31.60;24.90;;3.60;29.80;;;;33.90;;;;1.40;;;;0.20;1.30;0.60;3.00;0.30;1.50;0.40;4.10;0.40;24.00;24.00;0.00;25.00;;;;19.00;;;;33.00;;;;;;;;38.00;;;;;;;;;;;;33.00;;;;;;;;;;;;;;;;;;;;;;;;;;;;;;;;;;;;;;;;;;;;;;;;;;;;;;;;;;;;;;;;;;;;;;;;;;;;;;;;;;;;;;;;;;;;;;;;;;;;;;;;;;;;;;;;;;;;;;;;;;;;;;;;;;;;;;;;;;;;;;;;;;;;;;;;;;;;;;;;;;;;;;;;;;;;;;;;;;;;;;;;;;;;;;;;;;;;;;;;;;;;;;;;;;;;;;34.00;;;;;;;;;;;;;;;;;;;;;;;;;;;;;;;;;;;33.00;33.00;33.00;;;;;;;;;;;;;;32.00;32.00;33.00;;;;7.30;;;;;;;;;;;0.00;0.00;0.00;0.00;0.00;2.00;;;;;;;;;;;;;;;;;;;;;;0.00;0.00;11;11;;;;;;;;;;;;;;;;;;;;;;;;0.10;0;0;0.00;0.00;;;;;68.00;68.00;69.00;;73.00;73.00;73.00;;66.00;66.00;67.00;;;;;;;;;;;;;0;1.40;2.00;0.80;0.80;1.00;0.70;-10;-9;-24;52;84;83.70;;;29083934;9.00;;;;;;20.00
1572950400000;2019-11-05T11:40:00.000+0100;;;;;;;;;-0.40;-19.10;376.20;376.20;376.30;19.00;19.00;20.00;24.00;;;;;24.00;24.00;;;;;;;;;0.0;;;;;;;;;;;;;;;;;;;;;;;;;;;;;;;;;;;;;;;;;;;;50.00;;;;;;;;;;;;;;;;;;;;;;;;;;;;;;;;;;;;;;35.00;36.00;33.00;13.00;;;;22.00;24.00;22.00;;;;;;;;;147.50;90.80;-18.800;-20.900;;;;;;;;;;;;;0.000;;;;;;;;;;;35.00;35.00;35.00;;;;;;;;;60839;;;;;;;;;;;;;;0.000;;;;;;;;;;;;28.00;27.00;;;;;;;;;;;;;;0;0.00;0.00;;0.00;;3.00;12.90;12.20;;3.60;8.90;;;;15.80;;;;1.80;;;;0.20;1.70;0.80;3.10;0.40;1.80;0.60;3.60;0.40;24.00;24.00;0.00;25.00;;;;19.00;;;;33.00;;;;;;;;37.00;;;;;;;;;;;;33.00;;;;;;;;;;;;;;;;;;;;;;;;;;;;;;;;;;;;;;;;;;;;;;;;;;;;;;;;;;;;;;;;;;;;;;;;;;;;;;;;;;;;;;;;;;;;;;;;;;;;;;;;;;;;;;;;;;;;;;;;;;;;;;;;;;;;;;;;;;;;;;;;;;;;;;;;;;;;;;;;;;;;;;;;;;;;;;;;;;;;;;;;;;;;;;;;;;;;;;;;;;;;;;;;;;;;;;33.00;;;;;;;;;;;;;;;;;;;;;;;;;;;;;;;;;;;33.00;33.00;33.00;;;;;;;;;;;;;;32.00;32.00;32.00;;;;12.40;;;;;;;;;;;0.00;0.00;0.00;0.00;0.00;1.90;;;;;;;;;;;;;;;;;;;;;;0.00;0.00;11;11;;;;;;;;;;;;;;;;;;;;;;;;0.10;0;0;0.00;0.00;;;;;68.00;68.00;69.00;;73.00;73.00;73.00;;66.00;66.00;67.00;;;;;;;;;;;;;0;1.80;2.40;1.10;1.20;1.40;0.90;-9;-8;-24;52;65;126.20;;;29083934;9.00;;;;;;21.00
1572951000000;2019-11-05T11:50:00.000+0100;;;;;;;;;-0.40;-19.10;376.20;376.10;376.30;19.00;19.00;20.00;24.00;;;;;24.00;24.00;;;;;;;;;0.0;;;;;;;;;;;;;;;;;;;;;;;;;;;;;;;;;;;;;;;;;;;;50.00;;;;;;;;;;;;;;;;;;;;;;;;;;;;;;;;;;;;;;35.00;35.00;33.00;13.00;;;;23.00;24.00;22.00;;;;;;;;;173.90;137.30;-18.800;-20.900;;;;;;;;;;;;;0.000;;;;;;;;;;;35.00;35.00;35.00;;;;;;;;;60839;;;;;;;;;;;;;;0.000;;;;;;;;;;;;28.00;27.00;;;;;;;;;;;;;;0;0.00;0.00;;0.00;;3.00;-4.50;-4.50;;2.60;-6.20;;;;-2.60;;;;2.20;;;;0.20;2.10;0.70;4.00;0.40;2.20;1.10;5.30;0.40;24.00;24.00;0.00;25.00;;;;19.00;;;;34.00;;;;;;;;38.00;;;;;;;;;;;;34.00;;;;;;;;;;;;;;;;;;;;;;;;;;;;;;;;;;;;;;;;;;;;;;;;;;;;;;;;;;;;;;;;;;;;;;;;;;;;;;;;;;;;;;;;;;;;;;;;;;;;;;;;;;;;;;;;;;;;;;;;;;;;;;;;;;;;;;;;;;;;;;;;;;;;;;;;;;;;;;;;;;;;;;;;;;;;;;;;;;;;;;;;;;;;;;;;;;;;;;;;;;;;;;;;;;;;;;34.00;;;;;;;;;;;;;;;;;;;;;;;;;;;;;;;;;;;33.00;33.00;34.00;;;;;;;;;;;;;;33.00;32.00;33.00;;;;8.90;;;;;;;;;;;0.00;0.00;0.00;0.00;0.00;2.00;;;;;;;;;;;;;;;;;;;;;;0.00;0.00;11;11;;;;;;;;;;;;;;;;;;;;;;;;0.10;0;0;0.00;0.00;;;;;69.00;69.00;69.00;;73.00;73.00;73.00;;67.00;67.00;67.00;;;;;;;;;;;;;0;2.20;2.80;1.60;1.50;1.70;1.30;-9;-8;-23;52;48;158.30;;;29083934;9.00;;;;;;23.00
1572951600000;2019-11-05T12:00:00.000+0100;;;;;;;;;-0.40;-18.90;374.80;374.80;374.90;19.00;19.00;20.00;24.00;;;;;24.00;24.00;;;;;;;;;0.0;;;;;;;;;;;;;;;;;;;;;;;;;;;;;;;;;;;;;;;;;;;;50.00;;;;;;;;;;;;;;;;;;;;;;;;;;;;;;;;;;;;;;35.00;35.00;33.00;13.00;;;;23.00;25.00;22.00;;;;;;;;;207.60;119.40;-18.600;-20.700;;;;;;;;;;;;;0.000;;;;;;;;;;;35.00;35.00;35.00;;;;;;;;;60839;;;;;;;;;;;;;;0.000;;;;;;;;;;;;28.00;27.00;;;;;;;;;;;;;;0;0.00;0.00;;0.00;;3.00;-11.60;-25.50;;2.70;-13.50;;;;-9.50;;;;2.30;;;;0.30;2.30;0.80;3.80;0.50;2.30;1.30;4.20;0.40;24.00;24.00;0.00;25.00;;;;19.00;;;;33.00;;;;;;;;38.00;;;;;;;;;;;;34.00;;;;;;;;;;;;;;;;;;;;;;;;;;;;;;;;;;;;;;;;;;;;;;;;;;;;;;;;;;;;;;;;;;;;;;;;;;;;;;;;;;;;;;;;;;;;;;;;;;;;;;;;;;;;;;;;;;;;;;;;;;;;;;;;;;;;;;;;;;;;;;;;;;;;;;;;;;;;;;;;;;;;;;;;;;;;;;;;;;;;;;;;;;;;;;;;;;;;;;;;;;;;;;;;;;;;;;34.00;;;;;;;;;;;;;;;;;;;;;;;;;;;;;;;;;;;34.00;33.00;34.00;;;;;;;;;;;;;;33.00;33.00;33.00;;;;23.60;;;;;;;;;;;0.00;0.00;0.00;0.00;0.00;2.00;;;;;;;;;;;;;;;;;;;;;;0.00;0.00;11;11;;;;;;;;;;;;;;;;;;;;;;;;0.20;0;0;0.00;0.00;;;;;69.00;69.00;69.00;;73.00;73.00;73.00;;67.00;67.00;67.00;;;;;;;;;;;;;0;2.30;3.20;1.60;1.60;2.00;1.10;-9;-8;-24;52;41;162.20;;;29083934;9.00;;;;;;25.00
1572952200000;2019-11-05T12:10:00.000+0100;;;;;;;;;-0.50;-19.10;376.70;376.70;376.80;19.00;19.00;20.00;24.00;;;;;24.00;24.00;;;;;;;;;0.0;;;;;;;;;;;;;;;;;;;;;;;;;;;;;;;;;;;;;;;;;;;;50.00;;;;;;;;;;;;;;;;;;;;;;;;;;;;;;;;;;;;;;35.00;35.00;33.00;13.00;;;;23.00;25.00;22.00;;;;;;;;;229.60;148.30;-18.800;-21.000;;;;;;;;;;;;;0.000;;;;;;;;;;;35.00;35.00;35.00;;;;;;;;;60839;;;;;;;;;;;;;;0.000;;;;;;;;;;;;28.00;26.00;;;;;;;;;;;;;;0;0.00;0.00;;0.00;;3.00;-6.00;-18.20;;3.00;-8.00;;;;-3.90;;;;2.60;;;;0.40;2.60;1.10;5.60;0.50;2.70;1.20;4.50;0.50;24.00;24.00;0.00;25.00;;;;19.00;;;;31.00;;;;;;;;38.00;;;;;;;;;;;;34.00;;;;;;;;;;;;;;;;;;;;;;;;;;;;;;;;;;;;;;;;;;;;;;;;;;;;;;;;;;;;;;;;;;;;;;;;;;;;;;;;;;;;;;;;;;;;;;;;;;;;;;;;;;;;;;;;;;;;;;;;;;;;;;;;;;;;;;;;;;;;;;;;;;;;;;;;;;;;;;;;;;;;;;;;;;;;;;;;;;;;;;;;;;;;;;;;;;;;;;;;;;;;;;;;;;;;;;34.00;;;;;;;;;;;;;;;;;;;;;;;;;;;;;;;;;;;34.00;34.00;34.00;;;;;;;;;;;;;;33.00;33.00;33.00;;;;19.60;;;;;;;;;;;0.00;0.00;0.00;0.00;0.00;1.90;;;;;;;;;;;;;;;;;;;;;;0.00;0.00;11;11;;;;;;;;;;;;;;;;;;;;;;;;0.20;0;0;0.00;0.00;;;;;69.00;69.00;69.00;;73.00;73.00;73.00;;67.00;67.00;67.00;;;;;;;;;;;;;0;2.60;4.10;1.80;1.90;2.20;1.40;-10;-9;-24;52;46;198.10;;;29083934;9.00;;;;;;23.00
1572952800000;2019-11-05T12:20:00.000+0100;;;;;;;;;0.00;-16.60;377.90;377.80;377.90;43.00;42.00;42.00;12.60;;;;;12.60;12.60;;;;;;;;;1.0;;;;;;;;;;;;;;;;;;;;;;;;;;;;;;;;;;;;;;;;;;;;50.00;;;;;;;;;;;;;;;;;;;;;;;;;;;;;;;;;;;;;;35.00;35.00;33.00;12.00;;;;23.00;25.00;22.00;;;;;;;;;937.90;205.00;69.400;-69.200;;;;;;;;;;;;;736.400;;;;;;;;;;;36.00;36.00;36.00;;;;;;;;;60839;;;;;;;;;;;;;;28.900;;;;;;;;;;;;27.00;26.00;;;;;;;;;;;;;;0;0.00;0.00;;0.00;;3.00;-3.40;-6.90;;3.00;-5.00;;;;-1.10;;;;3.40;;;;0.50;3.40;1.70;5.30;0.60;3.40;1.30;5.30;0.60;-2.30;24.00;12.30;25.00;;;;19.00;;;;32.00;;;;;;;;37.00;;;;;;;;;;;;37.00;;;;;;;;;;;;;;;;;;;;;;;;;;;;;;;;;;;;;;;;;;;;;;;;;;;;;;;;;;;;;;;;;;;;;;;;;;;;;;;;;;;;;;;;;;;;;;;;;;;;;;;;;;;;;;;;;;;;;;;;;;;;;;;;;;;;;;;;;;;;;;;;;;;;;;;;;;;;;;;;;;;;;;;;;;;;;;;;;;;;;;;;;;;;;;;;;;;;;;;;;;;;;;;;;;;;;;36.00;;;;;;;;;;;;;;;;;;;;;;;;;;;;;;;;;;;34.00;34.00;34.00;;;;;;;;;;;;;;33.00;33.00;34.00;;;;337.20;;;;;;;;;;;0.00;96.60;35.80;0.00;0.00;41.30;;;;;;;;;;;;;;;;;;;;;;0.00;2000.00;1;1;;;;;;;;;;;;;;;;;;;;;;;;3.20;0;0;0.00;0.00;;;;;69.00;69.00;69.00;;73.00;73.00;73.00;;67.00;67.00;67.00;;;;;;;;;;;;;0;3.40;4.40;2.40;5.10;9.00;2.00;22;97;-29;46;43;528.70;;;29083938;9.00;;;;;;22.00
1572953400000;2019-11-05T12:30:00.000+0100;;;;;;;;;0.90;-13.20;377.70;377.60;377.70;34.00;32.00;31.00;-0.40;;;;;-0.40;-0.40;;;;;;;;;1.0;;;;;;;;;;;;;;;;;;;;;;;;;;;;;;;;;;;;;;;;;;;;50.00;;;;;;;;;;;;;;;;;;;;;;;;;;;;;;;;;;;;;;35.00;37.00;34.00;13.00;;;;23.00;25.00;22.00;;;;;;;;;928.70;912.50;-3.500;-26.600;;;;;;;;;;;;;2000.000;;;;;;;;;;;43.00;43.00;43.00;;;;;;;;;60840;;;;;;;;;;;;;;32.200;;;;;;;;;;;;27.00;26.00;;;;;;;;;;;;;;0;0.00;0.00;;0.00;;3.00;2.30;-3.40;;1.10;1.00;;;;3.80;;;;3.40;;;;0.30;3.30;1.50;5.00;0.50;3.40;1.50;5.20;0.60;-1.20;0.30;0.40;25.00;;;;19.00;;;;33.00;;;;;;;;38.00;;;;;;;;;;;;48.00;;;;;;;;;;;;;;;;;;;;;;;;;;;;;;;;;;;;;;;;;;;;;;;;;;;;;;;;;;;;;;;;;;;;;;;;;;;;;;;;;;;;;;;;;;;;;;;;;;;;;;;;;;;;;;;;;;;;;;;;;;;;;;;;;;;;;;;;;;;;;;;;;;;;;;;;;;;;;;;;;;;;;;;;;;;;;;;;;;;;;;;;;;;;;;;;;;;;;;;;;;;;;;;;;;;;;;44.00;;;;;;;;;;;;;;;;;;;;;;;;;;;;;;;;;;;34.00;34.00;34.00;;;;;;;;;;;;;;35.00;34.00;35.00;;;;2.50;;;;;;;;;;;8.50;76.40;13.50;0.00;0.00;13.60;;;;;;;;;;;;;;;;;;;;;;2000.00;2000.00;1;1;;;;;;;;;;;;;;;;;;;;;;;;0.00;0;0;0.00;0.00;;;;;69.00;69.00;69.00;;73.00;73.00;73.00;;67.00;67.00;67.00;;;;;;;;;;;;;0;3.40;4.70;2.60;8.80;8.90;8.80;32;76;9;44;46;919.80;;;29083942;9.00;;;;;;21.00
1572954000000;2019-11-05T12:40:00.000+0100;;;;;;;;;0.90;-25.10;374.90;374.80;374.80;57.00;55.00;53.00;-0.80;;;;;-0.80;-0.80;;;;;;;;;1.0;;;;;;;;;;;;;;;;;;;;;;;;;;;;;;;;;;;;;;;;;;;;50.00;;;;;;;;;;;;;;;;;;;;;;;;;;;;;;;;;;;;;;35.00;38.00;35.00;13.00;;;;23.00;25.00;22.00;;;;;;;;;927.70;910.10;-0.100;-52.800;;;;;;;;;;;;;2000.000;;;;;;;;;;;48.00;48.00;48.00;;;;;;;;;60840;;;;;;;;;;;;;;54.100;;;;;;;;;;;;27.00;26.00;;;;;;;;;;;;;;0;0.00;0.00;;0.00;;3.00;1.90;-18.20;;4.60;-0.10;;;;3.60;;;;3.70;;;;0.40;3.60;1.50;5.30;0.60;3.70;1.70;5.60;0.60;-1.40;0.70;0.50;25.00;;;;19.00;;;;34.00;;;;;;;;39.00;;;;;;;;;;;;50.00;;;;;;;;;;;;;;;;;;;;;;;;;;;;;;;;;;;;;;;;;;;;;;;;;;;;;;;;;;;;;;;;;;;;;;;;;;;;;;;;;;;;;;;;;;;;;;;;;;;;;;;;;;;;;;;;;;;;;;;;;;;;;;;;;;;;;;;;;;;;;;;;;;;;;;;;;;;;;;;;;;;;;;;;;;;;;;;;;;;;;;;;;;;;;;;;;;;;;;;;;;;;;;;;;;;;;;53.00;;;;;;;;;;;;;;;;;;;;;;;;;;;;;;;;;;;34.00;34.00;34.00;;;;;;;;;;;;;;36.00;35.00;36.00;;;;3.20;;;;;;;;;;;0.00;98.00;25.80;0.00;0.00;25.80;;;;;;;;;;;;;;;;;;;;;;2000.00;2000.00;1;1;;;;;;;;;;;;;;;;;;;;;;;;0.00;0;0;0.00;0.00;;;;;69.00;69.00;69.00;;73.00;73.00;73.00;;67.00;67.00;67.00;;;;;;;;;;;;;0;3.70;4.40;2.40;8.80;8.90;8.70;54;98;0;44;46;919.90;;;29083952;9.00;;;;;;21.00
1572954600000;2019-11-05T12:50:00.000+0100;;;;;;;;;0.80;-24.10;372.60;372.50;372.50;47.00;44.00;43.00;-0.50;;;;;-0.50;-0.50;;;;;;;;;1.0;;;;;;;;;;;;;;;;;;;;;;;;;;;;;;;;;;;;;;;;;;;;50.00;;;;;;;;;;;;;;;;;;;;;;;;;;;;;;;;;;;;;;36.00;39.00;35.00;12.00;;;;23.00;25.00;22.00;;;;;;;;;927.50;912.80;0.100;-50.900;;;;;;;;;;;;;2000.000;;;;;;;;;;;51.00;51.00;51.00;;;;;;;;;60840;;;;;;;;;;;;;;40.500;;;;;;;;;;;;27.00;26.00;;;;;;;;;;;;;;0;0.00;0.00;;0.00;;3.00;-1.70;-1.70;;4.30;-4.40;;;;0.00;;;;3.50;;;;0.50;3.40;1.20;4.90;0.60;3.50;1.40;5.00;0.60;-1.20;0.90;0.50;25.00;;;;19.00;;;;34.00;;;;;;;;39.00;;;;;;;;;;;;52.00;;;;;;;;;;;;;;;;;;;;;;;;;;;;;;;;;;;;;;;;;;;;;;;;;;;;;;;;;;;;;;;;;;;;;;;;;;;;;;;;;;;;;;;;;;;;;;;;;;;;;;;;;;;;;;;;;;;;;;;;;;;;;;;;;;;;;;;;;;;;;;;;;;;;;;;;;;;;;;;;;;;;;;;;;;;;;;;;;;;;;;;;;;;;;;;;;;;;;;;;;;;;;;;;;;;;;;55.00;;;;;;;;;;;;;;;;;;;;;;;;;;;;;;;;;;;34.00;34.00;34.00;;;;;;;;;;;;;;36.00;36.00;36.00;;;;2.90;;;;;;;;;;;0.00;89.50;25.00;0.00;0.00;25.00;;;;;;;;;;;;;;;;;;;;;;2000.00;2000.00;1;1;;;;;;;;;;;;;;;;;;;;;;;;0.00;0;0;0.00;0.00;;;;;69.00;69.00;69.00;;73.00;73.00;73.00;;67.00;67.00;67.00;;;;;;;;;;;;;0;3.40;4.30;1.90;8.80;8.90;8.80;41;89;-6;51;49;920.20;;;29083958;9.00;;;;;;20.00
1572955200000;2019-11-05T13:00:00.000+0100;;;;;;;;;0.90;-20.10;372.80;372.10;372.60;60.00;57.00;56.00;-0.80;;;;;-0.80;-0.80;;;;;;;;;1.0;;;;;;;;;;;;;;;;;;;;;;;;;;;;;;;;;;;;;;;;;;;;50.00;;;;;;;;;;;;;;;;;;;;;;;;;;;;;;;;;;;;;;36.00;39.00;35.00;13.00;;;;23.00;25.00;22.00;;;;;;;;;936.50;907.60;-0.600;-36.100;;;;;;;;;;;;;2000.000;;;;;;;;;;;53.00;53.00;53.00;;;;;;;;;60840;;;;;;;;;;;;;;59.600;;;;;;;;;;;;27.00;27.00;;;;;;;;;;;;;;0;0.00;0.00;;0.00;;3.00;-1.00;-5.10;;1.10;-3.20;;;;1.30;;;;3.80;;;;0.50;3.70;1.60;5.60;0.70;3.70;1.70;6.00;0.70;-2.00;0.50;0.60;25.00;;;;19.00;;;;31.00;;;;;;;;40.00;;;;;;;;;;;;52.00;;;;;;;;;;;;;;;;;;;;;;;;;;;;;;;;;;;;;;;;;;;;;;;;;;;;;;;;;;;;;;;;;;;;;;;;;;;;;;;;;;;;;;;;;;;;;;;;;;;;;;;;;;;;;;;;;;;;;;;;;;;;;;;;;;;;;;;;;;;;;;;;;;;;;;;;;;;;;;;;;;;;;;;;;;;;;;;;;;;;;;;;;;;;;;;;;;;;;;;;;;;;;;;;;;;;;;54.00;;;;;;;;;;;;;;;;;;;;;;;;;;;;;;;;;;;34.00;34.00;34.00;;;;;;;;;;;;;;37.00;36.00;37.00;;;;3.90;;;;;;;;;;;1.80;104.30;23.50;0.00;0.00;23.50;;;;;;;;;;;;;;;;;;;;;;2000.00;2000.00;1;1;;;;;;;;;;;;;;;;;;;;;;;;0.00;0;0;0.00;0.00;;;;;69.00;69.00;69.00;;73.00;73.00;73.00;;67.00;67.00;67.00;;;;;;;;;;;;;0;3.70;5.10;2.30;8.80;9.00;8.70;60;104;2;51;50;919.90;;;29083968;9.00;;;;;;22.00
1572955800000;2019-11-05T13:10:00.000+0100;;;;;;;;;0.90;-25.50;375.20;374.60;374.90;49.00;47.00;45.00;-0.80;;;;;-0.80;-0.80;;;;;;;;;1.0;;;;;;;;;;;;;;;;;;;;;;;;;;;;;;;;;;;;;;;;;;;;50.00;;;;;;;;;;;;;;;;;;;;;;;;;;;;;;;;;;;;;;36.00;40.00;35.00;13.00;;;;23.00;25.00;23.00;;;;;;;;;931.40;905.50;0.000;-84.700;;;;;;;;;;;;;2000.000;;;;;;;;;;;54.00;54.00;54.00;;;;;;;;;60840;;;;;;;;;;;;;;44.000;;;;;;;;;;;;28.00;28.00;;;;;;;;;;;;;;0;0.00;0.00;;0.00;;3.00;-3.40;-14.80;;2.20;-5.50;;;;-1.50;;;;3.60;;;;0.40;3.60;1.90;5.40;0.60;3.60;1.60;5.70;0.60;-1.60;0.40;0.40;25.00;;;;19.00;;;;31.00;;;;;;;;40.00;;;;;;;;;;;;53.00;;;;;;;;;;;;;;;;;;;;;;;;;;;;;;;;;;;;;;;;;;;;;;;;;;;;;;;;;;;;;;;;;;;;;;;;;;;;;;;;;;;;;;;;;;;;;;;;;;;;;;;;;;;;;;;;;;;;;;;;;;;;;;;;;;;;;;;;;;;;;;;;;;;;;;;;;;;;;;;;;;;;;;;;;;;;;;;;;;;;;;;;;;;;;;;;;;;;;;;;;;;;;;;;;;;;;;53.00;;;;;;;;;;;;;;;;;;;;;;;;;;;;;;;;;;;34.00;34.00;35.00;;;;;;;;;;;;;;37.00;37.00;37.00;;;;4.40;;;;;;;;;;;0.00;121.50;22.50;0.00;0.00;22.50;;;;;;;;;;;;;;;;;;;;;;2000.00;2000.00;1;1;;;;;;;;;;;;;;;;;;;;;;;;0.00;0;0;0.00;0.00;;;;;69.00;69.00;69.00;;73.00;73.00;73.00;;67.00;67.00;67.00;;;;;;;;;;;;;0;3.60;4.70;2.60;8.80;8.90;8.70;44;121;0;51;48;919.90;;;29083976;9.00;;;;;;24.00
1572956400000;2019-11-05T13:20:00.000+0100;;;;;;;;;0.90;-27.30;376.20;376.10;376.10;51.00;49.00;48.00;-0.70;;;;;-0.70;-0.70;;;;;;;;;1.0;;;;;;;;;;;;;;;;;;;;;;;;;;;;;;;;;;;;;;;;;;;;50.00;;;;;;;;;;;;;;;;;;;;;;;;;;;;;;;;;;;;;;36.00;40.00;35.00;13.00;;;;24.00;25.00;23.00;;;;;;;;;927.70;908.30;0.100;-52.900;;;;;;;;;;;;;2000.000;;;;;;;;;;;55.00;55.00;55.00;;;;;;;;;60840;;;;;;;;;;;;;;46.800;;;;;;;;;;;;28.00;29.00;;;;;;;;;;;;;;0;0.00;0.00;;0.00;;3.00;-2.50;-15.50;;2.80;-4.10;;;;-1.20;;;;3.60;;;;0.40;3.60;1.10;5.50;0.60;3.60;1.70;5.20;0.50;-1.70;0.70;0.40;25.00;;;;19.00;;;;33.00;;;;;;;;40.00;;;;;;;;;;;;53.00;;;;;;;;;;;;;;;;;;;;;;;;;;;;;;;;;;;;;;;;;;;;;;;;;;;;;;;;;;;;;;;;;;;;;;;;;;;;;;;;;;;;;;;;;;;;;;;;;;;;;;;;;;;;;;;;;;;;;;;;;;;;;;;;;;;;;;;;;;;;;;;;;;;;;;;;;;;;;;;;;;;;;;;;;;;;;;;;;;;;;;;;;;;;;;;;;;;;;;;;;;;;;;;;;;;;;;51.00;;;;;;;;;;;;;;;;;;;;;;;;;;;;;;;;;;;35.00;34.00;35.00;;;;;;;;;;;;;;37.00;37.00;37.00;;;;3.20;;;;;;;;;;;0.00;85.80;16.60;0.00;0.00;16.50;;;;;;;;;;;;;;;;;;;;;;2000.00;2000.00;1;1;;;;;;;;;;;;;;;;;;;;;;;;0.00;0;0;0.00;0.00;;;;;69.00;69.00;69.00;;73.00;73.00;73.00;;67.00;67.00;67.00;;;;;;;;;;;;;0;3.60;4.80;2.20;8.80;8.90;8.70;47;86;-1;51;48;919.90;;;29083984;9.00;;;;;;24.00
1572957000000;2019-11-05T13:30:00.000+0100;;;;;;;;;-0.30;-3.60;377.60;377.60;377.50;15.00;17.00;16.00;10.70;;;;;10.70;10.70;;;;;;;;;0.0;;;;;;;;;;;;;;;;;;;;;;;;;;;;;;;;;;;;;;;;;;;;50.00;;;;;;;;;;;;;;;;;;;;;;;;;;;;;;;;;;;;;;36.00;40.00;35.00;12.00;;;;24.00;25.00;23.00;;;;;;;;;932.60;180.10;0.600;-31.900;;;;;;;;;;;;;1074.900;;;;;;;;;;;54.00;54.00;54.00;;;;;;;;;60841;;;;;;;;;;;;;;4.700;;;;;;;;;;;;29.00;29.00;;;;;;;;;;;;;;0;0.00;0.00;;0.00;;3.00;4.70;-8.70;;2.60;2.40;;;;6.60;;;;2.80;;;;0.50;2.60;0.40;4.70;0.60;2.80;0.70;5.30;0.70;-0.60;27.20;11.60;25.00;;;;19.00;;;;34.00;;;;;;;;40.00;;;;;;;;;;;;52.00;;;;;;;;;;;;;;;;;;;;;;;;;;;;;;;;;;;;;;;;;;;;;;;;;;;;;;;;;;;;;;;;;;;;;;;;;;;;;;;;;;;;;;;;;;;;;;;;;;;;;;;;;;;;;;;;;;;;;;;;;;;;;;;;;;;;;;;;;;;;;;;;;;;;;;;;;;;;;;;;;;;;;;;;;;;;;;;;;;;;;;;;;;;;;;;;;;;;;;;;;;;;;;;;;;;;;;49.00;;;;;;;;;;;;;;;;;;;;;;;;;;;;;;;;;;;34.00;34.00;35.00;;;;;;;;;;;;;;38.00;37.00;38.00;;;;330.80;;;;;;;;;;;0.00;39.50;9.90;0.00;0.00;14.40;;;;;;;;;;;;;;;;;;;;;;0.00;2000.00;1;1;;;;;;;;;;;;;;;;;;;;;;;;3.20;0;0;0.00;0.00;;;;;69.00;69.00;69.00;;73.00;73.00;73.00;;67.00;67.00;67.00;;;;;;;;;;;;;0;2.70;3.90;1.30;5.80;9.00;1.70;-2;40;-28;51;56;609.00;;;29083984;9.00;;;;;;23.00
1572957600000;2019-11-05T13:40:00.000+0100;;;;;;;;;0.70;-14.90;377.70;377.50;377.60;50.00;49.00;47.00;-0.40;;;;;-0.40;-0.40;;;;;;;;;1.0;;;;;;;;;;;;;;;;;;;;;;;;;;;;;;;;;;;;;;;;;;;;50.00;;;;;;;;;;;;;;;;;;;;;;;;;;;;;;;;;;;;;;36.00;40.00;35.00;12.00;;;;23.00;25.00;23.00;;;;;;;;;1045.30;273.40;0.400;-46.500;;;;;;;;;;;;;1782.000;;;;;;;;;;;53.00;53.00;53.00;;;;;;;;;60841;;;;;;;;;;;;;;48.100;;;;;;;;;;;;29.00;29.00;;;;;;;;;;;;;;0;0.00;0.00;;0.00;;3.00;-0.20;-3.70;;1.00;-2.30;;;;2.00;;;;3.60;;;;0.80;3.60;1.20;6.50;0.90;3.60;1.40;7.20;0.90;-2.30;19.80;2.10;25.00;;;;19.00;;;;33.00;;;;;;;;40.00;;;;;;;;;;;;51.00;;;;;;;;;;;;;;;;;;;;;;;;;;;;;;;;;;;;;;;;;;;;;;;;;;;;;;;;;;;;;;;;;;;;;;;;;;;;;;;;;;;;;;;;;;;;;;;;;;;;;;;;;;;;;;;;;;;;;;;;;;;;;;;;;;;;;;;;;;;;;;;;;;;;;;;;;;;;;;;;;;;;;;;;;;;;;;;;;;;;;;;;;;;;;;;;;;;;;;;;;;;;;;;;;;;;;;47.00;;;;;;;;;;;;;;;;;;;;;;;;;;;;;;;;;;;34.00;34.00;35.00;;;;;;;;;;;;;;37.00;37.00;38.00;;;;106.20;;;;;;;;;;;0.00;203.40;52.00;0.00;0.00;53.50;;;;;;;;;;;;;;;;;;;;;;0.00;2000.00;1;1;;;;;;;;;;;;;;;;;;;;;;;;1.00;0;0;0.00;0.00;;;;;69.00;69.00;69.00;;73.00;73.00;73.00;;67.00;67.00;67.00;;;;;;;;;;;;;0;3.60;5.80;2.10;8.70;10.00;2.60;47;203;-28;51;51;902.70;;;29083992;9.00;;;;;;22.00
1572958200000;2019-11-05T13:50:00.000+0100;;;;;;;;;0.90;-10.30;378.00;377.80;377.90;46.00;45.00;43.00;-0.40;;;;;-0.40;-0.40;;;;;;;;;1.0;;;;;;;;;;;;;;;;;;;;;;;;;;;;;;;;;;;;;;;;;;;;50.00;;;;;;;;;;;;;;;;;;;;;;;;;;;;;;;;;;;;;;36.00;41.00;35.00;12.00;;;;23.00;25.00;23.00;;;;;;;;;1001.70;900.80;0.400;-25.300;;;;;;;;;;;;;2000.000;;;;;;;;;;;54.00;54.00;54.00;;;;;;;;;60841;;;;;;;;;;;;;;46.800;;;;;;;;;;;;29.00;29.00;;;;;;;;;;;;;;0;0.00;0.00;;0.00;;3.00;1.80;-0.30;;3.50;0.70;;;;2.00;;;;3.60;;;;0.60;3.30;1.40;5.80;0.80;3.40;1.30;5.50;0.80;-2.20;1.00;0.80;25.00;;;;19.00;;;;31.00;;;;;;;;40.00;;;;;;;;;;;;53.00;;;;;;;;;;;;;;;;;;;;;;;;;;;;;;;;;;;;;;;;;;;;;;;;;;;;;;;;;;;;;;;;;;;;;;;;;;;;;;;;;;;;;;;;;;;;;;;;;;;;;;;;;;;;;;;;;;;;;;;;;;;;;;;;;;;;;;;;;;;;;;;;;;;;;;;;;;;;;;;;;;;;;;;;;;;;;;;;;;;;;;;;;;;;;;;;;;;;;;;;;;;;;;;;;;;;;;48.00;;;;;;;;;;;;;;;;;;;;;;;;;;;;;;;;;;;35.00;34.00;35.00;;;;;;;;;;;;;;37.00;37.00;37.00;;;;13.40;;;;;;;;;;;0.00;114.20;28.40;0.00;0.00;28.50;;;;;;;;;;;;;;;;;;;;;;2000.00;2000.00;1;1;;;;;;;;;;;;;;;;;;;;;;;;0.10;0;0;0.00;0.00;;;;;69.00;69.00;69.00;;73.00;73.00;73.00;;67.00;67.00;67.00;;;;;;;;;;;;;0;3.40;5.30;2.00;8.80;9.60;8.60;47;115;-8;53;54;921.30;;;29084000;9.00;;;;;;21.00
1572958800000;2019-11-05T14:00:00.000+0100;;;;;;;;;0.90;-11.30;378.50;378.30;378.40;44.00;43.00;41.00;-0.30;;;;;-0.30;-0.30;;;;;;;;;1.0;;;;;;;;;;;;;;;;;;;;;;;;;;;;;;;;;;;;;;;;;;;;50.00;;;;;;;;;;;;;;;;;;;;;;;;;;;;;;;;;;;;;;36.00;41.00;35.00;12.00;;;;23.00;25.00;23.00;;;;;;;;;930.30;908.30;0.400;-26.800;;;;;;;;;;;;;2000.000;;;;;;;;;;;55.00;55.00;55.00;;;;;;;;;60841;;;;;;;;;;;;;;44.300;;;;;;;;;;;;29.00;29.00;;;;;;;;;;;;;;0;0.00;0.00;;0.00;;3.00;4.80;-3.90;;2.40;2.90;;;;6.60;;;;3.50;;;;0.60;3.20;1.10;5.10;0.70;3.30;1.20;5.50;0.70;-1.60;0.80;0.70;25.00;;;;19.00;;;;32.00;;;;;;;;40.00;;;;;;;;;;;;53.00;;;;;;;;;;;;;;;;;;;;;;;;;;;;;;;;;;;;;;;;;;;;;;;;;;;;;;;;;;;;;;;;;;;;;;;;;;;;;;;;;;;;;;;;;;;;;;;;;;;;;;;;;;;;;;;;;;;;;;;;;;;;;;;;;;;;;;;;;;;;;;;;;;;;;;;;;;;;;;;;;;;;;;;;;;;;;;;;;;;;;;;;;;;;;;;;;;;;;;;;;;;;;;;;;;;;;;49.00;;;;;;;;;;;;;;;;;;;;;;;;;;;;;;;;;;;35.00;34.00;35.00;;;;;;;;;;;;;;38.00;37.00;38.00;;;;4.30;;;;;;;;;;;0.00;121.90;32.30;0.00;0.00;32.30;;;;;;;;;;;;;;;;;;;;;;2000.00;2000.00;1;1;;;;;;;;;;;;;;;;;;;;;;;;0.00;0;0;0.00;0.00;;;;;69.00;69.00;69.00;;73.00;73.00;73.00;;67.00;67.00;67.00;;;;;;;;;;;;;0;3.30;4.80;1.70;8.80;8.90;8.70;44;122;-1;51;56;919.30;;;29084008;9.00;;;;;;21.00
1572959400000;2019-11-05T14:10:00.000+0100;;;;;;;;;1.00;-13.20;378.30;378.00;378.10;45.00;43.00;41.00;-0.40;;;;;-0.40;-0.40;;;;;;;;;1.0;;;;;;;;;;;;;;;;;;;;;;;;;;;;;;;;;;;;;;;;;;;;50.00;;;;;;;;;;;;;;;;;;;;;;;;;;;;;;;;;;;;;;36.00;41.00;35.00;12.00;;;;23.00;25.00;22.00;;;;;;;;;930.80;905.50;-0.100;-32.600;;;;;;;;;;;;;2000.000;;;;;;;;;;;56.00;55.00;55.00;;;;;;;;;60841;;;;;;;;;;;;;;44.500;;;;;;;;;;;;30.00;29.00;;;;;;;;;;;;;;0;0.00;0.00;;0.00;;3.00;0.80;-7.30;;2.60;-1.00;;;;2.00;;;;3.60;;;;0.50;3.40;1.50;5.70;0.60;3.40;1.60;5.50;0.60;-1.50;0.80;0.50;25.00;;;;19.00;;;;33.00;;;;;;;;40.00;;;;;;;;;;;;53.00;;;;;;;;;;;;;;;;;;;;;;;;;;;;;;;;;;;;;;;;;;;;;;;;;;;;;;;;;;;;;;;;;;;;;;;;;;;;;;;;;;;;;;;;;;;;;;;;;;;;;;;;;;;;;;;;;;;;;;;;;;;;;;;;;;;;;;;;;;;;;;;;;;;;;;;;;;;;;;;;;;;;;;;;;;;;;;;;;;;;;;;;;;;;;;;;;;;;;;;;;;;;;;;;;;;;;;49.00;;;;;;;;;;;;;;;;;;;;;;;;;;;;;;;;;;;35.00;35.00;35.00;;;;;;;;;;;;;;38.00;37.00;38.00;;;;4.10;;;;;;;;;;;0.00;98.40;23.60;0.00;0.00;23.50;;;;;;;;;;;;;;;;;;;;;;2000.00;2000.00;1;1;;;;;;;;;;;;;;;;;;;;;;;;0.00;0;0;0.00;0.00;;;;;69.00;69.00;69.00;;73.00;73.00;73.00;;67.00;67.00;67.00;;;;;;;;;;;;;0;3.40;4.70;2.10;8.80;8.90;8.70;45;99;1;58;59;920.30;;;29084014;9.00;;;;;;21.00
1572960000000;2019-11-05T14:20:00.000+0100;;;;;;;;;1.00;-11.30;376.20;376.10;376.10;44.00;42.00;40.00;-0.30;;;;;-0.30;-0.30;;;;;;;;;1.0;;;;;;;;;;;;;;;;;;;;;;;;;;;;;;;;;;;;;;;;;;;;50.00;;;;;;;;;;;;;;;;;;;;;;;;;;;;;;;;;;;;;;36.00;41.00;35.00;12.00;;;;23.00;25.00;22.00;;;;;;;;;937.10;903.50;0.100;-24.700;;;;;;;;;;;;;2000.000;;;;;;;;;;;56.00;56.00;56.00;;;;;;;;;60841;;;;;;;;;;;;;;44.000;;;;;;;;;;;;30.00;29.00;;;;;;;;;;;;;;0;0.00;0.00;;0.00;;3.00;-5.60;-12.40;;1.40;-7.60;;;;-3.10;;;;3.60;;;;0.50;3.30;1.20;5.00;0.60;3.30;1.00;4.90;0.60;-1.40;0.80;0.50;25.00;;;;19.00;;;;34.00;;;;;;;;40.00;;;;;;;;;;;;54.00;;;;;;;;;;;;;;;;;;;;;;;;;;;;;;;;;;;;;;;;;;;;;;;;;;;;;;;;;;;;;;;;;;;;;;;;;;;;;;;;;;;;;;;;;;;;;;;;;;;;;;;;;;;;;;;;;;;;;;;;;;;;;;;;;;;;;;;;;;;;;;;;;;;;;;;;;;;;;;;;;;;;;;;;;;;;;;;;;;;;;;;;;;;;;;;;;;;;;;;;;;;;;;;;;;;;;;50.00;;;;;;;;;;;;;;;;;;;;;;;;;;;;;;;;;;;35.00;35.00;35.00;;;;;;;;;;;;;;38.00;38.00;38.00;;;;5.60;;;;;;;;;;;0.00;97.00;21.40;0.00;0.00;21.40;;;;;;;;;;;;;;;;;;;;;;2000.00;2000.00;1;1;;;;;;;;;;;;;;;;;;;;;;;;0.10;0;0;0.00;0.00;;;;;69.00;69.00;69.00;;73.00;73.00;73.00;;67.00;67.00;67.00;;;;;;;;;;;;;0;3.30;4.20;1.90;8.80;9.00;8.70;44;97;-1;64;58;919.70;;;29084022;9.00;;;;;;21.00
1572960600000;2019-11-05T14:30:00.000+0100;;;;;;;;;1.00;-9.60;377.10;376.90;376.90;44.00;43.00;41.00;-0.40;;;;;-0.40;-0.40;;;;;;;;;1.0;;;;;;;;;;;;;;;;;;;;;;;;;;;;;;;;;;;;;;;;;;;;50.00;;;;;;;;;;;;;;;;;;;;;;;;;;;;;;;;;;;;;;36.00;41.00;35.00;12.00;;;;23.00;25.00;22.00;;;;;;;;;948.70;905.00;0.300;-27.000;;;;;;;;;;;;;2000.000;;;;;;;;;;;56.00;56.00;56.00;;;;;;;;;60842;;;;;;;;;;;;;;44.600;;;;;;;;;;;;30.00;30.00;;;;;;;;;;;;;;0;0.00;0.00;;0.00;;3.00;-1.30;-6.20;;2.40;-3.20;;;;0.50;;;;3.60;;;;0.60;3.40;1.10;5.20;0.70;3.40;1.00;5.80;0.80;-2.30;0.90;0.70;25.00;;;;19.00;;;;34.00;;;;;;;;40.00;;;;;;;;;;;;54.00;;;;;;;;;;;;;;;;;;;;;;;;;;;;;;;;;;;;;;;;;;;;;;;;;;;;;;;;;;;;;;;;;;;;;;;;;;;;;;;;;;;;;;;;;;;;;;;;;;;;;;;;;;;;;;;;;;;;;;;;;;;;;;;;;;;;;;;;;;;;;;;;;;;;;;;;;;;;;;;;;;;;;;;;;;;;;;;;;;;;;;;;;;;;;;;;;;;;;;;;;;;;;;;;;;;;;;50.00;;;;;;;;;;;;;;;;;;;;;;;;;;;;;;;;;;;35.00;35.00;35.00;;;;;;;;;;;;;;38.00;38.00;38.00;;;;5.90;;;;;;;;;;;0.00;132.00;29.20;0.00;0.00;29.20;;;;;;;;;;;;;;;;;;;;;;2000.00;2000.00;1;1;;;;;;;;;;;;;;;;;;;;;;;;0.10;0;0;0.00;0.00;;;;;69.00;69.00;69.00;;73.00;73.00;73.00;;67.00;67.00;67.00;;;;;;;;;;;;;0;3.40;5.20;1.70;8.80;9.10;8.70;45;131;-5;62;60;920.70;;;29084028;8.00;;;;;;20.00
1572961200000;2019-11-05T14:40:00.000+0100;;;;;;;;;0.90;-15.20;376.00;375.70;375.70;78.00;75.00;74.00;-1.00;;;;;-1.00;-1.00;;;;;;;;;1.0;;;;;;;;;;;;;;;;;;;;;;;;;;;;;;;;;;;;;;;;;;;;50.00;;;;;;;;;;;;;;;;;;;;;;;;;;;;;;;;;;;;;;36.00;42.00;35.00;12.00;;;;23.00;25.00;22.00;;;;;;;;;1070.70;890.70;0.400;-36.000;;;;;;;;;;;;;2000.000;;;;;;;;;;;56.00;56.00;56.00;;;;;;;;;60842;;;;;;;;;;;;;;81.500;;;;;;;;;;;;30.00;30.00;;;;;;;;;;;;;;0;0.00;0.00;;0.00;;3.00;-5.80;-12.60;;2.60;-7.60;;;;-3.50;;;;3.90;;;;0.80;3.90;1.80;6.80;0.90;3.90;1.50;6.30;0.90;-2.30;0.60;0.80;25.00;;;;19.00;;;;31.00;;;;;;;;40.00;;;;;;;;;;;;54.00;;;;;;;;;;;;;;;;;;;;;;;;;;;;;;;;;;;;;;;;;;;;;;;;;;;;;;;;;;;;;;;;;;;;;;;;;;;;;;;;;;;;;;;;;;;;;;;;;;;;;;;;;;;;;;;;;;;;;;;;;;;;;;;;;;;;;;;;;;;;;;;;;;;;;;;;;;;;;;;;;;;;;;;;;;;;;;;;;;;;;;;;;;;;;;;;;;;;;;;;;;;;;;;;;;;;;;51.00;;;;;;;;;;;;;;;;;;;;;;;;;;;;;;;;;;;35.00;35.00;35.00;;;;;;;;;;;;;;38.00;38.00;38.00;;;;39.00;;;;;;;;;;;0.00;213.60;57.50;0.00;0.00;57.50;;;;;;;;;;;;;;;;;;;;;;2000.00;2000.00;1;1;;;;;;;;;;;;;;;;;;;;;;;;0.40;0;0;0.00;0.00;;;;;69.00;69.00;69.00;;73.00;73.00;73.00;;67.00;67.00;67.00;;;;;;;;;;;;;0;3.90;5.80;2.30;9.00;10.30;8.60;82;213;-7;58;52;933.40;;;29084042;8.00;;;;;;20.00
1572961800000;2019-11-05T14:50:00.000+0100;;;;;;;;;1.00;-26.40;376.80;376.50;376.50;269.00;264.00;264.00;-2.10;;;;;-2.10;-2.10;;;;;;;;;1.0;;;;;;;;;;;;;;;;;;;;;;;;;;;;;;;;;;;;;;;;;;;;50.00;;;;;;;;;;;;;;;;;;;;;;;;;;;;;;;;;;;;;;36.00;43.00;36.00;12.00;;;;23.00;25.00;22.00;;;;;;;;;1191.40;923.90;-8.700;-39.200;;;;;;;;;;;;;2000.000;;;;;;;;;;;58.00;57.00;58.00;;;;;;;;;60842;;;;;;;;;;;;;;299.100;;;;;;;;;;;;31.00;30.00;;;;;;;;;;;;;;0;0.00;0.00;;0.00;;3.00;0.40;-10.30;;2.70;-2.00;;;;2.20;;;;5.60;;;;0.40;5.50;3.80;7.30;0.60;5.60;3.60;7.60;0.60;-2.30;-1.40;0.10;25.00;;;;19.00;;;;31.00;;;;;;;;40.00;;;;;;;;;;;;54.00;;;;;;;;;;;;;;;;;;;;;;;;;;;;;;;;;;;;;;;;;;;;;;;;;;;;;;;;;;;;;;;;;;;;;;;;;;;;;;;;;;;;;;;;;;;;;;;;;;;;;;;;;;;;;;;;;;;;;;;;;;;;;;;;;;;;;;;;;;;;;;;;;;;;;;;;;;;;;;;;;;;;;;;;;;;;;;;;;;;;;;;;;;;;;;;;;;;;;;;;;;;;;;;;;;;;;;57.00;;;;;;;;;;;;;;;;;;;;;;;;;;;;;;;;;;;35.00;35.00;35.00;;;;;;;;;;;;;;39.00;38.00;40.00;;;;68.30;;;;;;;;;;;104.80;446.80;68.90;0.00;0.00;68.90;;;;;;;;;;;;;;;;;;;;;;2000.00;2000.00;1;1;;;;;;;;;;;;;;;;;;;;;;;;0.70;0;0;0.00;0.00;;;;;69.00;69.00;69.00;;73.00;73.00;73.00;;67.00;67.00;67.00;;;;;;;;;;;;;0;5.60;6.40;4.40;10.50;11.40;8.90;299;445;105;47;47;1096.80;;;29084094;8.00;;;;;;20.00
1572962400000;2019-11-05T15:00:00.000+0100;;;;;;;;;1.00;-10.50;377.60;376.90;377.30;112.00;110.00;108.00;-1.40;;;;;-1.40;-1.40;;;;;;;;;1.0;;;;;;;;;;;;;;;;;;;;;;;;;;;;;;;;;;;;;;;;;;;;50.00;;;;;;;;;;;;;;;;;;;;;;;;;;;;;;;;;;;;;;36.00;43.00;35.00;12.00;;;;23.00;25.00;22.00;;;;;;;;;1026.60;895.20;24.200;-22.300;;;;;;;;;;;;;2000.000;;;;;;;;;;;58.00;58.00;58.00;;;;;;;;;60842;;;;;;;;;;;;;;122.700;;;;;;;;;;;;31.00;30.00;;;;;;;;;;;;;;0;0.00;0.00;;0.00;;3.00;5.20;-3.00;;1.70;3.50;;;;6.50;;;;4.30;;;;0.70;4.10;1.70;5.90;0.80;4.20;1.30;6.90;0.80;-2.20;0.10;0.70;25.00;;;;19.00;;;;33.00;;;;;;;;40.00;;;;;;;;;;;;55.00;;;;;;;;;;;;;;;;;;;;;;;;;;;;;;;;;;;;;;;;;;;;;;;;;;;;;;;;;;;;;;;;;;;;;;;;;;;;;;;;;;;;;;;;;;;;;;;;;;;;;;;;;;;;;;;;;;;;;;;;;;;;;;;;;;;;;;;;;;;;;;;;;;;;;;;;;;;;;;;;;;;;;;;;;;;;;;;;;;;;;;;;;;;;;;;;;;;;;;;;;;;;;;;;;;;;;;56.00;;;;;;;;;;;;;;;;;;;;;;;;;;;;;;;;;;;35.00;35.00;35.00;;;;;;;;;;;;;;39.00;39.00;39.00;;;;24.80;;;;;;;;;;;34.00;252.50;62.40;0.00;0.00;62.50;;;;;;;;;;;;;;;;;;;;;;2000.00;2000.00;1;1;;;;;;;;;;;;;;;;;;;;;;;;0.20;0;0;0.00;0.00;;;;;69.00;69.00;69.00;;73.00;73.00;73.00;;67.00;67.00;67.00;;;;;;;;;;;;;0;4.20;5.70;2.50;8.90;9.90;8.60;123;255;35;47;53;931.80;;;29084112;8.00;;;;;;21.00
1572963000000;2019-11-05T15:10:00.000+0100;;;;;;;;;1.00;-10.40;378.30;377.50;378.10;119.00;116.00;115.00;-1.30;;;;;-1.30;-1.30;;;;;;;;;1.0;;;;;;;;;;;;;;;;;;;;;;;;;;;;;;;;;;;;;;;;;;;;50.00;;;;;;;;;;;;;;;;;;;;;;;;;;;;;;;;;;;;;;36.00;43.00;35.00;12.00;;;;23.00;25.00;23.00;;;;;;;;;1008.60;900.30;-4.600;-21.600;;;;;;;;;;;;;2000.000;;;;;;;;;;;58.00;58.00;58.00;;;;;;;;;60842;;;;;;;;;;;;;;131.000;;;;;;;;;;;;32.00;31.00;;;;;;;;;;;;;;0;0.00;0.00;;0.00;;3.00;-0.80;-11.60;;2.60;-2.40;;;;1.50;;;;4.50;;;;0.60;4.00;2.10;6.80;0.80;4.10;1.80;6.10;0.80;-2.30;-0.40;0.50;25.00;;;;19.00;;;;34.00;;;;;;;;40.00;;;;;;;;;;;;54.00;;;;;;;;;;;;;;;;;;;;;;;;;;;;;;;;;;;;;;;;;;;;;;;;;;;;;;;;;;;;;;;;;;;;;;;;;;;;;;;;;;;;;;;;;;;;;;;;;;;;;;;;;;;;;;;;;;;;;;;;;;;;;;;;;;;;;;;;;;;;;;;;;;;;;;;;;;;;;;;;;;;;;;;;;;;;;;;;;;;;;;;;;;;;;;;;;;;;;;;;;;;;;;;;;;;;;;54.00;;;;;;;;;;;;;;;;;;;;;;;;;;;;;;;;;;;35.00;35.00;35.00;;;;;;;;;;;;;;39.00;39.00;39.00;;;;21.70;;;;;;;;;;;57.90;269.20;42.40;0.00;0.00;42.40;;;;;;;;;;;;;;;;;;;;;;2000.00;2000.00;1;1;;;;;;;;;;;;;;;;;;;;;;;;0.20;0;0;0.00;0.00;;;;;69.00;69.00;69.00;;73.00;73.00;73.00;;67.00;67.00;67.00;;;;;;;;;;;;;0;4.10;5.90;3.00;8.90;9.70;8.60;131;269;59;60;59;928.80;;;29084136;8.00;;;;;;24.00
1572963600000;2019-11-05T15:20:00.000+0100;;;;;;;;;1.00;-11.60;378.60;378.40;378.60;131.00;128.00;127.00;-1.20;;;;;-1.20;-1.20;;;;;;;;;1.0;;;;;;;;;;;;;;;;;;;;;;;;;;;;;;;;;;;;;;;;;;;;50.00;;;;;;;;;;;;;;;;;;;;;;;;;;;;;;;;;;;;;;36.00;43.00;35.00;12.00;;;;24.00;26.00;23.00;;;;;;;;;1007.80;884.40;-4.200;-20.000;;;;;;;;;;;;;2000.000;;;;;;;;;;;58.00;57.00;58.00;;;;;;;;;60842;;;;;;;;;;;;;;145.300;;;;;;;;;;;;33.00;32.00;;;;;;;;;;;;;;0;0.00;0.00;;0.00;;3.00;3.60;1.50;;1.50;0.70;;;;5.90;;;;4.60;;;;0.50;3.90;2.30;6.70;0.70;4.10;2.20;6.60;0.70;-2.10;-0.40;0.50;25.00;;;;19.00;;;;34.00;;;;;;;;40.00;;;;;;;;;;;;54.00;;;;;;;;;;;;;;;;;;;;;;;;;;;;;;;;;;;;;;;;;;;;;;;;;;;;;;;;;;;;;;;;;;;;;;;;;;;;;;;;;;;;;;;;;;;;;;;;;;;;;;;;;;;;;;;;;;;;;;;;;;;;;;;;;;;;;;;;;;;;;;;;;;;;;;;;;;;;;;;;;;;;;;;;;;;;;;;;;;;;;;;;;;;;;;;;;;;;;;;;;;;;;;;;;;;;;;53.00;;;;;;;;;;;;;;;;;;;;;;;;;;;;;;;;;;;35.00;35.00;35.00;;;;;;;;;;;;;;39.00;39.00;39.00;;;;15.70;;;;;;;;;;;50.30;246.10;42.20;0.00;0.00;42.20;;;;;;;;;;;;;;;;;;;;;;2000.00;2000.00;1;1;;;;;;;;;;;;;;;;;;;;;;;;0.10;0;0;0.00;0.00;;;;;69.00;69.00;69.00;;73.00;73.00;73.00;;67.00;67.00;67.00;;;;;;;;;;;;;0;4.00;5.60;3.10;8.90;9.70;8.50;145;247;51;62;66;922.20;;;29084160;8.00;;;;;;24.00
1572964200000;2019-11-05T15:30:00.000+0100;;;;;;;;;1.00;-5.00;378.90;378.70;378.90;58.00;57.00;55.00;-0.60;;;;;-0.60;-0.60;;;;;;;;;1.0;;;;;;;;;;;;;;;;;;;;;;;;;;;;;;;;;;;;;;;;;;;;50.00;;;;;;;;;;;;;;;;;;;;;;;;;;;;;;;;;;;;;;36.00;43.00;35.00;12.00;;;;24.00;26.00;23.00;;;;;;;;;934.60;901.30;-0.300;-13.400;;;;;;;;;;;;;2000.000;;;;;;;;;;;57.00;57.00;57.00;;;;;;;;;60843;;;;;;;;;;;;;;62.200;;;;;;;;;;;;33.00;31.00;;;;;;;;;;;;;;0;0.00;0.00;;0.00;;3.00;-1.50;-1.80;;1.10;-3.50;;;;0.40;;;;3.80;;;;0.50;3.40;2.00;5.60;0.60;3.50;1.70;5.90;0.70;-2.10;0.40;0.60;25.00;;;;19.00;;;;31.00;;;;;;;;40.00;;;;;;;;;;;;54.00;;;;;;;;;;;;;;;;;;;;;;;;;;;;;;;;;;;;;;;;;;;;;;;;;;;;;;;;;;;;;;;;;;;;;;;;;;;;;;;;;;;;;;;;;;;;;;;;;;;;;;;;;;;;;;;;;;;;;;;;;;;;;;;;;;;;;;;;;;;;;;;;;;;;;;;;;;;;;;;;;;;;;;;;;;;;;;;;;;;;;;;;;;;;;;;;;;;;;;;;;;;;;;;;;;;;;;51.00;;;;;;;;;;;;;;;;;;;;;;;;;;;;;;;;;;;35.00;35.00;35.00;;;;;;;;;;;;;;39.00;39.00;39.00;;;;5.50;;;;;;;;;;;5.10;165.50;38.70;0.00;0.00;38.70;;;;;;;;;;;;;;;;;;;;;;2000.00;2000.00;1;1;;;;;;;;;;;;;;;;;;;;;;;;0.10;0;0;0.00;0.00;;;;;69.00;69.00;69.00;;73.00;73.00;73.00;;67.00;67.00;67.00;;;;;;;;;;;;;0;3.50;5.00;2.50;8.80;9.00;8.70;62;165;6;65;63;919.60;;;29084170;8.00;;;;;;23.00
1572964800000;2019-11-05T15:40:00.000+0100;;;;;;;;;1.00;-6.80;379.00;378.80;378.90;46.00;45.00;42.00;-0.30;;;;;-0.30;-0.30;;;;;;;;;1.0;;;;;;;;;;;;;;;;;;;;;;;;;;;;;;;;;;;;;;;;;;;;50.00;;;;;;;;;;;;;;;;;;;;;;;;;;;;;;;;;;;;;;36.00;43.00;35.00;12.00;;;;24.00;26.00;23.00;;;;;;;;;938.30;900.70;-0.300;-23.700;;;;;;;;;;;;;2000.000;;;;;;;;;;;57.00;57.00;57.00;;;;;;;;;60843;;;;;;;;;;;;;;47.900;;;;;;;;;;;;33.00;31.00;;;;;;;;;;;;;;0;0.00;0.00;;0.00;;3.00;-3.70;-8.50;;1.60;-6.00;;;;-1.80;;;;3.60;;;;0.50;3.20;1.40;5.00;0.60;3.40;1.30;5.70;0.70;-1.40;0.70;0.50;25.00;;;;19.00;;;;31.00;;;;;;;;40.00;;;;;;;;;;;;54.00;;;;;;;;;;;;;;;;;;;;;;;;;;;;;;;;;;;;;;;;;;;;;;;;;;;;;;;;;;;;;;;;;;;;;;;;;;;;;;;;;;;;;;;;;;;;;;;;;;;;;;;;;;;;;;;;;;;;;;;;;;;;;;;;;;;;;;;;;;;;;;;;;;;;;;;;;;;;;;;;;;;;;;;;;;;;;;;;;;;;;;;;;;;;;;;;;;;;;;;;;;;;;;;;;;;;;;50.00;;;;;;;;;;;;;;;;;;;;;;;;;;;;;;;;;;;35.00;35.00;35.00;;;;;;;;;;;;;;39.00;39.00;39.00;;;;6.00;;;;;;;;;;;5.70;139.40;24.70;0.00;0.00;24.60;;;;;;;;;;;;;;;;;;;;;;2000.00;2000.00;1;1;;;;;;;;;;;;;;;;;;;;;;;;0.10;0;0;0.00;0.00;;;;;69.00;69.00;69.00;;73.00;73.00;73.00;;67.00;67.00;67.00;;;;;;;;;;;;;0;3.30;4.60;2.20;8.80;9.00;8.60;48;139;6;65;61;920.30;;;29084178;8.00;;;;;;22.00
1572965400000;2019-11-05T15:50:00.000+0100;;;;;;;;;1.00;-11.60;378.20;378.00;378.10;65.00;63.00;61.00;-0.80;;;;;-0.80;-0.80;;;;;;;;;1.0;;;;;;;;;;;;;;;;;;;;;;;;;;;;;;;;;;;;;;;;;;;;50.00;;;;;;;;;;;;;;;;;;;;;;;;;;;;;;;;;;;;;;36.00;43.00;35.00;12.00;;;;24.00;25.00;23.00;;;;;;;;;938.60;905.50;0.300;-20.400;;;;;;;;;;;;;2000.000;;;;;;;;;;;57.00;57.00;57.00;;;;;;;;;60843;;;;;;;;;;;;;;68.900;;;;;;;;;;;;33.00;31.00;;;;;;;;;;;;;;0;0.00;0.00;;0.00;;3.00;-5.70;-6.90;;2.10;-7.10;;;;-4.00;;;;3.90;;;;0.50;3.60;1.50;5.80;0.70;3.70;1.70;5.90;0.70;-1.80;0.50;0.50;25.00;;;;19.00;;;;33.00;;;;;;;;40.00;;;;;;;;;;;;54.00;;;;;;;;;;;;;;;;;;;;;;;;;;;;;;;;;;;;;;;;;;;;;;;;;;;;;;;;;;;;;;;;;;;;;;;;;;;;;;;;;;;;;;;;;;;;;;;;;;;;;;;;;;;;;;;;;;;;;;;;;;;;;;;;;;;;;;;;;;;;;;;;;;;;;;;;;;;;;;;;;;;;;;;;;;;;;;;;;;;;;;;;;;;;;;;;;;;;;;;;;;;;;;;;;;;;;;50.00;;;;;;;;;;;;;;;;;;;;;;;;;;;;;;;;;;;35.00;35.00;35.00;;;;;;;;;;;;;;39.00;39.00;39.00;;;;5.90;;;;;;;;;;;0.00;119.40;24.40;0.00;0.00;24.30;;;;;;;;;;;;;;;;;;;;;;2000.00;2000.00;1;1;;;;;;;;;;;;;;;;;;;;;;;;0.10;0;0;0.00;0.00;;;;;69.00;69.00;69.00;;73.00;73.00;73.00;;67.00;67.00;67.00;;;;;;;;;;;;;0;3.60;5.10;2.30;8.80;9.00;8.70;69;119;-1;63;58;919.80;;;29084190;8.00;;;;;;21.00
1572966000000;2019-11-05T16:00:00.000+0100;;;;;;;;;1.00;-8.60;378.30;378.10;378.40;77.00;76.00;74.00;-0.80;;;;;-0.80;-0.80;;;;;;;;;1.0;;;;;;;;;;;;;;;;;;;;;;;;;;;;;;;;;;;;;;;;;;;;50.00;;;;;;;;;;;;;;;;;;;;;;;;;;;;;;;;;;;;;;36.00;43.00;35.00;12.00;;;;23.00;25.00;23.00;;;;;;;;;953.30;902.70;-0.100;-16.900;;;;;;;;;;;;;2000.000;;;;;;;;;;;57.00;56.00;57.00;;;;;;;;;60843;;;;;;;;;;;;;;84.100;;;;;;;;;;;;33.00;31.00;;;;;;;;;;;;;;0;0.00;0.00;;0.00;;3.00;3.30;-5.70;;2.30;0.80;;;;5.40;;;;4.00;;;;0.60;3.60;1.80;6.30;0.70;3.80;1.60;6.30;0.80;-2.30;0.60;0.70;25.00;;;;19.00;;;;34.00;;;;;;;;40.00;;;;;;;;;;;;54.00;;;;;;;;;;;;;;;;;;;;;;;;;;;;;;;;;;;;;;;;;;;;;;;;;;;;;;;;;;;;;;;;;;;;;;;;;;;;;;;;;;;;;;;;;;;;;;;;;;;;;;;;;;;;;;;;;;;;;;;;;;;;;;;;;;;;;;;;;;;;;;;;;;;;;;;;;;;;;;;;;;;;;;;;;;;;;;;;;;;;;;;;;;;;;;;;;;;;;;;;;;;;;;;;;;;;;;50.00;;;;;;;;;;;;;;;;;;;;;;;;;;;;;;;;;;;35.00;35.00;35.00;;;;;;;;;;;;;;39.00;39.00;39.00;;;;7.90;;;;;;;;;;;3.20;217.90;44.00;0.00;0.00;44.00;;;;;;;;;;;;;;;;;;;;;;2000.00;2000.00;1;1;;;;;;;;;;;;;;;;;;;;;;;;0.10;0;0;0.00;0.00;;;;;69.00;69.00;69.00;;73.00;73.00;73.00;;67.00;67.00;67.00;;;;;;;;;;;;;0;3.70;5.30;2.30;8.80;9.20;8.70;84;216;4;60;63;921.20;;;29084204;8.00;;;;;;21.00
1572966600000;2019-11-05T16:10:00.000+0100;;;;;;;;;1.00;-9.50;378.90;378.70;378.90;113.00;110.00;109.00;-1.30;;;;;-1.30;-1.30;;;;;;;;;1.0;;;;;;;;;;;;;;;;;;;;;;;;;;;;;;;;;;;;;;;;;;;;50.00;;;;;;;;;;;;;;;;;;;;;;;;;;;;;;;;;;;;;;36.00;43.00;35.00;12.00;;;;23.00;25.00;23.00;;;;;;;;;1147.40;903.80;-1.200;-23.700;;;;;;;;;;;;;2000.000;;;;;;;;;;;57.00;57.00;57.00;;;;;;;;;60843;;;;;;;;;;;;;;124.600;;;;;;;;;;;;32.00;31.00;;;;;;;;;;;;;;0;0.00;0.00;;0.00;;3.00;-2.60;-4.70;;2.10;-4.40;;;;0.50;;;;4.40;;;;0.70;4.10;1.60;6.50;0.80;4.30;2.10;7.00;0.80;-2.20;0.00;0.60;25.00;;;;19.00;;;;34.00;;;;;;;;40.00;;;;;;;;;;;;54.00;;;;;;;;;;;;;;;;;;;;;;;;;;;;;;;;;;;;;;;;;;;;;;;;;;;;;;;;;;;;;;;;;;;;;;;;;;;;;;;;;;;;;;;;;;;;;;;;;;;;;;;;;;;;;;;;;;;;;;;;;;;;;;;;;;;;;;;;;;;;;;;;;;;;;;;;;;;;;;;;;;;;;;;;;;;;;;;;;;;;;;;;;;;;;;;;;;;;;;;;;;;;;;;;;;;;;;52.00;;;;;;;;;;;;;;;;;;;;;;;;;;;;;;;;;;;35.00;35.00;35.00;;;;;;;;;;;;;;39.00;39.00;40.00;;;;54.60;;;;;;;;;;;17.40;311.70;62.10;0.00;0.00;62.10;;;;;;;;;;;;;;;;;;;;;;2000.00;2000.00;1;1;;;;;;;;;;;;;;;;;;;;;;;;0.50;0;0;0.00;0.00;;;;;69.00;69.00;69.00;;73.00;73.00;73.00;;67.00;67.00;67.00;;;;;;;;;;;;;0;4.20;6.20;2.70;9.10;11.00;8.70;125;309;17;70;67;942.30;;;29084224;8.00;;;;;;21.00
1572967200000;2019-11-05T16:20:00.000+0100;;;;;;;;;1.00;-12.70;378.30;378.10;378.20;151.00;147.00;147.00;-1.70;;;;;-1.70;-1.70;;;;;;;;;1.0;;;;;;;;;;;;;;;;;;;;;;;;;;;;;;;;;;;;;;;;;;;;50.00;;;;;;;;;;;;;;;;;;;;;;;;;;;;;;;;;;;;;;36.00;43.00;35.00;12.00;;;;23.00;25.00;23.00;;;;;;;;;1107.20;902.00;-6.300;-23.500;;;;;;;;;;;;;2000.000;;;;;;;;;;;57.00;57.00;57.00;;;;;;;;;60843;;;;;;;;;;;;;;167.100;;;;;;;;;;;;33.00;31.00;;;;;;;;;;;;;;0;0.00;0.00;;0.00;;3.00;-2.70;-2.70;;3.10;-5.20;;;;-0.20;;;;4.80;;;;0.60;4.40;2.20;7.50;0.70;4.40;2.40;6.70;0.70;-2.20;-0.50;0.50;25.00;;;;19.00;;;;32.00;;;;;;;;40.00;;;;;;;;;;;;55.00;;;;;;;;;;;;;;;;;;;;;;;;;;;;;;;;;;;;;;;;;;;;;;;;;;;;;;;;;;;;;;;;;;;;;;;;;;;;;;;;;;;;;;;;;;;;;;;;;;;;;;;;;;;;;;;;;;;;;;;;;;;;;;;;;;;;;;;;;;;;;;;;;;;;;;;;;;;;;;;;;;;;;;;;;;;;;;;;;;;;;;;;;;;;;;;;;;;;;;;;;;;;;;;;;;;;;;54.00;;;;;;;;;;;;;;;;;;;;;;;;;;;;;;;;;;;35.00;35.00;35.00;;;;;;;;;;;;;;39.00;39.00;40.00;;;;39.10;;;;;;;;;;;86.00;311.80;46.30;0.00;0.00;46.30;;;;;;;;;;;;;;;;;;;;;;2000.00;2000.00;1;1;;;;;;;;;;;;;;;;;;;;;;;;0.40;0;0;0.00;0.00;;;;;69.00;69.00;69.00;;73.00;73.00;73.00;;67.00;67.00;67.00;;;;;;;;;;;;;0;4.40;5.90;3.10;9.00;10.60;8.70;167;311;86;70;67;937.20;;;29084252;8.00;;;;;;20.00
1572967800000;2019-11-05T16:30:00.000+0100;;;;;;;;;1.00;-18.80;378.70;378.60;378.60;221.00;219.00;217.00;-2.00;;;;;-2.00;-2.00;;;;;;;;;1.0;;;;;;;;;;;;;;;;;;;;;;;;;;;;;;;;;;;;;;;;;;;;50.00;;;;;;;;;;;;;;;;;;;;;;;;;;;;;;;;;;;;;;36.00;44.00;35.00;11.00;;;;23.00;25.00;22.00;;;;;;;;;1198.10;903.50;-8.400;-34.500;;;;;;;;;;;;;2000.000;;;;;;;;;;;58.00;58.00;58.00;;;;;;;;;60844;;;;;;;;;;;;;;248.000;;;;;;;;;;;;33.00;31.00;;;;;;;;;;;;;;0;0.00;0.00;;0.00;;3.00;0.60;-4.20;;1.10;-1.80;;;;2.60;;;;5.30;;;;0.70;5.00;2.60;7.20;0.80;5.10;2.60;7.40;0.90;-2.30;-1.00;0.30;25.00;;;;19.00;;;;31.00;;;;;;;;40.00;;;;;;;;;;;;55.00;;;;;;;;;;;;;;;;;;;;;;;;;;;;;;;;;;;;;;;;;;;;;;;;;;;;;;;;;;;;;;;;;;;;;;;;;;;;;;;;;;;;;;;;;;;;;;;;;;;;;;;;;;;;;;;;;;;;;;;;;;;;;;;;;;;;;;;;;;;;;;;;;;;;;;;;;;;;;;;;;;;;;;;;;;;;;;;;;;;;;;;;;;;;;;;;;;;;;;;;;;;;;;;;;;;;;;55.00;;;;;;;;;;;;;;;;;;;;;;;;;;;;;;;;;;;35.00;35.00;35.00;;;;;;;;;;;;;;40.00;39.00;40.00;;;;90.70;;;;;;;;;;;115.80;453.20;82.20;0.00;0.00;82.20;;;;;;;;;;;;;;;;;;;;;;2000.00;2000.00;1;1;;;;;;;;;;;;;;;;;;;;;;;;0.90;0;0;0.00;0.00;;;;;69.00;69.00;69.00;;73.00;73.00;73.00;;67.00;67.00;67.00;;;;;;;;;;;;;0;5.00;6.50;3.60;9.70;11.50;8.70;248;451;117;70;70;1008.10;;;29084294;8.00;;;;;;20.00
1572968400000;2019-11-05T16:40:00.000+0100;;;;;;;;;1.00;-21.70;377.90;377.30;377.70;256.00;253.00;252.00;-2.00;;;;;-2.00;-2.00;;;;;;;;;1.0;;;;;;;;;;;;;;;;;;;;;;;;;;;;;;;;;;;;;;;;;;;;50.00;;;;;;;;;;;;;;;;;;;;;;;;;;;;;;;;;;;;;;36.00;45.00;36.00;11.00;;;;23.00;25.00;23.00;;;;;;;;;1263.10;905.50;-8.000;-38.900;;;;;;;;;;;;;2000.000;;;;;;;;;;;60.00;59.00;59.00;;;;;;;;;60844;;;;;;;;;;;;;;286.200;;;;;;;;;;;;33.00;31.00;;;;;;;;;;;;;;0;0.00;0.00;;0.00;;3.00;-0.60;-0.60;;0.80;-2.50;;;;1.50;;;;5.50;;;;0.70;5.20;2.40;7.20;0.80;5.30;2.90;8.50;0.90;-2.20;-1.00;0.30;25.00;;;;18.00;;;;32.00;;;;;;;;40.00;;;;;;;;;;;;56.00;;;;;;;;;;;;;;;;;;;;;;;;;;;;;;;;;;;;;;;;;;;;;;;;;;;;;;;;;;;;;;;;;;;;;;;;;;;;;;;;;;;;;;;;;;;;;;;;;;;;;;;;;;;;;;;;;;;;;;;;;;;;;;;;;;;;;;;;;;;;;;;;;;;;;;;;;;;;;;;;;;;;;;;;;;;;;;;;;;;;;;;;;;;;;;;;;;;;;;;;;;;;;;;;;;;;;;58.00;;;;;;;;;;;;;;;;;;;;;;;;;;;;;;;;;;;35.00;35.00;35.00;;;;;;;;;;;;;;40.00;40.00;41.00;;;;97.60;;;;;;;;;;;107.40;519.00;89.90;0.00;0.00;89.80;;;;;;;;;;;;;;;;;;;;;;2000.00;2000.00;1;1;;;;;;;;;;;;;;;;;;;;;;;;0.90;0;0;0.00;0.00;;;;;69.00;69.00;69.00;;73.00;73.00;73.00;;67.00;67.00;67.00;;;;;;;;;;;;;0;5.30;6.80;3.30;10.10;12.10;8.70;286;516;108;70;69;1056.80;;;29084340;8.00;;;;;;21.00
1572969000000;2019-11-05T16:50:00.000+0100;;;;;;;;;1.00;-13.60;377.20;376.40;377.00;163.00;158.00;158.00;-1.80;;;;;-1.80;-1.80;;;;;;;;;1.0;;;;;;;;;;;;;;;;;;;;;;;;;;;;;;;;;;;;;;;;;;;;50.00;;;;;;;;;;;;;;;;;;;;;;;;;;;;;;;;;;;;;;36.00;45.00;35.00;11.00;;;;24.00;26.00;23.00;;;;;;;;;1062.70;904.70;-4.300;-26.600;;;;;;;;;;;;;2000.000;;;;;;;;;;;59.00;59.00;59.00;;;;;;;;;60844;;;;;;;;;;;;;;179.600;;;;;;;;;;;;34.00;32.00;;;;;;;;;;;;;;0;0.00;0.00;;0.00;;3.00;-1.30;-11.90;;1.20;-3.30;;;;0.70;;;;4.90;;;;0.50;4.60;2.80;7.20;0.70;4.60;2.30;6.60;0.70;-2.30;-0.70;0.40;25.00;;;;18.00;;;;34.00;;;;;;;;40.00;;;;;;;;;;;;55.00;;;;;;;;;;;;;;;;;;;;;;;;;;;;;;;;;;;;;;;;;;;;;;;;;;;;;;;;;;;;;;;;;;;;;;;;;;;;;;;;;;;;;;;;;;;;;;;;;;;;;;;;;;;;;;;;;;;;;;;;;;;;;;;;;;;;;;;;;;;;;;;;;;;;;;;;;;;;;;;;;;;;;;;;;;;;;;;;;;;;;;;;;;;;;;;;;;;;;;;;;;;;;;;;;;;;;;56.00;;;;;;;;;;;;;;;;;;;;;;;;;;;;;;;;;;;35.00;35.00;35.00;;;;;;;;;;;;;;40.00;40.00;40.00;;;;33.60;;;;;;;;;;;56.30;352.30;43.70;0.00;0.00;43.70;;;;;;;;;;;;;;;;;;;;;;2000.00;2000.00;1;1;;;;;;;;;;;;;;;;;;;;;;;;0.30;0;0;0.00;0.00;;;;;69.00;69.00;69.00;;73.00;73.00;73.00;;67.00;67.00;67.00;;;;;;;;;;;;;0;4.60;6.20;3.40;9.10;10.20;8.70;180;350;57;70;69;949.00;;;29084372;8.00;;;;;;24.00
1572969600000;2019-11-05T17:00:00.000+0100;;;;;;;;;1.00;-10.60;377.80;377.60;377.90;127.00;124.00;123.00;-1.60;;;;;-1.60;-1.60;;;;;;;;;1.0;;;;;;;;;;;;;;;;;;;;;;;;;;;;;;;;;;;;;;;;;;;;50.00;;;;;;;;;;;;;;;;;;;;;;;;;;;;;;;;;;;;;;36.00;44.00;35.00;11.00;;;;24.00;26.00;24.00;;;;;;;;;959.40;897.50;-3.800;-17.000;;;;;;;;;;;;;2000.000;;;;;;;;;;;59.00;58.00;59.00;;;;;;;;;60844;;;;;;;;;;;;;;139.900;;;;;;;;;;;;34.00;32.00;;;;;;;;;;;;;;0;0.00;0.00;;0.00;;3.00;-0.10;-1.70;;0.80;-2.20;;;;2.00;;;;4.50;;;;0.50;4.30;2.20;6.10;0.60;4.40;2.20;7.00;0.70;-2.20;-0.10;0.50;25.00;;;;18.00;;;;34.00;;;;;;;;40.00;;;;;;;;;;;;55.00;;;;;;;;;;;;;;;;;;;;;;;;;;;;;;;;;;;;;;;;;;;;;;;;;;;;;;;;;;;;;;;;;;;;;;;;;;;;;;;;;;;;;;;;;;;;;;;;;;;;;;;;;;;;;;;;;;;;;;;;;;;;;;;;;;;;;;;;;;;;;;;;;;;;;;;;;;;;;;;;;;;;;;;;;;;;;;;;;;;;;;;;;;;;;;;;;;;;;;;;;;;;;;;;;;;;;;54.00;;;;;;;;;;;;;;;;;;;;;;;;;;;;;;;;;;;35.00;35.00;35.00;;;;;;;;;;;;;;40.00;40.00;40.00;;;;12.10;;;;;;;;;;;48.30;224.20;37.10;0.00;0.00;37.00;;;;;;;;;;;;;;;;;;;;;;2000.00;2000.00;1;1;;;;;;;;;;;;;;;;;;;;;;;;0.10;0;0;0.00;0.00;;;;;69.00;69.00;69.00;;73.00;73.00;73.00;;67.00;67.00;67.00;;;;;;;;;;;;;0;4.30;5.30;2.70;8.90;9.20;8.60;140;223;48;70;70;923.90;;;29084394;8.00;;;;;;24.00
1572970200000;2019-11-05T17:10:00.000+0100;;;;;;;;;1.00;-8.80;378.40;378.10;378.50;106.00;103.00;103.00;-1.30;;;;;-1.30;-1.30;;;;;;;;;1.0;;;;;;;;;;;;;;;;;;;;;;;;;;;;;;;;;;;;;;;;;;;;50.00;;;;;;;;;;;;;;;;;;;;;;;;;;;;;;;;;;;;;;36.00;44.00;35.00;11.00;;;;24.00;26.00;23.00;;;;;;;;;948.00;892.60;-3.400;-18.900;;;;;;;;;;;;;2000.000;;;;;;;;;;;58.00;58.00;58.00;;;;;;;;;60844;;;;;;;;;;;;;;116.800;;;;;;;;;;;;34.00;32.00;;;;;;;;;;;;;;0;0.00;0.00;;0.00;;3.00;-3.70;-15.70;;1.80;-6.30;;;;-1.40;;;;4.30;;;;0.50;4.00;1.90;6.00;0.70;4.10;1.60;6.10;0.70;-2.30;-0.20;0.60;25.00;;;;18.00;;;;31.00;;;;;;;;40.00;;;;;;;;;;;;55.00;;;;;;;;;;;;;;;;;;;;;;;;;;;;;;;;;;;;;;;;;;;;;;;;;;;;;;;;;;;;;;;;;;;;;;;;;;;;;;;;;;;;;;;;;;;;;;;;;;;;;;;;;;;;;;;;;;;;;;;;;;;;;;;;;;;;;;;;;;;;;;;;;;;;;;;;;;;;;;;;;;;;;;;;;;;;;;;;;;;;;;;;;;;;;;;;;;;;;;;;;;;;;;;;;;;;;;53.00;;;;;;;;;;;;;;;;;;;;;;;;;;;;;;;;;;;35.00;35.00;35.00;;;;;;;;;;;;;;40.00;40.00;40.00;;;;9.30;;;;;;;;;;;44.50;252.50;38.80;0.00;0.00;38.90;;;;;;;;;;;;;;;;;;;;;;2000.00;2000.00;1;1;;;;;;;;;;;;;;;;;;;;;;;;0.10;0;0;0.00;0.00;;;;;69.00;69.00;69.00;;73.00;73.00;73.00;;67.00;67.00;67.00;;;;;;;;;;;;;0;4.10;5.10;2.90;8.80;9.10;8.60;117;252;45;69;65;921.80;;;29084414;8.00;;;;;;23.00
1572970800000;2019-11-05T17:20:00.000+0100;;;;;;;;;1.00;-12.00;377.80;377.50;377.90;143.00;140.00;139.00;-1.50;;;;;-1.50;-1.50;;;;;;;;;1.0;;;;;;;;;;;;;;;;;;;;;;;;;;;;;;;;;;;;;;;;;;;;50.00;;;;;;;;;;;;;;;;;;;;;;;;;;;;;;;;;;;;;;36.00;44.00;35.00;11.00;;;;24.00;26.00;23.00;;;;;;;;;1015.60;898.30;-4.400;-21.900;;;;;;;;;;;;;2000.000;;;;;;;;;;;58.00;58.00;58.00;;;;;;;;;60844;;;;;;;;;;;;;;158.100;;;;;;;;;;;;34.00;32.00;;;;;;;;;;;;;;0;0.00;0.00;;0.00;;3.00;4.00;-6.60;;1.90;1.70;;;;5.90;;;;4.70;;;;0.60;4.20;2.10;6.50;0.70;4.40;2.10;6.90;0.80;-2.30;-0.30;0.60;25.00;;;;18.00;;;;31.00;;;;;;;;40.00;;;;;;;;;;;;55.00;;;;;;;;;;;;;;;;;;;;;;;;;;;;;;;;;;;;;;;;;;;;;;;;;;;;;;;;;;;;;;;;;;;;;;;;;;;;;;;;;;;;;;;;;;;;;;;;;;;;;;;;;;;;;;;;;;;;;;;;;;;;;;;;;;;;;;;;;;;;;;;;;;;;;;;;;;;;;;;;;;;;;;;;;;;;;;;;;;;;;;;;;;;;;;;;;;;;;;;;;;;;;;;;;;;;;;53.00;;;;;;;;;;;;;;;;;;;;;;;;;;;;;;;;;;;35.00;35.00;35.00;;;;;;;;;;;;;;40.00;40.00;40.00;;;;23.80;;;;;;;;;;;60.50;285.20;51.10;0.00;0.00;51.10;;;;;;;;;;;;;;;;;;;;;;2000.00;2000.00;1;1;;;;;;;;;;;;;;;;;;;;;;;;0.20;0;0;0.00;0.00;;;;;69.00;69.00;69.00;;73.00;73.00;73.00;;67.00;67.00;67.00;;;;;;;;;;;;;0;4.30;5.60;3.00;9.00;9.80;8.60;158;285;60;62;66;933.20;;;29084442;8.00;;;;;;22.00
1572971400000;2019-11-05T17:30:00.000+0100;;;;;;;;;1.00;-12.20;377.70;377.30;377.70;146.00;142.00;141.00;-1.70;;;;;-1.70;-1.70;;;;;;;;;1.0;;;;;;;;;;;;;;;;;;;;;;;;;;;;;;;;;;;;;;;;;;;;50.00;;;;;;;;;;;;;;;;;;;;;;;;;;;;;;;;;;;;;;36.00;45.00;35.00;11.00;;;;24.00;26.00;23.00;;;;;;;;;955.20;891.20;-3.400;-19.200;;;;;;;;;;;;;2000.000;;;;;;;;;;;58.00;57.00;58.00;;;;;;;;;60845;;;;;;;;;;;;;;160.900;;;;;;;;;;;;34.00;31.00;;;;;;;;;;;;;;0;0.00;0.00;;0.00;;3.00;3.80;-3.30;;0.80;0.90;;;;5.30;;;;4.70;;;;0.50;4.30;1.70;6.50;0.70;4.40;2.00;6.40;0.70;-2.20;-0.90;0.30;25.00;;;;18.00;;;;33.00;;;;;;;;40.00;;;;;;;;;;;;55.00;;;;;;;;;;;;;;;;;;;;;;;;;;;;;;;;;;;;;;;;;;;;;;;;;;;;;;;;;;;;;;;;;;;;;;;;;;;;;;;;;;;;;;;;;;;;;;;;;;;;;;;;;;;;;;;;;;;;;;;;;;;;;;;;;;;;;;;;;;;;;;;;;;;;;;;;;;;;;;;;;;;;;;;;;;;;;;;;;;;;;;;;;;;;;;;;;;;;;;;;;;;;;;;;;;;;;;54.00;;;;;;;;;;;;;;;;;;;;;;;;;;;;;;;;;;;35.00;35.00;35.00;;;;;;;;;;;;;;40.00;40.00;40.00;;;;11.10;;;;;;;;;;;47.70;251.80;35.90;0.00;0.00;35.80;;;;;;;;;;;;;;;;;;;;;;2000.00;2000.00;1;1;;;;;;;;;;;;;;;;;;;;;;;;0.10;0;0;0.00;0.00;;;;;69.00;69.00;69.00;;73.00;73.00;73.00;;67.00;67.00;67.00;;;;;;;;;;;;;0;4.30;5.50;2.80;8.90;9.20;8.60;161;251;47;62;66;923.10;;;29084466;8.00;;;;;;21.00
1572972000000;2019-11-05T17:40:00.000+0100;;;;;;;;;1.00;-9.00;377.40;377.10;377.60;109.00;105.00;104.00;-1.30;;;;;-1.30;-1.30;;;;;;;;;1.0;;;;;;;;;;;;;;;;;;;;;;;;;;;;;;;;;;;;;;;;;;;;50.00;;;;;;;;;;;;;;;;;;;;;;;;;;;;;;;;;;;;;;36.00;44.00;35.00;11.00;;;;24.00;26.00;23.00;;;;;;;;;943.10;903.50;-2.700;-16.800;;;;;;;;;;;;;2000.000;;;;;;;;;;;58.00;57.00;58.00;;;;;;;;;60845;;;;;;;;;;;;;;119.200;;;;;;;;;;;;33.00;31.00;;;;;;;;;;;;;;0;0.00;0.00;;0.00;;3.00;4.10;1.40;;0.90;2.20;;;;6.10;;;;4.40;;;;0.50;4.00;2.10;5.80;0.70;4.10;2.10;6.30;0.70;-2.20;0.00;0.60;25.00;;;;18.00;;;;34.00;;;;;;;;40.00;;;;;;;;;;;;55.00;;;;;;;;;;;;;;;;;;;;;;;;;;;;;;;;;;;;;;;;;;;;;;;;;;;;;;;;;;;;;;;;;;;;;;;;;;;;;;;;;;;;;;;;;;;;;;;;;;;;;;;;;;;;;;;;;;;;;;;;;;;;;;;;;;;;;;;;;;;;;;;;;;;;;;;;;;;;;;;;;;;;;;;;;;;;;;;;;;;;;;;;;;;;;;;;;;;;;;;;;;;;;;;;;;;;;;53.00;;;;;;;;;;;;;;;;;;;;;;;;;;;;;;;;;;;35.00;35.00;35.00;;;;;;;;;;;;;;40.00;40.00;40.00;;;;7.90;;;;;;;;;;;33.70;220.60;37.80;0.00;0.00;37.80;;;;;;;;;;;;;;;;;;;;;;2000.00;2000.00;1;1;;;;;;;;;;;;;;;;;;;;;;;;0.10;0;0;0.00;0.00;;;;;69.00;69.00;69.00;;73.00;73.00;73.00;;67.00;67.00;67.00;;;;;;;;;;;;;0;4.00;5.40;2.70;8.80;9.10;8.70;119;221;34;64;68;921.20;;;29084488;8.00;;;;;;21.00
1572972600000;2019-11-05T17:50:00.000+0100;;;;;;;;;1.00;-15.00;377.20;377.00;377.40;178.00;174.00;173.00;-2.00;;;;;-2.00;-2.00;;;;;;;;;1.0;;;;;;;;;;;;;;;;;;;;;;;;;;;;;;;;;;;;;;;;;;;;50.00;;;;;;;;;;;;;;;;;;;;;;;;;;;;;;;;;;;;;;36.00;45.00;35.00;11.00;;;;24.00;25.00;23.00;;;;;;;;;1027.90;910.80;-8.800;-21.200;;;;;;;;;;;;;2000.000;;;;;;;;;;;58.00;58.00;58.00;;;;;;;;;60845;;;;;;;;;;;;;;197.200;;;;;;;;;;;;33.00;31.00;;;;;;;;;;;;;;0;0.00;0.00;;0.00;;3.00;5.00;-2.80;;0.90;2.70;;;;7.40;;;;5.00;;;;0.40;4.70;3.00;6.40;0.50;4.90;3.00;6.80;0.60;-2.20;-1.00;0.20;25.00;;;;18.00;;;;34.00;;;;;;;;40.00;;;;;;;;;;;;55.00;;;;;;;;;;;;;;;;;;;;;;;;;;;;;;;;;;;;;;;;;;;;;;;;;;;;;;;;;;;;;;;;;;;;;;;;;;;;;;;;;;;;;;;;;;;;;;;;;;;;;;;;;;;;;;;;;;;;;;;;;;;;;;;;;;;;;;;;;;;;;;;;;;;;;;;;;;;;;;;;;;;;;;;;;;;;;;;;;;;;;;;;;;;;;;;;;;;;;;;;;;;;;;;;;;;;;;54.00;;;;;;;;;;;;;;;;;;;;;;;;;;;;;;;;;;;35.00;35.00;35.00;;;;;;;;;;;;;;40.00;40.00;40.00;;;;30.80;;;;;;;;;;;115.50;278.70;34.20;0.00;0.00;34.20;;;;;;;;;;;;;;;;;;;;;;2000.00;2000.00;1;1;;;;;;;;;;;;;;;;;;;;;;;;0.30;0;0;0.00;0.00;;;;;69.00;69.00;69.00;;73.00;73.00;73.00;;67.00;67.00;67.00;;;;;;;;;;;;;0;4.80;5.70;3.70;9.20;9.90;8.70;197;278;117;69;74;958.00;;;29084520;8.00;;;;;;21.00
1572973200000;2019-11-05T18:00:00.000+0100;;;;;;;;;1.00;-21.60;377.70;377.50;377.80;131.00;128.00;127.00;-1.80;;;;;-1.80;-1.80;;;;;;;;;1.0;;;;;;;;;;;;;;;;;;;;;;;;;;;;;;;;;;;;;;;;;;;;50.00;;;;;;;;;;;;;;;;;;;;;;;;;;;;;;;;;;;;;;36.00;45.00;35.00;11.00;;;;24.00;25.00;23.00;;;;;;;;;1013.70;909.30;-8.400;-48.500;;;;;;;;;;;;;2000.000;;;;;;;;;;;58.00;58.00;58.00;;;;;;;;;60845;;;;;;;;;;;;;;143.200;;;;;;;;;;;;33.00;31.00;;;;;;;;;;;;;;0;0.00;0.00;;0.00;;3.00;0.40;-0.50;;0.80;-1.80;;;;1.90;;;;4.60;;;;0.50;4.50;2.40;6.70;0.70;4.60;2.00;7.00;0.70;-2.20;-0.30;0.50;25.00;;;;18.00;;;;32.00;;;;;;;;40.00;;;;;;;;;;;;55.00;;;;;;;;;;;;;;;;;;;;;;;;;;;;;;;;;;;;;;;;;;;;;;;;;;;;;;;;;;;;;;;;;;;;;;;;;;;;;;;;;;;;;;;;;;;;;;;;;;;;;;;;;;;;;;;;;;;;;;;;;;;;;;;;;;;;;;;;;;;;;;;;;;;;;;;;;;;;;;;;;;;;;;;;;;;;;;;;;;;;;;;;;;;;;;;;;;;;;;;;;;;;;;;;;;;;;;54.00;;;;;;;;;;;;;;;;;;;;;;;;;;;;;;;;;;;35.00;35.00;35.00;;;;;;;;;;;;;;40.00;40.00;40.00;;;;30.60;;;;;;;;;;;41.70;237.20;46.00;0.00;0.00;46.00;;;;;;;;;;;;;;;;;;;;;;2000.00;2000.00;1;1;;;;;;;;;;;;;;;;;;;;;;;;0.30;0;0;0.00;0.00;;;;;69.00;69.00;69.00;;73.00;73.00;73.00;;67.00;67.00;67.00;;;;;;;;;;;;;0;4.50;5.50;2.80;9.10;9.70;8.70;143;237;42;77;77;946.60;;;29084544;8.00;;;;;;20.00
1572973800000;2019-11-05T18:10:00.000+0100;;;;;;;;;1.00;-16.80;378.20;378.00;378.30;108.00;105.00;104.00;-1.40;;;;;-1.40;-1.40;;;;;;;;;1.0;;;;;;;;;;;;;;;;;;;;;;;;;;;;;;;;;;;;;;;;;;;;50.00;;;;;;;;;;;;;;;;;;;;;;;;;;;;;;;;;;;;;;36.00;45.00;35.00;11.00;;;;23.00;25.00;23.00;;;;;;;;;982.70;902.40;-4.400;-43.600;;;;;;;;;;;;;2000.000;;;;;;;;;;;58.00;58.00;58.00;;;;;;;;;60845;;;;;;;;;;;;;;117.900;;;;;;;;;;;;33.00;31.00;;;;;;;;;;;;;;0;0.00;0.00;;0.00;;3.00;-2.40;-7.60;;1.50;-3.80;;;;-0.80;;;;4.30;;;;0.50;4.20;2.30;6.20;0.70;4.20;1.80;6.60;0.70;-2.20;-0.30;0.60;25.00;;;;18.00;;;;31.00;;;;;;;;40.00;;;;;;;;;;;;55.00;;;;;;;;;;;;;;;;;;;;;;;;;;;;;;;;;;;;;;;;;;;;;;;;;;;;;;;;;;;;;;;;;;;;;;;;;;;;;;;;;;;;;;;;;;;;;;;;;;;;;;;;;;;;;;;;;;;;;;;;;;;;;;;;;;;;;;;;;;;;;;;;;;;;;;;;;;;;;;;;;;;;;;;;;;;;;;;;;;;;;;;;;;;;;;;;;;;;;;;;;;;;;;;;;;;;;;53.00;;;;;;;;;;;;;;;;;;;;;;;;;;;;;;;;;;;35.00;35.00;35.00;;;;;;;;;;;;;;40.00;40.00;40.00;;;;15.60;;;;;;;;;;;32.10;213.50;33.90;0.00;0.00;33.90;;;;;;;;;;;;;;;;;;;;;;2000.00;2000.00;1;1;;;;;;;;;;;;;;;;;;;;;;;;0.10;0;0;0.00;0.00;;;;;69.00;69.00;69.00;;73.00;73.00;73.00;;67.00;67.00;67.00;;;;;;;;;;;;;0;4.20;5.50;2.60;8.90;9.40;8.70;118;213;32;71;68;925.90;;;29084562;8.00;;;;;;20.00
1572974400000;2019-11-05T18:20:00.000+0100;;;;;;;;;0.90;-6.90;378.10;377.90;378.20;49.00;49.00;47.00;-0.40;;;;;-0.40;-0.40;;;;;;;;;1.0;;;;;;;;;;;;;;;;;;;;;;;;;;;;;;;;;;;;;;;;;;;;50.00;;;;;;;;;;;;;;;;;;;;;;;;;;;;;;;;;;;;;;36.00;44.00;35.00;11.00;;;;23.00;25.00;23.00;;;;;;;;;932.20;874.70;0.400;-20.000;;;;;;;;;;;;;2000.000;;;;;;;;;;;58.00;57.00;58.00;;;;;;;;;60845;;;;;;;;;;;;;;50.700;;;;;;;;;;;;32.00;31.00;;;;;;;;;;;;;;0;0.00;0.00;;0.00;;3.00;2.80;-5.30;;1.70;-0.10;;;;6.40;;;;3.60;;;;0.60;3.20;1.10;5.60;0.70;3.40;1.40;5.50;0.70;-1.80;0.80;0.70;25.00;;;;18.00;;;;32.00;;;;;;;;40.00;;;;;;;;;;;;55.00;;;;;;;;;;;;;;;;;;;;;;;;;;;;;;;;;;;;;;;;;;;;;;;;;;;;;;;;;;;;;;;;;;;;;;;;;;;;;;;;;;;;;;;;;;;;;;;;;;;;;;;;;;;;;;;;;;;;;;;;;;;;;;;;;;;;;;;;;;;;;;;;;;;;;;;;;;;;;;;;;;;;;;;;;;;;;;;;;;;;;;;;;;;;;;;;;;;;;;;;;;;;;;;;;;;;;;51.00;;;;;;;;;;;;;;;;;;;;;;;;;;;;;;;;;;;35.00;35.00;35.00;;;;;;;;;;;;;;40.00;40.00;40.00;;;;9.60;;;;;;;;;;;0.00;145.20;36.40;0.00;0.00;36.30;;;;;;;;;;;;;;;;;;;;;;2000.00;2000.00;1;1;;;;;;;;;;;;;;;;;;;;;;;;0.10;0;0;0.00;0.00;;;;;69.00;69.00;69.00;;73.00;73.00;73.00;;67.00;67.00;67.00;;;;;;;;;;;;;0;3.30;4.70;2.00;8.80;8.90;8.40;51;145;-7;66;69;917.00;;;29084572;8.00;;;;;;20.00
1572975000000;2019-11-05T18:30:00.000+0100;;;;;;;;;-0.10;-0.60;378.20;378.10;378.30;12.00;13.00;12.00;2.90;;;;;2.90;2.90;;;;;;;;;0.0;;;;;;;;;;;;;;;;;;;;;;;;;;;;;;;;;;;;;;;;;;;;50.00;;;;;;;;;;;;;;;;;;;;;;;;;;;;;;;;;;;;;;36.00;44.00;35.00;11.00;;;;23.00;25.00;22.00;;;;;;;;;925.90;241.80;0.600;-10.200;;;;;;;;;;;;;1489.500;;;;;;;;;;;56.00;56.00;56.00;;;;;;;;;60846;;;;;;;;;;;;;;1.800;;;;;;;;;;;;32.00;31.00;;;;;;;;;;;;;;0;0.00;0.00;;0.00;;3.00;2.00;-7.60;;2.10;-0.10;;;;5.10;;;;2.80;;;;0.50;2.50;0.60;4.60;0.70;2.60;0.40;5.10;0.70;-2.30;26.80;6.80;25.00;;;;18.00;;;;34.00;;;;;;;;39.00;;;;;;;;;;;;54.00;;;;;;;;;;;;;;;;;;;;;;;;;;;;;;;;;;;;;;;;;;;;;;;;;;;;;;;;;;;;;;;;;;;;;;;;;;;;;;;;;;;;;;;;;;;;;;;;;;;;;;;;;;;;;;;;;;;;;;;;;;;;;;;;;;;;;;;;;;;;;;;;;;;;;;;;;;;;;;;;;;;;;;;;;;;;;;;;;;;;;;;;;;;;;;;;;;;;;;;;;;;;;;;;;;;;;;48.00;;;;;;;;;;;;;;;;;;;;;;;;;;;;;;;;;;;35.00;34.00;35.00;;;;;;;;;;;;;;39.00;39.00;40.00;;;;182.80;;;;;;;;;;;0.00;30.90;5.80;0.00;0.00;9.40;;;;;;;;;;;;;;;;;;;;;;0.00;2000.00;1;1;;;;;;;;;;;;;;;;;;;;;;;;1.80;0;0;0.00;0.00;;;;;69.00;69.00;69.00;;73.00;73.00;73.00;;67.00;67.00;67.00;;;;;;;;;;;;;0;2.50;3.90;0.90;7.50;8.90;2.30;-1;31;-28;66;68;782.30;;;29084572;8.00;;;;;;20.00
1572975600000;2019-11-05T18:40:00.000+0100;;;;;;;;;-1.00;-0.10;378.10;378.10;378.30;12.00;16.00;17.00;23.80;;;;;23.80;23.80;;;;;;;;;0.0;;;;;;;;;;;;;;;;;;;;;;;;;;;;;;;;;;;;;;;;;;;;50.00;;;;;;;;;;;;;;;;;;;;;;;;;;;;;;;;;;;;;;36.00;44.00;35.00;11.00;;;;23.00;25.00;22.00;;;;;;;;;848.70;146.80;0.500;-0.600;;;;;;;;;;;;;0.000;;;;;;;;;;;52.00;51.00;52.00;;;;;;;;;60846;;;;;;;;;;;;;;0.000;;;;;;;;;;;;32.00;31.00;;;;;;;;;;;;;;0;0.00;0.00;;0.00;;3.00;-3.20;-3.20;;4.90;-5.60;;;;-2.50;;;;2.30;;;;0.40;2.30;0.60;5.80;0.60;2.30;1.00;4.70;0.60;7.70;27.60;1.70;25.00;;;;18.00;;;;34.00;;;;;;;;39.00;;;;;;;;;;;;50.00;;;;;;;;;;;;;;;;;;;;;;;;;;;;;;;;;;;;;;;;;;;;;;;;;;;;;;;;;;;;;;;;;;;;;;;;;;;;;;;;;;;;;;;;;;;;;;;;;;;;;;;;;;;;;;;;;;;;;;;;;;;;;;;;;;;;;;;;;;;;;;;;;;;;;;;;;;;;;;;;;;;;;;;;;;;;;;;;;;;;;;;;;;;;;;;;;;;;;;;;;;;;;;;;;;;;;;46.00;;;;;;;;;;;;;;;;;;;;;;;;;;;;;;;;;;;34.00;34.00;35.00;;;;;;;;;;;;;;40.00;39.00;40.00;;;;89.90;;;;;;;;;;;0.00;0.00;0.00;0.00;0.00;2.40;;;;;;;;;;;;;;;;;;;;;;0.00;0.00;11;11;;;;;;;;;;;;;;;;;;;;;;;;0.90;0;0;0.00;0.00;;;;;69.00;69.00;69.00;;73.00;73.00;73.00;;67.00;67.00;67.00;;;;;;;;;;;;;0;2.30;3.50;1.40;2.00;8.20;1.40;-14;-13;-28;66;63;205.70;;;29084572;8.00;;;;;;20.00
1572976200000;2019-11-05T18:50:00.000+0100;;;;;;;;;-0.50;-2.00;378.40;378.30;378.60;15.00;18.00;17.00;14.60;;;;;14.60;14.60;;;;;;;;;1.0;;;;;;;;;;;;;;;;;;;;;;;;;;;;;;;;;;;;;;;;;;;;50.00;;;;;;;;;;;;;;;;;;;;;;;;;;;;;;;;;;;;;;35.00;43.00;35.00;11.00;;;;23.00;25.00;22.00;;;;;;;;;928.30;176.20;0.900;-24.400;;;;;;;;;;;;;621.000;;;;;;;;;;;48.00;47.00;48.00;;;;;;;;;60846;;;;;;;;;;;;;;4.200;;;;;;;;;;;;33.00;31.00;;;;;;;;;;;;;;0;0.00;0.00;;0.00;;3.00;-2.90;-13.70;;3.20;-5.10;;;;0.10;;;;2.90;;;;0.40;2.80;1.00;4.50;0.60;2.90;0.90;4.90;0.60;-2.30;24.00;11.60;25.00;;;;18.00;;;;34.00;;;;;;;;39.00;;;;;;;;;;;;46.00;;;;;;;;;;;;;;;;;;;;;;;;;;;;;;;;;;;;;;;;;;;;;;;;;;;;;;;;;;;;;;;;;;;;;;;;;;;;;;;;;;;;;;;;;;;;;;;;;;;;;;;;;;;;;;;;;;;;;;;;;;;;;;;;;;;;;;;;;;;;;;;;;;;;;;;;;;;;;;;;;;;;;;;;;;;;;;;;;;;;;;;;;;;;;;;;;;;;;;;;;;;;;;;;;;;;;;45.00;;;;;;;;;;;;;;;;;;;;;;;;;;;;;;;;;;;34.00;34.00;35.00;;;;;;;;;;;;;;39.00;38.00;39.00;;;;331.00;;;;;;;;;;;0.00;63.40;11.00;0.00;0.00;15.70;;;;;;;;;;;;;;;;;;;;;;0.00;2000.00;1;1;;;;;;;;;;;;;;;;;;;;;;;;3.20;0;0;0.00;0.00;;;;;69.00;69.00;69.00;;73.00;73.00;73.00;;67.00;67.00;67.00;;;;;;;;;;;;;0;2.80;3.90;1.80;4.50;8.90;1.70;-5;45;-34;62;59;469.90;;;29084572;8.00;;;;;;20.00
1572976800000;2019-11-05T19:00:00.000+0100;;;;;;;;;0.10;-2.20;377.70;377.50;377.70;16.00;17.00;15.00;3.30;;;;;3.30;3.30;;;;;;;;;1.0;;;;;;;;;;;;;;;;;;;;;;;;;;;;;;;;;;;;;;;;;;;;50.00;;;;;;;;;;;;;;;;;;;;;;;;;;;;;;;;;;;;;;36.00;43.00;35.00;11.00;;;;23.00;25.00;22.00;;;;;;;;;929.80;227.70;0.800;-14.700;;;;;;;;;;;;;1452.700;;;;;;;;;;;50.00;50.00;50.00;;;;;;;;;60846;;;;;;;;;;;;;;7.100;;;;;;;;;;;;32.00;31.00;;;;;;;;;;;;;;0;0.00;0.00;;0.00;;3.00;-2.50;-3.90;;5.30;-4.30;;;;-0.80;;;;2.90;;;;0.60;2.90;0.70;5.00;0.70;3.00;1.40;4.60;0.70;-2.40;26.50;8.30;25.00;;;;18.00;;;;31.00;;;;;;;;39.00;;;;;;;;;;;;51.00;;;;;;;;;;;;;;;;;;;;;;;;;;;;;;;;;;;;;;;;;;;;;;;;;;;;;;;;;;;;;;;;;;;;;;;;;;;;;;;;;;;;;;;;;;;;;;;;;;;;;;;;;;;;;;;;;;;;;;;;;;;;;;;;;;;;;;;;;;;;;;;;;;;;;;;;;;;;;;;;;;;;;;;;;;;;;;;;;;;;;;;;;;;;;;;;;;;;;;;;;;;;;;;;;;;;;;45.00;;;;;;;;;;;;;;;;;;;;;;;;;;;;;;;;;;;34.00;34.00;35.00;;;;;;;;;;;;;;38.00;38.00;39.00;;;;223.70;;;;;;;;;;;0.00;53.20;11.30;0.00;0.00;14.80;;;;;;;;;;;;;;;;;;;;;;0.00;2000.00;1;1;;;;;;;;;;;;;;;;;;;;;;;;2.10;0;0;0.00;0.00;;;;;69.00;69.00;69.00;;73.00;73.00;73.00;;67.00;67.00;67.00;;;;;;;;;;;;;0;2.90;4.20;1.50;7.10;8.90;2.20;3;49;-35;57;54;741.60;;;29084574;8.00;;;;;;20.00
1572977400000;2019-11-05T19:10:00.000+0100;;;;;;;;;0.70;-20.70;372.90;372.90;373.00;56.00;55.00;53.00;-0.60;;;;;-0.60;-0.60;;;;;;;;;1.0;;;;;;;;;;;;;;;;;;;;;;;;;;;;;;;;;;;;;;;;;;;;50.00;;;;;;;;;;;;;;;;;;;;;;;;;;;;;;;;;;;;;;36.00;43.00;35.00;11.00;;;;23.00;24.00;22.00;;;;;;;;;932.30;791.20;44.400;-88.400;;;;;;;;;;;;;1981.600;;;;;;;;;;;52.00;51.00;51.00;;;;;;;;;60846;;;;;;;;;;;;;;49.400;;;;;;;;;;;;32.00;31.00;;;;;;;;;;;;;;0;0.00;0.00;;0.00;;3.00;-1.30;-1.30;;5.50;-3.70;;;;1.20;;;;3.50;;;;0.60;3.50;1.10;5.90;0.70;3.60;1.20;5.80;0.80;-2.20;0.60;0.80;24.00;;;;18.00;;;;32.00;;;;;;;;39.00;;;;;;;;;;;;53.00;;;;;;;;;;;;;;;;;;;;;;;;;;;;;;;;;;;;;;;;;;;;;;;;;;;;;;;;;;;;;;;;;;;;;;;;;;;;;;;;;;;;;;;;;;;;;;;;;;;;;;;;;;;;;;;;;;;;;;;;;;;;;;;;;;;;;;;;;;;;;;;;;;;;;;;;;;;;;;;;;;;;;;;;;;;;;;;;;;;;;;;;;;;;;;;;;;;;;;;;;;;;;;;;;;;;;;47.00;;;;;;;;;;;;;;;;;;;;;;;;;;;;;;;;;;;35.00;34.00;35.00;;;;;;;;;;;;;;39.00;38.00;39.00;;;;28.70;;;;;;;;;;;0.00;164.10;43.70;0.00;0.00;43.60;;;;;;;;;;;;;;;;;;;;;;1080.00;2000.00;1;1;;;;;;;;;;;;;;;;;;;;;;;;0.30;0;0;0.00;0.00;;;;;69.00;69.00;69.00;;73.00;73.00;73.00;;67.00;67.00;67.00;;;;;;;;;;;;;0;3.50;4.90;1.70;8.70;9.00;7.60;50;164;-7;73;72;910.20;;;29084580;8.00;;;;;;20.00
1572978000000;2019-11-05T19:20:00.000+0100;;;;;;;;;-0.60;0.30;373.30;373.40;373.40;12.00;15.00;14.00;10.50;;;;;10.50;10.50;;;;;;;;;0.0;;;;;;;;;;;;;;;;;;;;;;;;;;;;;;;;;;;;;;;;;;;;50.00;;;;;;;;;;;;;;;;;;;;;;;;;;;;;;;;;;;;;;36.00;43.00;35.00;11.00;;;;22.00;24.00;22.00;;;;;;;;;931.90;169.30;16.400;-1.700;;;;;;;;;;;;;708.200;;;;;;;;;;;51.00;51.00;51.00;;;;;;;;;60846;;;;;;;;;;;;;;0.400;;;;;;;;;;;;31.00;30.00;;;;;;;;;;;;;;0;0.00;0.00;;0.00;;3.00;0.20;-19.60;;3.90;-2.90;;;;3.00;;;;2.70;;;;0.40;2.70;0.80;4.50;0.60;2.80;1.20;4.20;0.50;-2.30;29.50;11.80;24.00;;;;18.00;;;;33.00;;;;;;;;39.00;;;;;;;;;;;;52.00;;;;;;;;;;;;;;;;;;;;;;;;;;;;;;;;;;;;;;;;;;;;;;;;;;;;;;;;;;;;;;;;;;;;;;;;;;;;;;;;;;;;;;;;;;;;;;;;;;;;;;;;;;;;;;;;;;;;;;;;;;;;;;;;;;;;;;;;;;;;;;;;;;;;;;;;;;;;;;;;;;;;;;;;;;;;;;;;;;;;;;;;;;;;;;;;;;;;;;;;;;;;;;;;;;;;;;45.00;;;;;;;;;;;;;;;;;;;;;;;;;;;;;;;;;;;34.00;34.00;35.00;;;;;;;;;;;;;;39.00;38.00;39.00;;;;282.10;;;;;;;;;;;0.00;18.40;2.30;0.00;0.00;8.80;;;;;;;;;;;;;;;;;;;;;;0.00;2000.00;1;1;;;;;;;;;;;;;;;;;;;;;;;;2.70;0;0;0.00;0.00;;;;;69.00;69.00;69.00;;73.00;73.00;73.00;;67.00;67.00;67.00;;;;;;;;;;;;;0;2.70;3.80;1.60;5.30;8.90;1.60;-9;18;-33;73;73;554.20;;;29084584;8.00;;;;;;20.00
1572978600000;2019-11-05T19:30:00.000+0100;;;;;;;;;-1.00;-0.10;372.80;373.00;373.00;12.00;16.00;17.00;24.00;;;;;24.00;24.00;;;;;;;;;0.0;;;;;;;;;;;;;;;;;;;;;;;;;;;;;;;;;;;;;;;;;;;;50.00;;;;;;;;;;;;;;;;;;;;;;;;;;;;;;;;;;;;;;35.00;42.00;34.00;11.00;;;;22.00;24.00;22.00;;;;;;;;;247.60;143.60;0.800;-0.800;;;;;;;;;;;;;0.000;;;;;;;;;;;47.00;47.00;47.00;;;;;;;;;60847;;;;;;;;;;;;;;0.500;;;;;;;;;;;;31.00;31.00;;;;;;;;;;;;;;0;0.00;0.00;;0.00;;3.00;-8.90;-13.80;;4.80;-12.00;;;;-6.70;;;;2.50;;;;0.40;2.40;0.70;4.80;0.60;2.50;1.10;5.00;0.60;24.00;24.00;0.00;24.00;;;;18.00;;;;34.00;;;;;;;;39.00;;;;;;;;;;;;47.00;;;;;;;;;;;;;;;;;;;;;;;;;;;;;;;;;;;;;;;;;;;;;;;;;;;;;;;;;;;;;;;;;;;;;;;;;;;;;;;;;;;;;;;;;;;;;;;;;;;;;;;;;;;;;;;;;;;;;;;;;;;;;;;;;;;;;;;;;;;;;;;;;;;;;;;;;;;;;;;;;;;;;;;;;;;;;;;;;;;;;;;;;;;;;;;;;;;;;;;;;;;;;;;;;;;;;;44.00;;;;;;;;;;;;;;;;;;;;;;;;;;;;;;;;;;;34.00;33.00;34.00;;;;;;;;;;;;;;39.00;38.00;39.00;;;;27.30;;;;;;;;;;;0.00;38.50;3.60;0.00;0.00;2.00;;;;;;;;;;;;;;;;;;;;;;0.00;0.00;11;11;;;;;;;;;;;;;;;;;;;;;;;;0.30;0;0;0.00;0.00;;;;;69.00;69.00;69.00;;73.00;73.00;73.00;;67.00;67.00;67.00;;;;;;;;;;;;;0;2.50;4.10;1.50;1.80;2.40;1.40;-14;-13;-28;75;66;191.80;;;29084584;8.00;;;;;;20.00
1572979200000;2019-11-05T19:40:00.000+0100;;;;;;;;;-1.00;-0.10;372.40;372.60;372.60;12.00;16.00;17.00;24.00;;;;;24.00;24.00;;;;;;;;;0.0;;;;;;;;;;;;;;;;;;;;;;;;;;;;;;;;;;;;;;;;;;;;50.00;;;;;;;;;;;;;;;;;;;;;;;;;;;;;;;;;;;;;;35.00;41.00;34.00;11.00;;;;22.00;24.00;21.00;;;;;;;;;216.00;120.40;0.400;-0.800;;;;;;;;;;;;;0.000;;;;;;;;;;;44.00;43.00;44.00;;;;;;;;;60847;;;;;;;;;;;;;;0.000;;;;;;;;;;;;32.00;31.00;;;;;;;;;;;;;;0;0.00;0.00;;0.00;;3.00;-8.60;-15.20;;2.20;-12.40;;;;-7.00;;;;2.30;;;;0.50;2.20;0.70;3.90;0.60;2.30;0.60;4.30;0.60;24.00;24.00;0.00;24.00;;;;18.00;;;;35.00;;;;;;;;39.00;;;;;;;;;;;;43.00;;;;;;;;;;;;;;;;;;;;;;;;;;;;;;;;;;;;;;;;;;;;;;;;;;;;;;;;;;;;;;;;;;;;;;;;;;;;;;;;;;;;;;;;;;;;;;;;;;;;;;;;;;;;;;;;;;;;;;;;;;;;;;;;;;;;;;;;;;;;;;;;;;;;;;;;;;;;;;;;;;;;;;;;;;;;;;;;;;;;;;;;;;;;;;;;;;;;;;;;;;;;;;;;;;;;;;42.00;;;;;;;;;;;;;;;;;;;;;;;;;;;;;;;;;;;33.00;33.00;34.00;;;;;;;;;;;;;;38.00;37.00;38.00;;;;27.90;;;;;;;;;;;0.00;0.00;0.00;0.00;0.00;2.00;;;;;;;;;;;;;;;;;;;;;;0.00;0.00;11;11;;;;;;;;;;;;;;;;;;;;;;;;0.30;0;0;0.00;0.00;;;;;69.00;69.00;69.00;;73.00;73.00;73.00;;67.00;67.00;67.00;;;;;;;;;;;;;0;2.30;3.30;0.90;1.60;2.10;1.20;-14;-13;-28;75;66;165.60;;;29084584;8.00;;;;;;20.00
1572979800000;2019-11-05T19:50:00.000+0100;;;;;;;;;-1.00;-0.10;373.10;373.20;373.30;12.00;16.00;17.00;24.00;;;;;24.00;24.00;;;;;;;;;0.0;;;;;;;;;;;;;;;;;;;;;;;;;;;;;;;;;;;;;;;;;;;;50.00;;;;;;;;;;;;;;;;;;;;;;;;;;;;;;;;;;;;;;35.00;41.00;34.00;11.00;;;;22.00;24.00;21.00;;;;;;;;;185.40;107.20;0.400;-0.700;;;;;;;;;;;;;0.000;;;;;;;;;;;41.00;41.00;42.00;;;;;;;;;60847;;;;;;;;;;;;;;0.000;;;;;;;;;;;;32.00;30.00;;;;;;;;;;;;;;0;0.00;0.00;;0.00;;3.00;-22.70;-28.20;;2.20;-24.80;;;;-20.90;;;;2.20;;;;0.50;2.20;0.50;4.70;0.60;2.30;0.60;3.70;0.60;24.00;24.00;0.00;24.00;;;;18.00;;;;33.00;;;;;;;;39.00;;;;;;;;;;;;41.00;;;;;;;;;;;;;;;;;;;;;;;;;;;;;;;;;;;;;;;;;;;;;;;;;;;;;;;;;;;;;;;;;;;;;;;;;;;;;;;;;;;;;;;;;;;;;;;;;;;;;;;;;;;;;;;;;;;;;;;;;;;;;;;;;;;;;;;;;;;;;;;;;;;;;;;;;;;;;;;;;;;;;;;;;;;;;;;;;;;;;;;;;;;;;;;;;;;;;;;;;;;;;;;;;;;;;;41.00;;;;;;;;;;;;;;;;;;;;;;;;;;;;;;;;;;;33.00;33.00;34.00;;;;;;;;;;;;;;37.00;37.00;37.00;;;;19.60;;;;;;;;;;;0.00;0.00;0.00;0.00;0.00;1.90;;;;;;;;;;;;;;;;;;;;;;0.00;0.00;11;11;;;;;;;;;;;;;;;;;;;;;;;;0.20;0;0;0.00;0.00;;;;;69.00;69.00;69.00;;73.00;73.00;73.00;;67.00;67.00;67.00;;;;;;;;;;;;;0;2.20;3.50;0.90;1.50;1.80;1.00;-14;-13;-28;75;52;152.20;;;29084584;8.00;;;;;;20.00
1572980400000;2019-11-05T20:00:00.000+0100;;;;;;;;;-1.00;-0.10;373.20;373.60;373.50;13.00;16.00;18.00;24.00;;;;;24.00;24.00;;;;;;;;;0.0;;;;;;;;;;;;;;;;;;;;;;;;;;;;;;;;;;;;;;;;;;;;50.00;;;;;;;;;;;;;;;;;;;;;;;;;;;;;;;;;;;;;;35.00;41.00;34.00;11.00;;;;22.00;24.00;21.00;;;;;;;;;225.50;162.10;0.800;-0.800;;;;;;;;;;;;;0.000;;;;;;;;;;;40.00;40.00;40.00;;;;;;;;;60847;;;;;;;;;;;;;;0.000;;;;;;;;;;;;32.00;30.00;;;;;;;;;;;;;;0;0.00;0.00;;0.00;;3.00;-12.10;-34.80;;4.90;-13.70;;;;-11.30;;;;2.60;;;;0.40;2.60;0.90;4.50;0.60;2.60;0.90;4.90;0.60;24.00;24.00;0.00;24.00;;;;18.00;;;;31.00;;;;;;;;39.00;;;;;;;;;;;;40.00;;;;;;;;;;;;;;;;;;;;;;;;;;;;;;;;;;;;;;;;;;;;;;;;;;;;;;;;;;;;;;;;;;;;;;;;;;;;;;;;;;;;;;;;;;;;;;;;;;;;;;;;;;;;;;;;;;;;;;;;;;;;;;;;;;;;;;;;;;;;;;;;;;;;;;;;;;;;;;;;;;;;;;;;;;;;;;;;;;;;;;;;;;;;;;;;;;;;;;;;;;;;;;;;;;;;;;40.00;;;;;;;;;;;;;;;;;;;;;;;;;;;;;;;;;;;34.00;33.00;34.00;;;;;;;;;;;;;;37.00;36.00;37.00;;;;16.60;;;;;;;;;;;0.00;3.80;0.20;0.00;0.00;2.60;;;;;;;;;;;;;;;;;;;;;;0.00;0.00;11;11;;;;;;;;;;;;;;;;;;;;;;;;0.20;0;0;0.00;0.00;;;;;69.00;68.00;69.00;;73.00;73.00;73.00;;67.00;67.00;67.00;;;;;;;;;;;;;0;2.60;3.80;1.60;1.80;2.20;1.60;-14;-13;-28;66;54;188.30;;;29084584;8.00;;;;;;20.00
1572981000000;2019-11-05T20:10:00.000+0100;;;;;;;;;-1.00;-0.10;372.30;372.40;372.50;11.00;16.00;16.00;24.00;;;;;24.00;24.00;;;;;;;;;0.0;;;;;;;;;;;;;;;;;;;;;;;;;;;;;;;;;;;;;;;;;;;;49.90;;;;;;;;;;;;;;;;;;;;;;;;;;;;;;;;;;;;;;35.00;40.00;34.00;11.00;;;;22.00;24.00;21.00;;;;;;;;;243.40;169.60;0.500;-0.800;;;;;;;;;;;;;0.000;;;;;;;;;;;39.00;39.00;39.00;;;;;;;;;60847;;;;;;;;;;;;;;0.000;;;;;;;;;;;;31.00;30.00;;;;;;;;;;;;;;0;0.00;0.00;;0.00;;3.00;8.20;4.90;;2.60;4.90;;;;11.10;;;;2.50;;;;0.40;2.40;0.90;4.30;0.50;2.60;0.70;4.20;0.60;24.00;24.00;0.00;24.00;;;;18.00;;;;32.00;;;;;;;;39.00;;;;;;;;;;;;39.00;;;;;;;;;;;;;;;;;;;;;;;;;;;;;;;;;;;;;;;;;;;;;;;;;;;;;;;;;;;;;;;;;;;;;;;;;;;;;;;;;;;;;;;;;;;;;;;;;;;;;;;;;;;;;;;;;;;;;;;;;;;;;;;;;;;;;;;;;;;;;;;;;;;;;;;;;;;;;;;;;;;;;;;;;;;;;;;;;;;;;;;;;;;;;;;;;;;;;;;;;;;;;;;;;;;;;;39.00;;;;;;;;;;;;;;;;;;;;;;;;;;;;;;;;;;;34.00;34.00;34.00;;;;;;;;;;;;;;36.00;36.00;37.00;;;;21.20;;;;;;;;;;;0.00;0.00;0.00;0.00;0.00;2.00;;;;;;;;;;;;;;;;;;;;;;0.00;0.00;11;11;;;;;;;;;;;;;;;;;;;;;;;;0.20;0;0;0.00;0.00;;;;;68.00;68.00;69.00;;73.00;73.00;73.00;;66.00;66.00;67.00;;;;;;;;;;;;;0;2.50;3.20;1.40;2.00;2.30;1.60;-13;-12;-28;58;66;205.30;;;29084584;8.00;;;;;;20.00
1572981600000;2019-11-05T20:20:00.000+0100;;;;;;;;;-0.30;3.30;373.70;373.40;373.70;13.00;16.00;15.00;10.70;;;;;10.70;10.70;;;;;;;;;1.0;;;;;;;;;;;;;;;;;;;;;;;;;;;;;;;;;;;;;;;;;;;;50.00;;;;;;;;;;;;;;;;;;;;;;;;;;;;;;;;;;;;;;35.00;40.00;35.00;12.00;;;;22.00;24.00;22.00;;;;;;;;;926.90;229.80;33.000;-0.600;;;;;;;;;;;;;912.800;;;;;;;;;;;40.00;40.00;41.00;;;;;;;;;60847;;;;;;;;;;;;;;3.800;;;;;;;;;;;;31.00;30.00;;;;;;;;;;;;;;0;0.00;0.00;;0.00;;3.00;-1.80;-7.70;;0.60;-4.20;;;;0.60;;;;2.90;;;;0.20;2.80;1.40;4.30;0.40;2.90;1.20;4.40;0.50;-2.30;24.00;11.80;24.00;;;;18.00;;;;33.00;;;;;;;;39.00;;;;;;;;;;;;41.00;;;;;;;;;;;;;;;;;;;;;;;;;;;;;;;;;;;;;;;;;;;;;;;;;;;;;;;;;;;;;;;;;;;;;;;;;;;;;;;;;;;;;;;;;;;;;;;;;;;;;;;;;;;;;;;;;;;;;;;;;;;;;;;;;;;;;;;;;;;;;;;;;;;;;;;;;;;;;;;;;;;;;;;;;;;;;;;;;;;;;;;;;;;;;;;;;;;;;;;;;;;;;;;;;;;;;;40.00;;;;;;;;;;;;;;;;;;;;;;;;;;;;;;;;;;;34.00;34.00;34.00;;;;;;;;;;;;;;36.00;36.00;37.00;;;;327.90;;;;;;;;;;;0.00;37.50;7.30;0.00;0.00;12.20;;;;;;;;;;;;;;;;;;;;;;0.00;2000.00;1;1;;;;;;;;;;;;;;;;;;;;;;;;3.10;0;0;0.00;0.00;;;;;69.00;68.00;69.00;;73.00;73.00;73.00;;67.00;67.00;67.00;;;;;;;;;;;;;0;2.90;3.50;2.00;5.70;8.90;2.20;-3;38;-27;58;56;593.60;;;29084584;8.00;;;;;;23.00
1572982200000;2019-11-05T20:30:00.000+0100;;;;;;;;;-0.90;-0.10;374.30;374.40;374.40;12.00;16.00;16.00;21.70;;;;;21.70;21.70;;;;;;;;;0.0;;;;;;;;;;;;;;;;;;;;;;;;;;;;;;;;;;;;;;;;;;;;50.00;;;;;;;;;;;;;;;;;;;;;;;;;;;;;;;;;;;;;;35.00;40.00;35.00;12.00;;;;23.00;24.00;22.00;;;;;;;;;858.00;182.50;0.400;-0.800;;;;;;;;;;;;;136.400;;;;;;;;;;;42.00;42.00;42.00;;;;;;;;;60848;;;;;;;;;;;;;;0.000;;;;;;;;;;;;31.00;30.00;;;;;;;;;;;;;;0;0.00;0.00;;0.00;;3.00;1.20;-10.90;;1.70;-1.10;;;;3.30;;;;2.50;;;;0.40;2.40;0.80;4.30;0.60;2.50;0.60;5.00;0.60;0.20;26.50;6.70;24.00;;;;18.00;;;;34.00;;;;;;;;39.00;;;;;;;;;;;;45.00;;;;;;;;;;;;;;;;;;;;;;;;;;;;;;;;;;;;;;;;;;;;;;;;;;;;;;;;;;;;;;;;;;;;;;;;;;;;;;;;;;;;;;;;;;;;;;;;;;;;;;;;;;;;;;;;;;;;;;;;;;;;;;;;;;;;;;;;;;;;;;;;;;;;;;;;;;;;;;;;;;;;;;;;;;;;;;;;;;;;;;;;;;;;;;;;;;;;;;;;;;;;;;;;;;;;;;41.00;;;;;;;;;;;;;;;;;;;;;;;;;;;;;;;;;;;34.00;34.00;34.00;;;;;;;;;;;;;;37.00;37.00;37.00;;;;189.20;;;;;;;;;;;0.00;0.00;0.00;0.00;0.00;4.20;;;;;;;;;;;;;;;;;;;;;;0.00;2000.00;11;11;;;;;;;;;;;;;;;;;;;;;;;;1.80;0;0;0.00;0.00;;;;;69.00;69.00;69.00;;73.00;73.00;73.00;;67.00;67.00;67.00;;;;;;;;;;;;;0;2.50;3.80;1.00;2.70;8.20;1.80;-13;6;-28;58;59;283.30;;;29084584;8.00;;;;;;25.00
1572982800000;2019-11-05T20:40:00.000+0100;;;;;;;;;0.10;2.20;374.20;374.40;374.30;24.00;25.00;24.00;7.10;;;;;7.10;7.10;;;;;;;;;1.0;;;;;;;;;;;;;;;;;;;;;;;;;;;;;;;;;;;;;;;;;;;;50.00;;;;;;;;;;;;;;;;;;;;;;;;;;;;;;;;;;;;;;35.00;40.00;35.00;12.00;;;;23.00;24.00;22.00;;;;;;;;;927.20;210.30;39.300;-41.900;;;;;;;;;;;;;1184.400;;;;;;;;;;;43.00;43.00;43.00;;;;;;;;;60848;;;;;;;;;;;;;;14.200;;;;;;;;;;;;31.00;30.00;;;;;;;;;;;;;;0;0.00;0.00;;0.00;;3.00;5.90;1.80;;1.70;2.90;;;;9.00;;;;3.10;;;;0.40;3.10;1.30;4.90;0.50;3.20;1.20;5.10;0.60;-2.30;24.00;11.20;24.00;;;;18.00;;;;34.00;;;;;;;;39.00;;;;;;;;;;;;45.00;;;;;;;;;;;;;;;;;;;;;;;;;;;;;;;;;;;;;;;;;;;;;;;;;;;;;;;;;;;;;;;;;;;;;;;;;;;;;;;;;;;;;;;;;;;;;;;;;;;;;;;;;;;;;;;;;;;;;;;;;;;;;;;;;;;;;;;;;;;;;;;;;;;;;;;;;;;;;;;;;;;;;;;;;;;;;;;;;;;;;;;;;;;;;;;;;;;;;;;;;;;;;;;;;;;;;;41.00;;;;;;;;;;;;;;;;;;;;;;;;;;;;;;;;;;;34.00;34.00;34.00;;;;;;;;;;;;;;37.00;36.00;37.00;;;;316.50;;;;;;;;;;;0.00;47.30;13.90;0.00;0.00;20.40;;;;;;;;;;;;;;;;;;;;;;0.00;2000.00;1;1;;;;;;;;;;;;;;;;;;;;;;;;3.00;0;0;0.00;0.00;;;;;69.00;69.00;69.00;;73.00;73.00;73.00;;67.00;67.00;67.00;;;;;;;;;;;;;0;3.10;4.00;1.90;6.60;8.90;2.00;9;48;-34;66;72;688.60;;;29084586;8.00;;;;;;23.00
1572983400000;2019-11-05T20:50:00.000+0100;;;;;;;;;0.90;-19.40;373.90;374.00;373.80;39.00;36.00;35.00;-0.40;;;;;-0.40;-0.40;;;;;;;;;1.0;;;;;;;;;;;;;;;;;;;;;;;;;;;;;;;;;;;;;;;;;;;;50.00;;;;;;;;;;;;;;;;;;;;;;;;;;;;;;;;;;;;;;36.00;41.00;35.00;12.00;;;;23.00;24.00;22.00;;;;;;;;;929.80;913.40;-0.100;-40.600;;;;;;;;;;;;;2000.000;;;;;;;;;;;48.00;48.00;48.00;;;;;;;;;60848;;;;;;;;;;;;;;34.000;;;;;;;;;;;;30.00;29.00;;;;;;;;;;;;;;0;0.00;0.00;;0.00;;3.00;2.50;2.50;;1.40;-0.70;;;;4.80;;;;3.40;;;;0.30;3.30;1.90;4.80;0.50;3.40;1.90;5.70;0.50;-1.10;0.20;0.30;24.00;;;;18.00;;;;31.00;;;;;;;;39.00;;;;;;;;;;;;51.00;;;;;;;;;;;;;;;;;;;;;;;;;;;;;;;;;;;;;;;;;;;;;;;;;;;;;;;;;;;;;;;;;;;;;;;;;;;;;;;;;;;;;;;;;;;;;;;;;;;;;;;;;;;;;;;;;;;;;;;;;;;;;;;;;;;;;;;;;;;;;;;;;;;;;;;;;;;;;;;;;;;;;;;;;;;;;;;;;;;;;;;;;;;;;;;;;;;;;;;;;;;;;;;;;;;;;;45.00;;;;;;;;;;;;;;;;;;;;;;;;;;;;;;;;;;;34.00;34.00;35.00;;;;;;;;;;;;;;37.00;37.00;37.00;;;;2.40;;;;;;;;;;;0.40;69.10;15.40;0.00;0.00;15.40;;;;;;;;;;;;;;;;;;;;;;2000.00;2000.00;1;1;;;;;;;;;;;;;;;;;;;;;;;;0.00;0;0;0.00;0.00;;;;;68.00;68.00;69.00;;73.00;73.00;73.00;;67.00;66.00;67.00;;;;;;;;;;;;;0;3.40;4.20;2.70;8.80;8.90;8.80;34;70;0;75;78;919.90;;;29084590;8.00;;;;;;22.00
1572984000000;2019-11-05T21:00:00.000+0100;;;;;;;;;0.40;-3.70;374.40;374.60;374.40;16.00;16.00;14.00;3.30;;;;;3.30;3.30;;;;;;;;;0.0;;;;;;;;;;;;;;;;;;;;;;;;;;;;;;;;;;;;;;;;;;;;50.00;;;;;;;;;;;;;;;;;;;;;;;;;;;;;;;;;;;;;;36.00;41.00;35.00;12.00;;;;22.00;24.00;22.00;;;;;;;;;924.30;236.70;0.400;-16.600;;;;;;;;;;;;;1667.200;;;;;;;;;;;51.00;51.00;51.00;;;;;;;;;60848;;;;;;;;;;;;;;8.200;;;;;;;;;;;;29.00;29.00;;;;;;;;;;;;;;0;0.00;0.00;;0.00;;3.00;-4.00;-4.20;;2.70;-4.90;;;;-2.00;;;;3.00;;;;0.30;3.00;1.10;4.80;0.40;3.10;1.60;4.60;0.40;-0.70;26.60;8.10;24.00;;;;18.00;;;;31.00;;;;;;;;40.00;;;;;;;;;;;;52.00;;;;;;;;;;;;;;;;;;;;;;;;;;;;;;;;;;;;;;;;;;;;;;;;;;;;;;;;;;;;;;;;;;;;;;;;;;;;;;;;;;;;;;;;;;;;;;;;;;;;;;;;;;;;;;;;;;;;;;;;;;;;;;;;;;;;;;;;;;;;;;;;;;;;;;;;;;;;;;;;;;;;;;;;;;;;;;;;;;;;;;;;;;;;;;;;;;;;;;;;;;;;;;;;;;;;;;47.00;;;;;;;;;;;;;;;;;;;;;;;;;;;;;;;;;;;34.00;34.00;35.00;;;;;;;;;;;;;;38.00;37.00;38.00;;;;214.00;;;;;;;;;;;0.00;39.40;9.50;0.00;0.00;12.60;;;;;;;;;;;;;;;;;;;;;;0.00;2000.00;1;1;;;;;;;;;;;;;;;;;;;;;;;;2.10;0;0;0.00;0.00;;;;;68.00;68.00;69.00;;73.00;73.00;73.00;;66.00;66.00;67.00;;;;;;;;;;;;;0;3.10;3.70;1.90;7.90;8.90;2.30;6;39;-28;79;75;826.70;;;29084592;8.00;;;;;;21.00
1572984600000;2019-11-05T21:10:00.000+0100;;;;;;;;;-1.00;-0.10;375.30;375.60;375.40;12.00;16.00;17.00;22.40;;;;;22.40;22.40;;;;;;;;;1.0;;;;;;;;;;;;;;;;;;;;;;;;;;;;;;;;;;;;;;;;;;;;49.90;;;;;;;;;;;;;;;;;;;;;;;;;;;;;;;;;;;;;;36.00;41.00;35.00;11.00;;;;22.00;24.00;22.00;;;;;;;;;879.20;176.90;0.400;-0.600;;;;;;;;;;;;;0.300;;;;;;;;;;;48.00;48.00;48.00;;;;;;;;;60848;;;;;;;;;;;;;;0.800;;;;;;;;;;;;29.00;29.00;;;;;;;;;;;;;;0;0.00;0.00;;0.00;;3.00;-2.30;-6.90;;0.90;-4.80;;;;-0.20;;;;2.90;;;;0.40;2.80;1.00;5.10;0.60;2.90;1.50;5.80;0.60;-2.30;24.00;5.90;24.00;;;;18.00;;;;33.00;;;;;;;;39.00;;;;;;;;;;;;48.00;;;;;;;;;;;;;;;;;;;;;;;;;;;;;;;;;;;;;;;;;;;;;;;;;;;;;;;;;;;;;;;;;;;;;;;;;;;;;;;;;;;;;;;;;;;;;;;;;;;;;;;;;;;;;;;;;;;;;;;;;;;;;;;;;;;;;;;;;;;;;;;;;;;;;;;;;;;;;;;;;;;;;;;;;;;;;;;;;;;;;;;;;;;;;;;;;;;;;;;;;;;;;;;;;;;;;;44.00;;;;;;;;;;;;;;;;;;;;;;;;;;;;;;;;;;;34.00;34.00;34.00;;;;;;;;;;;;;;38.00;37.00;38.00;;;;109.20;;;;;;;;;;;0.00;69.70;4.00;0.00;0.00;2.80;;;;;;;;;;;;;;;;;;;;;;0.00;68.00;11;11;;;;;;;;;;;;;;;;;;;;;;;;1.00;0;0;0.00;0.00;;;;;68.00;68.00;68.00;;73.00;73.00;73.00;;66.00;66.00;66.00;;;;;;;;;;;;;0;2.90;4.10;1.80;2.30;8.40;1.70;-14;-3;-28;79;77;240.20;;;29084592;8.00;;;;;;21.00
1572985200000;2019-11-05T21:20:00.000+0100;;;;;;;;;0.00;2.60;376.00;376.00;375.80;15.00;17.00;15.00;6.60;;;;;6.60;6.60;;;;;;;;;0.0;;;;;;;;;;;;;;;;;;;;;;;;;;;;;;;;;;;;;;;;;;;;50.00;;;;;;;;;;;;;;;;;;;;;;;;;;;;;;;;;;;;;;35.00;41.00;35.00;11.00;;;;22.00;24.00;22.00;;;;;;;;;930.00;144.00;31.000;-42.700;;;;;;;;;;;;;1268.100;;;;;;;;;;;48.00;48.00;48.00;;;;;;;;;60848;;;;;;;;;;;;;;6.200;;;;;;;;;;;;29.00;29.00;;;;;;;;;;;;;;0;0.00;0.00;;0.00;;3.00;-7.30;-7.30;;1.70;-9.50;;;;-6.20;;;;2.70;;;;0.60;2.70;0.90;4.60;0.70;2.80;1.20;5.00;0.70;-1.20;26.10;10.90;24.00;;;;18.00;;;;34.00;;;;;;;;39.00;;;;;;;;;;;;49.00;;;;;;;;;;;;;;;;;;;;;;;;;;;;;;;;;;;;;;;;;;;;;;;;;;;;;;;;;;;;;;;;;;;;;;;;;;;;;;;;;;;;;;;;;;;;;;;;;;;;;;;;;;;;;;;;;;;;;;;;;;;;;;;;;;;;;;;;;;;;;;;;;;;;;;;;;;;;;;;;;;;;;;;;;;;;;;;;;;;;;;;;;;;;;;;;;;;;;;;;;;;;;;;;;;;;;;44.00;;;;;;;;;;;;;;;;;;;;;;;;;;;;;;;;;;;34.00;33.00;34.00;;;;;;;;;;;;;;37.00;37.00;38.00;;;;312.40;;;;;;;;;;;0.00;48.10;10.10;0.00;0.00;14.30;;;;;;;;;;;;;;;;;;;;;;0.00;2000.00;1;1;;;;;;;;;;;;;;;;;;;;;;;;3.00;0;0;0.00;0.00;;;;;68.00;68.00;68.00;;73.00;73.00;73.00;;66.00;66.00;66.00;;;;;;;;;;;;;0;2.80;4.20;1.40;6.40;8.90;1.40;2;48;-28;79;72;667.50;;;29084592;8.00;;;;;;21.00
1572985800000;2019-11-05T21:30:00.000+0100;;;;;;;;;0.10;-7.40;373.40;373.60;373.50;24.00;25.00;24.00;8.10;;;;;8.00;8.00;;;;;;;;;1.0;;;;;;;;;;;;;;;;;;;;;;;;;;;;;;;;;;;;;;;;;;;;50.00;;;;;;;;;;;;;;;;;;;;;;;;;;;;;;;;;;;;;;35.00;40.00;35.00;11.00;;;;22.00;24.00;21.00;;;;;;;;;927.90;187.90;0.600;-28.200;;;;;;;;;;;;;1116.500;;;;;;;;;;;47.00;47.00;48.00;;;;;;;;;60849;;;;;;;;;;;;;;17.400;;;;;;;;;;;;29.00;29.00;;;;;;;;;;;;;;0;0.00;0.00;;0.00;;3.00;-2.20;-14.50;;3.00;-4.70;;;;1.40;;;;3.20;;;;0.40;3.10;1.70;4.70;0.40;3.20;1.80;4.70;0.50;-2.30;24.00;11.50;24.00;;;;18.00;;;;34.00;;;;;;;;39.00;;;;;;;;;;;;48.00;;;;;;;;;;;;;;;;;;;;;;;;;;;;;;;;;;;;;;;;;;;;;;;;;;;;;;;;;;;;;;;;;;;;;;;;;;;;;;;;;;;;;;;;;;;;;;;;;;;;;;;;;;;;;;;;;;;;;;;;;;;;;;;;;;;;;;;;;;;;;;;;;;;;;;;;;;;;;;;;;;;;;;;;;;;;;;;;;;;;;;;;;;;;;;;;;;;;;;;;;;;;;;;;;;;;;;43.00;;;;;;;;;;;;;;;;;;;;;;;;;;;;;;;;;;;34.00;33.00;34.00;;;;;;;;;;;;;;37.00;37.00;38.00;;;;332.40;;;;;;;;;;;0.00;50.10;16.80;0.00;0.00;23.30;;;;;;;;;;;;;;;;;;;;;;0.00;2000.00;1;1;;;;;;;;;;;;;;;;;;;;;;;;3.20;0;0;0.00;0.00;;;;;68.00;68.00;68.00;;73.00;73.00;73.00;;66.00;66.00;66.00;;;;;;;;;;;;;0;3.20;3.80;2.30;6.30;8.90;1.80;12;50;-34;75;73;659.10;;;29084598;8.00;;;;;;20.00
1572986400000;2019-11-05T21:40:00.000+0100;;;;;;;;;1.00;-14.10;374.20;374.10;374.10;50.00;48.00;46.00;-0.80;;;;;-0.80;-0.80;;;;;;;;;1.0;;;;;;;;;;;;;;;;;;;;;;;;;;;;;;;;;;;;;;;;;;;;50.00;;;;;;;;;;;;;;;;;;;;;;;;;;;;;;;;;;;;;;36.00;41.00;35.00;11.00;;;;22.00;24.00;21.00;;;;;;;;;928.70;910.70;-1.600;-22.900;;;;;;;;;;;;;2000.000;;;;;;;;;;;51.00;51.00;51.00;;;;;;;;;60849;;;;;;;;;;;;;;50.200;;;;;;;;;;;;29.00;29.00;;;;;;;;;;;;;;0;0.00;0.00;;0.00;;3.00;1.60;1.60;;2.50;-0.90;;;;3.40;;;;3.70;;;;0.30;3.60;2.20;5.20;0.50;3.70;2.10;5.20;0.50;-1.40;-0.20;0.30;24.00;;;;18.00;;;;34.00;;;;;;;;39.00;;;;;;;;;;;;52.00;;;;;;;;;;;;;;;;;;;;;;;;;;;;;;;;;;;;;;;;;;;;;;;;;;;;;;;;;;;;;;;;;;;;;;;;;;;;;;;;;;;;;;;;;;;;;;;;;;;;;;;;;;;;;;;;;;;;;;;;;;;;;;;;;;;;;;;;;;;;;;;;;;;;;;;;;;;;;;;;;;;;;;;;;;;;;;;;;;;;;;;;;;;;;;;;;;;;;;;;;;;;;;;;;;;;;;46.00;;;;;;;;;;;;;;;;;;;;;;;;;;;;;;;;;;;34.00;34.00;35.00;;;;;;;;;;;;;;37.00;37.00;38.00;;;;3.00;;;;;;;;;;;6.50;85.80;15.20;0.00;0.00;15.20;;;;;;;;;;;;;;;;;;;;;;2000.00;2000.00;1;1;;;;;;;;;;;;;;;;;;;;;;;;0.00;0;0;0.00;0.00;;;;;68.00;68.00;68.00;;73.00;73.00;73.00;;66.00;66.00;66.00;;;;;;;;;;;;;0;3.70;4.50;2.80;8.80;8.90;8.70;50;86;7;78;80;919.90;;;29084604;8.00;;;;;;20.00
1572987000000;2019-11-05T21:50:00.000+0100;;;;;;;;;0.00;-3.10;374.40;374.10;374.30;15.00;17.00;16.00;7.70;;;;;7.80;7.80;;;;;;;;;0.0;;;;;;;;;;;;;;;;;;;;;;;;;;;;;;;;;;;;;;;;;;;;50.00;;;;;;;;;;;;;;;;;;;;;;;;;;;;;;;;;;;;;;36.00;41.00;35.00;12.00;;;;22.00;24.00;22.00;;;;;;;;;925.50;158.20;0.800;-15.400;;;;;;;;;;;;;1280.000;;;;;;;;;;;52.00;52.00;52.00;;;;;;;;;60849;;;;;;;;;;;;;;7.200;;;;;;;;;;;;29.00;29.00;;;;;;;;;;;;;;0;0.00;0.00;;0.00;;3.00;-1.40;-11.40;;1.50;-3.90;;;;0.10;;;;2.90;;;;0.40;3.00;1.20;4.80;0.60;3.10;1.30;4.50;0.60;-0.80;26.40;11.30;24.00;;;;18.00;;;;31.00;;;;;;;;40.00;;;;;;;;;;;;52.00;;;;;;;;;;;;;;;;;;;;;;;;;;;;;;;;;;;;;;;;;;;;;;;;;;;;;;;;;;;;;;;;;;;;;;;;;;;;;;;;;;;;;;;;;;;;;;;;;;;;;;;;;;;;;;;;;;;;;;;;;;;;;;;;;;;;;;;;;;;;;;;;;;;;;;;;;;;;;;;;;;;;;;;;;;;;;;;;;;;;;;;;;;;;;;;;;;;;;;;;;;;;;;;;;;;;;;47.00;;;;;;;;;;;;;;;;;;;;;;;;;;;;;;;;;;;34.00;34.00;35.00;;;;;;;;;;;;;;38.00;37.00;39.00;;;;321.30;;;;;;;;;;;0.00;36.00;10.60;0.00;0.00;15.00;;;;;;;;;;;;;;;;;;;;;;0.00;2000.00;1;1;;;;;;;;;;;;;;;;;;;;;;;;3.10;0;0;0.00;0.00;;;;;68.00;68.00;68.00;;73.00;73.00;73.00;;66.00;66.00;67.00;;;;;;;;;;;;;0;3.00;3.90;1.60;6.60;8.90;1.50;3;36;-27;76;74;683.60;;;29084606;8.00;;;;;;23.00
1572987600000;2019-11-05T22:00:00.000+0100;;;;;;;;;-1.00;-0.10;375.60;375.70;375.70;11.00;16.00;17.00;24.00;;;;;24.00;24.00;;;;;;;;;0.0;;;;;;;;;;;;;;;;;;;;;;;;;;;;;;;;;;;;;;;;;;;;50.00;;;;;;;;;;;;;;;;;;;;;;;;;;;;;;;;;;;;;;36.00;41.00;35.00;12.00;;;;23.00;24.00;22.00;;;;;;;;;198.00;113.60;0.500;-0.800;;;;;;;;;;;;;0.000;;;;;;;;;;;48.00;48.00;48.00;;;;;;;;;60849;;;;;;;;;;;;;;0.000;;;;;;;;;;;;30.00;30.00;;;;;;;;;;;;;;0;0.00;0.00;;0.00;;3.00;-9.90;-27.30;;4.60;-12.40;;;;-6.90;;;;2.20;;;;0.40;2.20;0.50;4.00;0.60;2.20;0.90;4.00;0.60;24.00;24.00;0.00;24.00;;;;18.00;;;;32.00;;;;;;;;40.00;;;;;;;;;;;;47.00;;;;;;;;;;;;;;;;;;;;;;;;;;;;;;;;;;;;;;;;;;;;;;;;;;;;;;;;;;;;;;;;;;;;;;;;;;;;;;;;;;;;;;;;;;;;;;;;;;;;;;;;;;;;;;;;;;;;;;;;;;;;;;;;;;;;;;;;;;;;;;;;;;;;;;;;;;;;;;;;;;;;;;;;;;;;;;;;;;;;;;;;;;;;;;;;;;;;;;;;;;;;;;;;;;;;;;44.00;;;;;;;;;;;;;;;;;;;;;;;;;;;;;;;;;;;33.00;33.00;34.00;;;;;;;;;;;;;;38.00;37.00;39.00;;;;24.50;;;;;;;;;;;0.00;0.00;0.00;0.00;0.00;2.00;;;;;;;;;;;;;;;;;;;;;;0.00;0.00;11;11;;;;;;;;;;;;;;;;;;;;;;;;0.20;0;0;0.00;0.00;;;;;68.00;68.00;68.00;;73.00;73.00;73.00;;66.00;66.00;67.00;;;;;;;;;;;;;0;2.20;3.00;1.30;1.50;1.90;1.10;-13;-12;-28;69;59;155.30;;;29084606;8.00;;;;;;25.00
1572988200000;2019-11-05T22:10:00.000+0100;;;;;;;;;-1.00;-0.10;376.10;376.20;376.20;12.00;16.00;16.00;24.00;;;;;24.00;24.00;;;;;;;;;0.0;;;;;;;;;;;;;;;;;;;;;;;;;;;;;;;;;;;;;;;;;;;;50.00;;;;;;;;;;;;;;;;;;;;;;;;;;;;;;;;;;;;;;35.00;40.00;34.00;12.00;;;;23.00;24.00;22.00;;;;;;;;;200.10;143.60;0.400;-0.600;;;;;;;;;;;;;0.000;;;;;;;;;;;44.00;44.00;44.00;;;;;;;;;60849;;;;;;;;;;;;;;0.000;;;;;;;;;;;;30.00;30.00;;;;;;;;;;;;;;0;0.00;0.00;;0.00;;3.00;-5.70;-13.20;;3.70;-7.40;;;;-4.40;;;;2.40;;;;0.20;2.40;1.20;3.70;0.40;2.40;0.90;4.70;0.40;24.00;24.00;0.00;24.00;;;;18.00;;;;33.00;;;;;;;;39.00;;;;;;;;;;;;43.00;;;;;;;;;;;;;;;;;;;;;;;;;;;;;;;;;;;;;;;;;;;;;;;;;;;;;;;;;;;;;;;;;;;;;;;;;;;;;;;;;;;;;;;;;;;;;;;;;;;;;;;;;;;;;;;;;;;;;;;;;;;;;;;;;;;;;;;;;;;;;;;;;;;;;;;;;;;;;;;;;;;;;;;;;;;;;;;;;;;;;;;;;;;;;;;;;;;;;;;;;;;;;;;;;;;;;;42.00;;;;;;;;;;;;;;;;;;;;;;;;;;;;;;;;;;;34.00;34.00;34.00;;;;;;;;;;;;;;37.00;37.00;38.00;;;;15.50;;;;;;;;;;;0.00;0.00;0.00;0.00;0.00;2.00;;;;;;;;;;;;;;;;;;;;;;0.00;0.00;11;11;;;;;;;;;;;;;;;;;;;;;;;;0.10;0;0;0.00;0.00;;;;;68.00;68.00;68.00;;73.00;73.00;73.00;;66.00;66.00;66.00;;;;;;;;;;;;;0;2.40;3.10;1.90;1.70;1.90;1.40;-14;-13;-28;69;63;180.40;;;29084606;8.00;;;;;;23.00
1572988800000;2019-11-05T22:20:00.000+0100;;;;;;;;;-1.00;-0.10;376.20;376.40;376.40;12.00;16.00;16.00;24.00;;;;;24.00;24.00;;;;;;;;;0.0;;;;;;;;;;;;;;;;;;;;;;;;;;;;;;;;;;;;;;;;;;;;50.00;;;;;;;;;;;;;;;;;;;;;;;;;;;;;;;;;;;;;;35.00;39.00;34.00;11.00;;;;22.00;24.00;22.00;;;;;;;;;201.10;162.40;0.500;-0.600;;;;;;;;;;;;;0.000;;;;;;;;;;;42.00;41.00;42.00;;;;;;;;;60849;;;;;;;;;;;;;;0.000;;;;;;;;;;;;30.00;30.00;;;;;;;;;;;;;;0;0.00;0.00;;0.00;;3.00;-14.50;-14.50;;1.60;-17.00;;;;-13.40;;;;2.40;;;;0.20;2.40;1.20;3.70;0.30;2.40;1.50;4.20;0.30;24.00;24.00;0.00;24.00;;;;18.00;;;;34.00;;;;;;;;39.00;;;;;;;;;;;;41.00;;;;;;;;;;;;;;;;;;;;;;;;;;;;;;;;;;;;;;;;;;;;;;;;;;;;;;;;;;;;;;;;;;;;;;;;;;;;;;;;;;;;;;;;;;;;;;;;;;;;;;;;;;;;;;;;;;;;;;;;;;;;;;;;;;;;;;;;;;;;;;;;;;;;;;;;;;;;;;;;;;;;;;;;;;;;;;;;;;;;;;;;;;;;;;;;;;;;;;;;;;;;;;;;;;;;;;41.00;;;;;;;;;;;;;;;;;;;;;;;;;;;;;;;;;;;34.00;33.00;34.00;;;;;;;;;;;;;;37.00;36.00;37.00;;;;10.60;;;;;;;;;;;0.00;0.00;0.00;0.00;0.00;2.00;;;;;;;;;;;;;;;;;;;;;;0.00;0.00;11;11;;;;;;;;;;;;;;;;;;;;;;;;0.10;0;0;0.00;0.00;;;;;68.00;68.00;68.00;;73.00;73.00;73.00;;66.00;66.00;66.00;;;;;;;;;;;;;0;2.40;2.90;1.90;1.70;1.90;1.60;-14;-13;-28;69;55;180.70;;;29084606;8.00;;;;;;22.00
1572989400000;2019-11-05T22:30:00.000+0100;;;;;;;;;-1.00;-0.10;375.70;375.80;375.80;12.00;16.00;16.00;24.00;;;;;24.00;24.00;;;;;;;;;0.0;;;;;;;;;;;;;;;;;;;;;;;;;;;;;;;;;;;;;;;;;;;;50.00;;;;;;;;;;;;;;;;;;;;;;;;;;;;;;;;;;;;;;35.00;39.00;34.00;11.00;;;;22.00;24.00;22.00;;;;;;;;;164.20;133.70;0.400;-0.700;;;;;;;;;;;;;0.000;;;;;;;;;;;40.00;40.00;40.00;;;;;;;;;60850;;;;;;;;;;;;;;0.000;;;;;;;;;;;;30.00;30.00;;;;;;;;;;;;;;0;0.00;0.00;;0.00;;3.00;-24.50;-25.60;;0.80;-26.00;;;;-22.80;;;;2.40;;;;0.10;2.40;1.30;3.30;0.20;2.40;1.60;3.30;0.20;24.00;24.00;0.00;24.00;;;;18.00;;;;34.00;;;;;;;;39.00;;;;;;;;;;;;39.00;;;;;;;;;;;;;;;;;;;;;;;;;;;;;;;;;;;;;;;;;;;;;;;;;;;;;;;;;;;;;;;;;;;;;;;;;;;;;;;;;;;;;;;;;;;;;;;;;;;;;;;;;;;;;;;;;;;;;;;;;;;;;;;;;;;;;;;;;;;;;;;;;;;;;;;;;;;;;;;;;;;;;;;;;;;;;;;;;;;;;;;;;;;;;;;;;;;;;;;;;;;;;;;;;;;;;;40.00;;;;;;;;;;;;;;;;;;;;;;;;;;;;;;;;;;;33.00;33.00;33.00;;;;;;;;;;;;;;36.00;36.00;36.00;;;;5.30;;;;;;;;;;;0.00;0.00;0.00;0.00;0.00;1.90;;;;;;;;;;;;;;;;;;;;;;0.00;0.00;11;11;;;;;;;;;;;;;;;;;;;;;;;;0.10;0;0;0.00;0.00;;;;;68.00;68.00;68.00;;73.00;73.00;73.00;;66.00;66.00;66.00;;;;;;;;;;;;;0;2.40;2.70;1.90;1.50;1.60;1.30;-14;-13;-28;69;45;155.50;;;29084606;8.00;;;;;;21.00
1572990000000;2019-11-05T22:40:00.000+0100;;;;;;;;;-1.00;-0.10;376.10;376.30;376.30;12.00;16.00;16.00;24.00;;;;;24.00;24.00;;;;;;;;;0.0;;;;;;;;;;;;;;;;;;;;;;;;;;;;;;;;;;;;;;;;;;;;50.00;;;;;;;;;;;;;;;;;;;;;;;;;;;;;;;;;;;;;;35.00;39.00;34.00;11.00;;;;22.00;24.00;22.00;;;;;;;;;153.80;34.50;0.400;-0.700;;;;;;;;;;;;;0.000;;;;;;;;;;;39.00;39.00;39.00;;;;;;;;;60850;;;;;;;;;;;;;;0.000;;;;;;;;;;;;30.00;29.00;;;;;;;;;;;;;;0;0.00;0.00;;0.00;;3.00;-34.50;-36.10;;1.60;-36.30;;;;-33.30;;;;2.00;;;;0.30;2.00;0.90;3.20;0.40;2.00;0.90;3.10;0.40;24.00;24.00;0.00;24.00;;;;18.00;;;;31.00;;;;;;;;39.00;;;;;;;;;;;;38.00;;;;;;;;;;;;;;;;;;;;;;;;;;;;;;;;;;;;;;;;;;;;;;;;;;;;;;;;;;;;;;;;;;;;;;;;;;;;;;;;;;;;;;;;;;;;;;;;;;;;;;;;;;;;;;;;;;;;;;;;;;;;;;;;;;;;;;;;;;;;;;;;;;;;;;;;;;;;;;;;;;;;;;;;;;;;;;;;;;;;;;;;;;;;;;;;;;;;;;;;;;;;;;;;;;;;;;39.00;;;;;;;;;;;;;;;;;;;;;;;;;;;;;;;;;;;33.00;33.00;33.00;;;;;;;;;;;;;;36.00;35.00;36.00;;;;35.40;;;;;;;;;;;0.00;0.00;0.00;0.00;0.00;2.00;;;;;;;;;;;;;;;;;;;;;;0.00;0.00;11;11;;;;;;;;;;;;;;;;;;;;;;;;0.30;0;0;0.00;0.00;;;;;68.00;68.00;68.00;;73.00;73.00;73.00;;66.00;66.00;66.00;;;;;;;;;;;;;0;2.00;2.60;1.30;1.00;1.50;0.30;-14;-13;-28;69;34;106.00;;;29084606;8.00;;;;;;21.00
1572990600000;2019-11-05T22:50:00.000+0100;;;;;;;;;-1.00;-0.10;375.70;376.00;375.90;12.00;16.00;17.00;24.00;;;;;24.00;24.00;;;;;;;;;0.0;;;;;;;;;;;;;;;;;;;;;;;;;;;;;;;;;;;;;;;;;;;;50.00;;;;;;;;;;;;;;;;;;;;;;;;;;;;;;;;;;;;;;35.00;39.00;34.00;11.00;;;;22.00;24.00;21.00;;;;;;;;;91.50;41.20;0.400;-0.700;;;;;;;;;;;;;0.000;;;;;;;;;;;38.00;38.00;38.00;;;;;;;;;60850;;;;;;;;;;;;;;0.000;;;;;;;;;;;;30.00;29.00;;;;;;;;;;;;;;0;0.00;0.00;;0.00;;3.00;-48.00;-56.40;;2.30;-49.00;;;;-47.00;;;;2.20;;;;0.20;2.20;1.10;3.20;0.30;2.20;1.30;3.90;0.40;24.00;24.00;0.00;24.00;;;;18.00;;;;32.00;;;;;;;;39.00;;;;;;;;;;;;37.00;;;;;;;;;;;;;;;;;;;;;;;;;;;;;;;;;;;;;;;;;;;;;;;;;;;;;;;;;;;;;;;;;;;;;;;;;;;;;;;;;;;;;;;;;;;;;;;;;;;;;;;;;;;;;;;;;;;;;;;;;;;;;;;;;;;;;;;;;;;;;;;;;;;;;;;;;;;;;;;;;;;;;;;;;;;;;;;;;;;;;;;;;;;;;;;;;;;;;;;;;;;;;;;;;;;;;;38.00;;;;;;;;;;;;;;;;;;;;;;;;;;;;;;;;;;;33.00;33.00;33.00;;;;;;;;;;;;;;35.00;35.00;35.00;;;;11.80;;;;;;;;;;;0.00;0.00;0.00;0.00;0.00;2.00;;;;;;;;;;;;;;;;;;;;;;0.00;0.00;11;11;;;;;;;;;;;;;;;;;;;;;;;;0.10;0;0;0.00;0.00;;;;;68.00;68.00;68.00;;73.00;73.00;73.00;;66.00;66.00;66.00;;;;;;;;;;;;;0;2.20;2.80;1.70;0.60;0.90;0.40;-14;-13;-28;69;21;67.70;;;29084606;7.00;;;;;;21.00
1572991200000;2019-11-05T23:00:00.000+0100;;;;;;;;;-1.00;-0.10;375.70;376.00;375.80;12.00;16.00;17.00;24.00;;;;;24.00;24.00;;;;;;;;;0.0;;;;;;;;;;;;;;;;;;;;;;;;;;;;;;;;;;;;;;;;;;;;50.00;;;;;;;;;;;;;;;;;;;;;;;;;;;;;;;;;;;;;;35.00;38.00;34.00;11.00;;;;22.00;24.00;21.00;;;;;;;;;94.30;61.60;0.400;-0.600;;;;;;;;;;;;;0.000;;;;;;;;;;;37.00;37.00;37.00;;;;;;;;;60850;;;;;;;;;;;;;;0.000;;;;;;;;;;;;30.00;29.00;;;;;;;;;;;;;;0;0.00;0.00;;0.00;;3.00;-49.30;-50.00;;1.50;-49.80;;;;-48.30;;;;2.70;;;;0.20;2.70;1.80;4.20;0.30;2.70;1.80;4.20;0.30;24.00;24.00;0.00;24.00;;;;18.00;;;;33.00;;;;;;;;39.00;;;;;;;;;;;;37.00;;;;;;;;;;;;;;;;;;;;;;;;;;;;;;;;;;;;;;;;;;;;;;;;;;;;;;;;;;;;;;;;;;;;;;;;;;;;;;;;;;;;;;;;;;;;;;;;;;;;;;;;;;;;;;;;;;;;;;;;;;;;;;;;;;;;;;;;;;;;;;;;;;;;;;;;;;;;;;;;;;;;;;;;;;;;;;;;;;;;;;;;;;;;;;;;;;;;;;;;;;;;;;;;;;;;;;37.00;;;;;;;;;;;;;;;;;;;;;;;;;;;;;;;;;;;33.00;33.00;33.00;;;;;;;;;;;;;;34.00;34.00;35.00;;;;7.30;;;;;;;;;;;0.00;0.00;0.00;0.00;0.00;2.00;;;;;;;;;;;;;;;;;;;;;;0.00;0.00;11;11;;;;;;;;;;;;;;;;;;;;;;;;0.10;0;0;0.00;0.00;;;;;68.00;68.00;68.00;;73.00;72.00;73.00;;66.00;66.00;66.00;;;;;;;;;;;;;0;2.70;3.30;2.20;0.80;0.90;0.60;-14;-13;-28;69;20;79.70;;;29084606;7.00;;;;;;21.00
1572991800000;2019-11-05T23:10:00.000+0100;;;;;;;;;-1.00;-0.10;375.50;375.80;375.60;12.00;16.00;17.00;24.00;;;;;24.00;24.00;;;;;;;;;0.0;;;;;;;;;;;;;;;;;;;;;;;;;;;;;;;;;;;;;;;;;;;;50.00;;;;;;;;;;;;;;;;;;;;;;;;;;;;;;;;;;;;;;35.00;38.00;34.00;11.00;;;;22.00;24.00;21.00;;;;;;;;;90.60;13.80;0.400;-0.500;;;;;;;;;;;;;0.000;;;;;;;;;;;36.00;36.00;37.00;;;;;;;;;60850;;;;;;;;;;;;;;0.000;;;;;;;;;;;;30.00;29.00;;;;;;;;;;;;;;0;0.00;0.00;;0.00;;3.00;-53.00;-53.10;;2.30;-53.40;;;;-52.80;;;;2.60;;;;0.20;2.60;1.40;3.50;0.30;2.60;1.60;3.60;0.30;24.00;24.00;0.00;24.00;;;;18.00;;;;34.00;;;;;;;;39.00;;;;;;;;;;;;36.00;;;;;;;;;;;;;;;;;;;;;;;;;;;;;;;;;;;;;;;;;;;;;;;;;;;;;;;;;;;;;;;;;;;;;;;;;;;;;;;;;;;;;;;;;;;;;;;;;;;;;;;;;;;;;;;;;;;;;;;;;;;;;;;;;;;;;;;;;;;;;;;;;;;;;;;;;;;;;;;;;;;;;;;;;;;;;;;;;;;;;;;;;;;;;;;;;;;;;;;;;;;;;;;;;;;;;;36.00;;;;;;;;;;;;;;;;;;;;;;;;;;;;;;;;;;;33.00;33.00;33.00;;;;;;;;;;;;;;34.00;34.00;34.00;;;;24.30;;;;;;;;;;;0.00;0.00;0.00;0.00;0.00;1.80;;;;;;;;;;;;;;;;;;;;;;0.00;0.00;11;11;;;;;;;;;;;;;;;;;;;;;;;;0.20;0;0;0.00;0.00;;;;;68.00;68.00;68.00;;72.00;72.00;73.00;;66.00;66.00;66.00;;;;;;;;;;;;;0;2.60;3.00;2.10;0.50;0.90;0.10;-13;-13;-28;69;16;49.00;;;29084606;7.00;;;;;;20.00
1572992400000;2019-11-05T23:20:00.000+0100;;;;;;;;;-1.00;-0.10;376.40;376.60;376.40;12.00;16.00;17.00;24.00;;;;;24.00;24.00;;;;;;;;;0.0;;;;;;;;;;;;;;;;;;;;;;;;;;;;;;;;;;;;;;;;;;;;50.00;;;;;;;;;;;;;;;;;;;;;;;;;;;;;;;;;;;;;;34.00;38.00;34.00;11.00;;;;22.00;24.00;21.00;;;;;;;;;107.90;28.70;0.500;-0.700;;;;;;;;;;;;;0.000;;;;;;;;;;;36.00;36.00;36.00;;;;;;;;;60850;;;;;;;;;;;;;;0.000;;;;;;;;;;;;30.00;28.00;;;;;;;;;;;;;;0;0.00;0.00;;0.00;;3.00;-47.00;-55.20;;2.40;-49.30;;;;-45.40;;;;2.50;;;;0.20;2.50;1.40;3.50;0.30;2.50;1.40;3.50;0.30;24.00;24.00;0.00;24.00;;;;18.00;;;;34.00;;;;;;;;39.00;;;;;;;;;;;;35.00;;;;;;;;;;;;;;;;;;;;;;;;;;;;;;;;;;;;;;;;;;;;;;;;;;;;;;;;;;;;;;;;;;;;;;;;;;;;;;;;;;;;;;;;;;;;;;;;;;;;;;;;;;;;;;;;;;;;;;;;;;;;;;;;;;;;;;;;;;;;;;;;;;;;;;;;;;;;;;;;;;;;;;;;;;;;;;;;;;;;;;;;;;;;;;;;;;;;;;;;;;;;;;;;;;;;;;36.00;;;;;;;;;;;;;;;;;;;;;;;;;;;;;;;;;;;33.00;33.00;33.00;;;;;;;;;;;;;;34.00;33.00;34.00;;;;17.00;;;;;;;;;;;0.00;0.00;0.00;0.00;0.00;2.00;;;;;;;;;;;;;;;;;;;;;;0.00;0.00;11;11;;;;;;;;;;;;;;;;;;;;;;;;0.20;0;0;0.00;0.00;;;;;68.00;68.00;68.00;;72.00;72.00;73.00;;66.00;66.00;66.00;;;;;;;;;;;;;0;2.50;3.10;1.90;0.80;1.00;0.30;-14;-13;-28;69;22;80.80;;;29084606;7.00;;;;;;20.00
1572993000000;2019-11-05T23:30:00.000+0100;;;;;;;;;-1.00;-0.10;377.10;377.10;377.20;12.00;17.00;17.00;24.00;;;;;24.00;24.00;;;;;;;;;0.0;;;;;;;;;;;;;;;;;;;;;;;;;;;;;;;;;;;;;;;;;;;;50.00;;;;;;;;;;;;;;;;;;;;;;;;;;;;;;;;;;;;;;35.00;38.00;34.00;12.00;;;;22.00;24.00;21.00;;;;;;;;;223.30;92.30;0.800;-1.100;;;;;;;;;;;;;0.000;;;;;;;;;;;36.00;36.00;36.00;;;;;;;;;60851;;;;;;;;;;;;;;0.000;;;;;;;;;;;;29.00;28.00;;;;;;;;;;;;;;0;0.00;0.00;;0.00;;3.00;-33.00;-47.00;;2.20;-34.50;;;;-32.10;;;;2.70;;;;0.20;2.70;1.90;4.50;0.30;2.70;1.20;3.80;0.40;24.00;24.00;0.00;24.00;;;;18.00;;;;34.00;;;;;;;;39.00;;;;;;;;;;;;35.00;;;;;;;;;;;;;;;;;;;;;;;;;;;;;;;;;;;;;;;;;;;;;;;;;;;;;;;;;;;;;;;;;;;;;;;;;;;;;;;;;;;;;;;;;;;;;;;;;;;;;;;;;;;;;;;;;;;;;;;;;;;;;;;;;;;;;;;;;;;;;;;;;;;;;;;;;;;;;;;;;;;;;;;;;;;;;;;;;;;;;;;;;;;;;;;;;;;;;;;;;;;;;;;;;;;;;;35.00;;;;;;;;;;;;;;;;;;;;;;;;;;;;;;;;;;;33.00;33.00;34.00;;;;;;;;;;;;;;33.00;33.00;34.00;;;;44.50;;;;;;;;;;;0.00;0.00;0.00;0.00;0.00;3.00;;;;;;;;;;;;;;;;;;;;;;0.00;0.00;11;11;;;;;;;;;;;;;;;;;;;;;;;;0.40;0;0;0.00;0.00;;;;;68.00;68.00;68.00;;73.00;72.00;73.00;;66.00;66.00;66.00;;;;;;;;;;;;;0;2.70;3.20;2.20;1.30;2.10;0.90;-14;-12;-34;58;26;135.70;;;29084606;7.00;;;;;;21.00
1572993600000;2019-11-05T23:40:00.000+0100;;;;;;;;;-0.10;6.10;377.40;377.20;377.30;21.00;23.00;22.00;9.50;;;;;9.40;9.40;;;;;;;;;1.0;;;;;;;;;;;;;;;;;;;;;;;;;;;;;;;;;;;;;;;;;;;;50.00;;;;;;;;;;;;;;;;;;;;;;;;;;;;;;;;;;;;;;35.00;37.00;35.00;12.00;;;;22.00;24.00;22.00;;;;;;;;;927.20;214.30;29.600;-32.300;;;;;;;;;;;;;974.700;;;;;;;;;;;38.00;38.00;39.00;;;;;;;;;60851;;;;;;;;;;;;;;12.000;;;;;;;;;;;;29.00;28.00;;;;;;;;;;;;;;0;0.00;0.00;;0.00;;3.00;0.00;0.00;;2.70;-1.70;;;;0.60;;;;3.20;;;;0.30;3.20;1.50;5.00;0.50;3.30;1.60;5.00;0.50;-2.30;24.00;12.00;24.00;;;;18.00;;;;31.00;;;;;;;;39.00;;;;;;;;;;;;39.00;;;;;;;;;;;;;;;;;;;;;;;;;;;;;;;;;;;;;;;;;;;;;;;;;;;;;;;;;;;;;;;;;;;;;;;;;;;;;;;;;;;;;;;;;;;;;;;;;;;;;;;;;;;;;;;;;;;;;;;;;;;;;;;;;;;;;;;;;;;;;;;;;;;;;;;;;;;;;;;;;;;;;;;;;;;;;;;;;;;;;;;;;;;;;;;;;;;;;;;;;;;;;;;;;;;;;;37.00;;;;;;;;;;;;;;;;;;;;;;;;;;;;;;;;;;;34.00;34.00;34.00;;;;;;;;;;;;;;34.00;33.00;36.00;;;;330.10;;;;;;;;;;;0.00;61.40;12.20;0.00;0.00;18.80;;;;;;;;;;;;;;;;;;;;;;0.00;2000.00;1;1;;;;;;;;;;;;;;;;;;;;;;;;3.20;0;0;0.00;0.00;;;;;68.00;68.00;68.00;;73.00;73.00;73.00;;66.00;66.00;66.00;;;;;;;;;;;;;0;3.30;4.00;2.40;6.00;8.90;2.10;6;36;-33;31;31;620.50;;;29084606;7.00;;;;;;23.00
1572994200000;2019-11-05T23:50:00.000+0100;;;;;;;;;0.80;-33.70;376.40;376.40;376.40;58.00;55.00;54.00;-1.00;;;;;-1.00;-1.00;;;;;;;;;1.0;;;;;;;;;;;;;;;;;;;;;;;;;;;;;;;;;;;;;;;;;;;;50.00;;;;;;;;;;;;;;;;;;;;;;;;;;;;;;;;;;;;;;35.00;39.00;35.00;12.00;;;;22.00;24.00;22.00;;;;;;;;;922.80;915.60;35.800;-48.000;;;;;;;;;;;;;2000.000;;;;;;;;;;;45.00;45.00;45.00;;;;;;;;;60851;;;;;;;;;;;;;;50.700;;;;;;;;;;;;29.00;28.00;;;;;;;;;;;;;;0;0.00;0.00;;0.00;;3.00;-1.40;-11.10;;2.20;-3.00;;;;0.60;;;;3.70;;;;0.20;3.80;2.80;5.10;0.40;3.80;2.40;5.30;0.40;-1.20;-0.70;0.10;24.00;;;;18.00;;;;32.00;;;;;;;;40.00;;;;;;;;;;;;49.00;;;;;;;;;;;;;;;;;;;;;;;;;;;;;;;;;;;;;;;;;;;;;;;;;;;;;;;;;;;;;;;;;;;;;;;;;;;;;;;;;;;;;;;;;;;;;;;;;;;;;;;;;;;;;;;;;;;;;;;;;;;;;;;;;;;;;;;;;;;;;;;;;;;;;;;;;;;;;;;;;;;;;;;;;;;;;;;;;;;;;;;;;;;;;;;;;;;;;;;;;;;;;;;;;;;;;;44.00;;;;;;;;;;;;;;;;;;;;;;;;;;;;;;;;;;;34.00;34.00;34.00;;;;;;;;;;;;;;36.00;35.00;36.00;;;;1.10;;;;;;;;;;;26.90;69.80;11.70;0.00;0.00;11.70;;;;;;;;;;;;;;;;;;;;;;2000.00;2000.00;1;1;;;;;;;;;;;;;;;;;;;;;;;;0.00;0;0;0.00;0.00;;;;;68.00;68.00;68.00;;73.00;73.00;73.00;;66.00;66.00;66.00;;;;;;;;;;;;;0;3.80;4.30;3.30;8.80;8.90;8.80;51;70;27;29;27;920.10;;;29084616;7.00;;;;;;24.00
