Timestamp;DateTime;T Generatorkuehlluft;T Gear Bearing Temperatur HS-ROT;T Wellenlager;Scheinleistung;U ac;I ac;Operation Mode;Turmauslenkung;Grid Production CosPhi (avg);Blindleistung;Spannung L1-N;Spannung L2-N;Spannung L3-N;Strom L1;Strom L2;Strom L3;Pitch Angle 1 (avg);Gondelumdrehung;Generatordrehzahl;DC Modules;Windabweichung 1 sek;Pitch Angle 2 (avg);Pitch Angle 3 (avg);Blattwinkel 1 (Soll);Blattwinkel 2 (Soll);Blattwinkel 3 (Soll);cos phi (Soll);n-Soll 1;n-Soll 2;Drehmoment;Drehmoment (Soll);Max. Operatingstate;Gondelbild;Windabweichung 10 sek;Schnelllaufzahl;Digital 1;Digital 2;Leistungsschalter Zuschaltungen;Triebstr.beschleunigung;Turmbeschleunigung;Anlagenzustand;Gear Bearing High Speed Shaft Generator Temperature (avg);Hydraulikvordruck;T.1(202);T.2(205);T.3(208);T.4(211);T.5(214);T.6(217);T.7(220);T.8(224);T.9(227);T.10(231);T.11(234);Int.Temp.;T.Sub1(202);T.Sub2(205);T.Sub3(208);T.Sub4(211);T.Sub5(214);T.Sub6(217);T.Sub7(220);T.Sub8(224);T.Sub9(227);T.Sub10(231);T.Sub11(234);Intern T.Sub;Windg. 1+2;T. SAMI;A.Ein(236);A.Ein(239);A.Ein(242);A.Ein(245);A.Aus(400);A.Aus(404);Netz Freq.;Grid voltage;Drehstromsteller Soll;Deviation Wind Direction To Nacelle Direction (avg);Leistungsmittelwert 5 Sek;Leistungsmittelwert 30 Sek;zugeschaltete Blindleistung;Leistungsklasse;Zustand Blatt;Anzahl Komp. Stufen;T Stator;Subtotal Energy Generator 1;Subtotal Energy Generator 2;Subtotal Production Time Generator 1;Subtotal Production Time Generator 2;Subtotal Availability Total Hours;Subtotal Availability Total Error;Subtotal Availability;Subtotal Wind Average;Subtotal Wind Maximum;Subtotal Availability Wind OK Hours;Subtotal Availability Braked Hours;Subtotal Availability External Error Hours;Subtotal Availability Grid Error Hours;Total Energy Generator 1;Total Energy Generator 2;Total Production Time Generator 1;Total Production Time Generator 2;Total Availability Total Hours;Total Availability Total Error;Total Availability;Total Wind Average;Total Wind Maximum;Total Availability Wind OK Hours;Total Availability Braked Hours;Total Availability External Error Hours;Total Availability Grid Error Hours;Blattwinkel;T Hydraulic Oil;T Gear Oil;T Generator Cooling Water;T Spin;Generator Slip Ring Top Temperature (avg);FreeForReuse;T Spin Slip Ring;High Voltage Trafo Phase 1 Temperature (avg);High Voltage Trafo Phase 2 Temperature (avg);High Voltage Trafo Phase 3 Temperature (avg);Event;Event Modul;Air Pressure;Niederschlag;Wingeschwindigkeit (Extern);Windrichtungsabweichung Max;Windrichtungsabweichung Min;Windrichtungsabweichung (Extern);Generatordrehzahl Max;Generatordrehzahl Min;Blindleistung Max;Blindleistung Min;Netzspannung Max;Netzspannung Min;Netzstrom;Netzstrom Max;Netzstrom Min;Statorstrom;Blattwinkel Durchschnitt;Blattwinkel Max;Blattwinkel Min;Leistung Bezug;Scheinleistung Bezug;Scheinleistung Bezug Max;Active Power Reference Value;Reactive Power Reference Value;Schwingungssensor 1 X Achse Max;Schwingungssensor 1 Y Achse Max;Schwingungssensor 2 X Achse Max;Schwingungssensor 2 Y Achse Max;Energie Produktion;Energie Bezug;Blindenergie Produktion;Blindenergie Bezug;Gondelposition Sensor;Statortemperatur L1;Statortemperatur L2;Statortemperatur L3;Blatt1 Motortemperatur;Blatt2 Motortemperatur;Blatt3 Motortemperatur;Umrichter (Generator zu Gleich) Temperatur;Umrichter (Gleich zu Netz) Temperatur;Produktionsstunden;Bezugszaehler;Setpoint frequenzy;t (Total);t (Produktionsbetrieb);t (Innerhalb Windgrenzen);Setpoint voltage;Produktion Zaehler-Lebenszeit kWh;Exported active energy;Exported active energy (red. op-mode);Setpoint in percent;Setpoint active power in percent;Internal setpoint max power;Internal setpoint stop WTG;Internal setpoint start WTG;Betriebsstunden Gen. 1;Betriebsstunden Gen. 2;Grid Possible Power (avg);Air Density;Max. Grid Active Power (Setpoint);Min. Grid Active Power (Setpoint);Max. Possible Grid Active Power (Setpoint);Full Power Operation Time;Power Reduced Operation Time;Min. Operatingstate;Wind Speed 2;Wind Speed 3;Wind Direction 2;Relative Humidity;T Generator Bearing DE;T Generator Bearing NDE;Radiation Module [W/m2];Radiation Horizontal [W/m2];Module Temperature;Wind Speed 4;Wind Speed 5;Wind Speed 6;Wind Speed 7;Wind Speed 8;Wind Direction 3;Wind Direction 4;Temperature Outside 2;Availability Wind Sensor 1;Availability Wind Sensor 2;Active Wind Sector In Period LaPM / Boost);Sector Angle Begin In Period (LaPM / Boost);Sector Angle End In Period (LaPM / Boost);Sector Time In Period (LaPM / Boost);Wind Direction Leading To Power Management (LaPM / Boost);Number Of Currently Main Wind Sensor;Active Wind Sensor;Relative Wind Direction (avg);Relative Wind Direction (min);Relative Wind Direction (max);Relative Wind Direction (stddev);Relative Wind Direction Sensor 1 (avg);Relative Wind Direction Sensor 1 (min);Relative Wind Direction Sensor 1 (max);Relative Wind Direction Sensor 1 (stddev);Relative Wind Direction Sensor 2 (avg);Relative Wind Direction Sensor 2 (min);Relative Wind Direction Sensor 2 (max);Relative Wind Direction Sensor 2 (stddev);Estimated Wind Speed (avg);Estimated Wind Speed (min);Estimated Wind Speed (max);Estimated Wind Speed (stddev);Wind Speed (stddev);Wind Speed Sensor 1 (avg);Wind Speed Sensor 1 (min);Wind Speed Sensor 1 (max);Wind Speed Sensor 1 (stddev);Wind Speed Sensor 2 (avg);Wind Speed Sensor 2 (min);Wind Speed Sensor 2 (max);Wind Speed Sensor 2 (stddev);Pitch Angle 1 (min);Pitch Angle 1 (max);Pitch Angle 1 (stddev);Ground Controller Temperature (avg);Ground Controller Temperature (min);Ground Controller Temperature (max);Ground Controller Temperature (std);Hub Controller Temperature (avg);Hub Controller Temperature (min);Hub Controller Temperature (max);Hub Controller Temperature (stddev);Top Controller Temperature (avg);Top Controller Temperature (min);Top Controller Temperature (max);Top Controller Temperature (stddev);VCP Choke Coil Temperature (avg);VCP Choke Coil Temperature (min);VCP Choke Coil Temperature (max);VCP Choke Coil Temperature (stddev);VCP Temperature (avg);VCP Temperature (min);VCP Temperature (max);VCP Temperature (stddev);VCP Wtr Temperatur (avg);VCP Wtr Temperatur (min);VCP Wtr Temperatur (max);VCP Wtr Temperatur (stddev);Gear Bearing Temperature A (avg);Gear Bearing Temperature A (min);Gear Bearing Temperature A (max);Gear Bearing Temperature A (stddev);Gear Bearing Temperature B (avg);Gear Bearing Temperature B (min);Gear Bearing Temperature B (max);Fermenter Niveau;Fermenter Druck;Fermenter ph-Wert;Fermenter Redoxpotential;Fermenter Temperatur 1;Fermenter Gasanalyse CO2;Fermenter Gasanalyse H2S;Fermenter Gasanalyse CH4;Fermenter Gasanalyse O2;Fermenter TS-Gehalt;Fermenter oTS-Gehalt;Fermenter1 Niveau;Fermenter1 Druck;Fermenter1 ph-Wert;Fermenter1 Redoxpotential;Fermenter1 Temperatur 1;Fermenter1 Gasanalyse CO2;Fermenter1 Gasanalyse H2S;Fermenter1 Gasanalyse CH4;Fermenter1 Gasanalyse O2;Fermenter1 TS-Gehalt;Fermenter1 oTS-Gehalt;Fermenter2 Niveau;Fermenter2 Druck;Fermenter2 ph-Wert;Fermenter2 Redoxpotential;Fermenter2 Temperatur 1;Fermenter2 Gasanalyse CO2;Fermenter2 Gasanalyse H2S;Fermenter2 Gasanalyse CH4;Fermenter2 Gasanalyse O2;Fermenter2 TS-Gehalt;Fermenter2 oTS-Gehalt;Fermenter3 Niveau;Fermenter3 Druck;Fermenter3 ph-Wert;Fermenter3 Redoxpotential;Fermenter3 Temperatur 1;Fermenter3 Gasanalyse CO2;Fermenter3 Gasanalyse H2S;Fermenter3 Gasanalyse CH4;Fermenter3 Gasanalyse O2;Fermenter3 TS-Gehalt;Fermenter3 oTS-Gehalt;Fermenter4 Niveau;Fermenter4 Druck;Fermenter4 ph-Wert;Fermenter4 Redoxpotential;Fermenter4 Temperatur 1;Fermenter4 Gasanalyse CO2;Fermenter4 Gasanalyse H2S;Fermenter4 Gasanalyse CH4;Fermenter4 Gasanalyse O2;Fermenter4 TS-Gehalt;Fermenter4 oTS-Gehalt;Fermenter5 Niveau;Fermenter5 Druck;Fermenter5 ph-Wert;Fermenter5 Redoxpotential;Fermenter5 Temperatur 1;Fermenter5 Gasanalyse CO2;Fermenter5 Gasanalyse H2S;Fermenter5 Gasanalyse CH4;Fermenter5 Gasanalyse O2;Fermenter5 TS-Gehalt;Fermenter5 oTS-Gehalt;Nachgaerer Niveau;Nachgaerer Kopfdruckmessung;Nachgaerer Temperatur 1;Nachgaerer TS-Gehalt;Nachgaerer oTS-Gehalt;Nachgaerer1 Niveau;Nachgaerer1 Kopfdruckmessung;Nachgaerer1 Temperatur 1;Nachgaerer1 TS-Gehalt;Nachgaerer1 oTS-Gehalt;Nachgaerer2 Niveau;Nachgaerer2 Kopfdruckmessung;Nachgaerer2 Temperatur 1;Nachgaerer2 TS-Gehalt;Nachgaerer2 oTS-Gehalt;Nachgaerer3 Niveau;Nachgaerer3 Kopfdruckmessung;Nachgaerer3 Temperatur 1;Nachgaerer3 TS-Gehalt;Nachgaerer3 oTS-Gehalt;Nachgaerer4 Niveau;Nachgaerer4 Kopfdruckmessung;Nachgaerer4 Temperatur 1;Nachgaerer4 TS-Gehalt;Nachgaerer4 oTS-Gehalt;Nachgaerer5 Niveau;Nachgaerer5 Kopfdruckmessung;Nachgaerer5 Temperatur 1;Nachgaerer5 TS-Gehalt;Nachgaerer5 oTS-Gehalt;Rohstofflager Fuellstand;Rohstofflager TS-Gehalt;Rohstofflager oTS-Gehalt;Gasspeicher Fuellstand 1;Gasspeicher Gasdruck;Gasspeicher Temperatur;Gasspeicher1 Fuellstand 1;Gasspeicher1 Gasdruck;Gasspeicher1 Temperatur;Gasspeicher2 Fuellstand 1;Gasspeicher2 Gasdruck;Gasspeicher2 Temperatur;Gasspeicher3 Fuellstand 1;Gasspeicher3 Gasdruck;Gasspeicher3 Temperatur;Gasspeicher4 Fuellstand 1;Gasspeicher4 Gasdruck;Gasspeicher4 Temperatur;Gasspeicher5 Fuellstand 1;Gasspeicher5 Gasdruck;Gasspeicher5 Temperatur;BHKW Leistung;BHKW Gasdurchfluss;BHKW Vorlauftemperatur Fermenter;BHKW Ruecklauftemperatur Fermenter;BHKW Gasanalyse CO2;BHKW Gasanalyse H2S;BHKW Gasanalyse O2;BHKW Gasanalyse CH4;BHKW Gasanalyse H2;BHKW1 Leistung;BHKW1 Gasdurchfluss;BHKW1 Vorlauftemperatur Fermenter;BHKW1 Ruecklauftemperatur Fermenter;BHKW1 Gasanalyse CO2;BHKW1 Gasanalyse H2S;BHKW1 Gasanalyse O2;BHKW1 Gasanalyse CH4;BHKW1 Gasanalyse H2;BHKW2 Leistung;BHKW2 Gasdurchfluss;BHKW2 Vorlauftemperatur Fermenter;BHKW2 Ruecklauftemperatur Fermenter;BHKW2 Gasanalyse CO2;BHKW2 Gasanalyse H2S;BHKW2 Gasanalyse O2;BHKW2 Gasanalyse CH4;BHKW2 Gasanalyse H2;BHKW3 Leistung;BHKW3 Gasdurchfluss;BHKW3 Vorlauftemperatur Fermenter;BHKW3 Ruecklauftemperatur Fermenter;BHKW3 Gasanalyse CO2;BHKW3 Gasanalyse H2S;BHKW3 Gasanalyse O2;BHKW3 Gasanalyse CH4;BHKW3 Gasanalyse H2;BHKW4 Leistung;BHKW4 Gasdurchfluss;BHKW4 Vorlauftemperatur Fermenter;BHKW4 Ruecklauftemperatur Fermenter;BHKW4 Gasanalyse CO2;BHKW4 Gasanalyse H2S;BHKW4 Gasanalyse O2;BHKW4 Gasanalyse CH4;BHKW4 Gasanalyse H2;BHKW5 Leistung;BHKW5 Gasdurchfluss;BHKW5 Vorlauftemperatur Fermenter;BHKW5 Ruecklauftemperatur Fermenter;BHKW5 Gasanalyse CO2;BHKW5 Gasanalyse H2S;BHKW5 Gasanalyse O2;BHKW5 Gasanalyse CH4;BHKW5 Gasanalyse H2;ZM-Pumpe Druckmessung;ZM-Pumpe Temperatur;ZM-Pumpe Durchflussmessung;Durchflussmenge;Leitapparat;Oberpegel;Pegel;BHKW Gesamtleistungsbezug Eigenbedarf;BHKW Gasverbrauch heute;BHKW Gasverbrauch gesamt;Fuellstand Vorgrube;Niederschlag max;Niederschlag min;T Mittelspannungstrafo Windung U ;T Mittelspannungstrafo Windung V;T Mittelspannungstrafo Windung W ;T Mittelspannungstrafo Umbegung;Ice Level;External setpoint power factor;Free For Reuse;Water Flow Rate;Upstream Water Level;Downstream Water Level;Weir Water Level;Setpoint power from grid operator;Setpoint power from direct marketer;Setpoint power from customer;Vmin;Vmax;Vout;Iout;%Wout;Freq;%Cap;Vbat;TupsC;%VAout;Setpoint active power controller;Wind Average of Running plants;Gear Bearing Temperature B (stddev);Gear Bearing Temperature C (avg);Gear Bearing Temperature C (min);Gear Bearing Temperature C (max);Gear Bearing Temperature C (stddev);Gear Bearing Hollow Shaft Generator Temperature (avg);Gear Bearing Hollow Shaft Generator Temperature (min);Gear Bearing Hollow Shaft Generator Temperature (max);Gear Bearing Hollow Shaft Generator Temperature (stddev);Gear Bearing Hollow Shaft Rotor Temperature (avg);Gear Bearing Hollow Shaft Rotor Temperature (min);Gear Bearing Hollow Shaft Rotor Temperature (max);Gear Bearing Hollow Shaft Rotor Temperature (stddev);Gear Bearing High Speed Generator Temperature (min);Gear Bearing High Speed Generator Temperature (max);Gear Bearing High Speed Generator Temperature (stddev);Gear Bearing High Speed Middle Temperature (avg);Gear Bearing High Speed Middle Temperature (min);Gear Bearing High Speed Middle Temperature (max);Gear Bearing High Speed Middle Temperature (stddev);Gear Bearing High Speed Rotor Temperature (avg);Gear Bearing High Speed Rotor Temperature (min);Gear Bearing High Speed Rotor Temperature (max);Gear Bearing High Speed Rotor Temperature (stddev);Gear Bearing Intermediate Shaft 1 Temperature (avg);Gear Bearing Intermediate Shaft 1 Temperature (min);Gear Bearing Intermediate Shaft 1 Temperature (max);Gear Bearing Intermediate Shaft 1 Temperature (stddev);Gear Bearing Intermediate Shaft 2 Temperature (avg);Gear Bearing Intermediate Shaft 2 Temperature (min);Gear Bearing Intermediate Shaft 2 Temperature (max);Gear Bearing Intermediate Shaft 2 Temperature (stddev);Gear Bearing Intermediate Shaft 3 Temperature (avg);Gear Bearing Intermediate Shaft 3 Temperature (min);Gear Bearing Intermediate Shaft 3 Temperature (max);Gear Bearing Intermediate Shaft 3 Temperature (stddev);Gear Cooling Water Temperature (avg);Gear Cooling Water Temperature (min);Gear Cooling Water Temperature (max);Gear Cooling Water Temperature (stddev);Gear Lubrication Oil Temperature (avg);Gear Lubrication Oil Temperature (min);Gear Lubrication Oil Temperature (max);Gear Lubrication Oil Temperature (stddev);Gear Main Bearing Temperature (avg);Gear Main Bearing Temperature (min);Gear Main Bearing Temperature (max);Gear Main Bearing Temperature (stddev);Gear Main Tank Oil Temperature (avg);Gear Main Tank Oil Temperature (min);Gear Main Tank Oil Temperature (max);Gear Main Tank Oil Temperature (stddev);Gear Oil Inlet Temperature (avg);Gear Oil Inlet Temperature (min);Gear Oil Inlet Temperature (max);Gear Oil Inlet Temperature (stddev);Generator RPM (min);Generator RPM (max);Generator RPM (stddev);Generator Slip Ring Top Temperature (min);Generator Slip Ring Top Temperature (max);Generator Slip Ring Top Temperature (stddev);Grid Busbar Temperature (avg);Grid Busbar Temperature (min);Grid Busbar Temperature (max);Grid Busbar Temperature (stddev);Grid Production CosPhi (min);Grid Production CosPhi (max);Grid Production CosPhi (stddev);Grid Possible Power (min);Grid Possible Power (max);Grid Possible Power (stddev);Grid Produced Power Internal Derate State;Grid Produced Power Internal Derate Time;Grid Produced Power Standard Deviation;Grid Rotor (Inverter) Phase 1 Current (avg);Grid Rotor (Inverter) Phase 1 Current (min);Grid Rotor (Inverter) Phase 1 Current (max);Grid Rotor (Inverter) Phase 1 Current (stddec);Grid Rotor (Inverter) Phase 1 Temperature (avg);Grid Rotor (Inverter) Phase 2 Current (avg);Grid Rotor (Inverter) Phase 2 Current (min);Grid Rotor (Inverter) Phase 2 Current (max);Grid Rotor (Inverter) Phase 2 Current (stddev);Grid Rotor (Inverter) Phase 2 Temperature (avg);Grid Rotor (Inverter) Phase 2 Temperature (min);Grid Rotor (Inverter) Phase 2 Temperature (max);Grid Rotor (Inverter) Phase 2 Temperature (stddev);Grid Rotor (Inverter) Phase 3 Current (avg);Grid Rotor (Inverter) Phase 3 Current (min);Grid Rotor (Inverter) Phase 3 Current (max);Grid Rotor (Inverter) Phase 3 Current (stddev);Grid Rotor (Inverter) Phase 3 Temperature (avg);Grid Rotor (Inverter) Phase 3 Temperature (min);Grid Rotor (Inverter) Phase 3 Temperature (max);Grid Rotor (Inverter) Phase 3 Temperature (stddev);Active Power Reference Value (min);Active Power Reference Value (max);Active Power Setting Source;Reactive Power Setting Source;VCRS Chopper Temperature (avg);High Voltage Trafo Air Outlet Temperature (avg);High Voltage Trafo Core Temperature 1 (avg);High Voltage Trafo Core Temperature 1 (min);High Voltage Trafo Core Temperature 1 (max);High Voltage Trafo Core Temperature 1 (stddev);High Voltage Trafo Core Temperature 2 (avg);High Voltage Trafo Core Temperature 2 (min);High Voltage Trafo Core Temperature 2 (max);High Voltage Trafo Core Temperature 2 (stddev);High Voltage Trafo Phase 1 Temperature (min);High Voltage Trafo Phase 1 Temperature (max);High Voltage Trafo Phase 1 Temperature (stddev);High Voltage Trafo Phase 2 Temperature (min);High Voltage Trafo Phase 2 Temperature (max);High Voltage Trafo Phase 2 Temperature (stddev);High Voltage Trafo Phase 3 Temperature (min);High Voltage Trafo Phase 3 Temperature (max);High Voltage Trafo Phase 3 Temperature (stddev);Nacelle Damper Temperature (avg);Nacelle Damper Temperature (min);Nacelle Damper Temperature (max);Nacelle Damper Temperature (stddev);Rotor RPM (stddev);First Active Alarm Parameter 1;First Active Alarm Parameter 2;Tower Acceleration X Axis;Tower Acceleration Y Axis;Yaw Motors Temperature (avg);Yaw Motors Temperature (min);Yaw Motors Temperature (max);Yaw Motors Temperature (stddev);High Voltage Trafo Phase 1 Core Temperature (avg);High Voltage Trafo Phase 1 Core Temperature (min);High Voltage Trafo Phase 1 Core Temperature (max);High Voltage Trafo Phase 1 Core Temperature (stddev);High Voltage Trafo Phase 2 Core Temperature (avg);High Voltage Trafo Phase 2 Core Temperature (min);High Voltage Trafo Phase 2 Core Temperature (max);High Voltage Trafo Phase 2 Core Temperature (stddev);High Voltage Trafo Phase 3 Core Temperature (avg);High Voltage Trafo Phase 3 Core Temperature (min);High Voltage Trafo Phase 3 Core Temperature (max);High Voltage Trafo Phase 3 Core Temperature (stddev);PowerBoost gain (absolute) [kWh];Nacelle Orientation (max) [degrees];Nacelle Orientation (min) [degrees];Regulator power reference [kW];DMI power demand [kW];Utility power demand [kW];Visibility Range (avg);Visibility Range (min);Visibility Range (max);T Outside Ground Level (avg);Calculated By ROTORsoft;Fehlernummer;Windgeschwindigkeit;Windgeschwindigkeit Max;Windgeschwindigkeit Min;Rotor RPM (avg);Rotor RPM (max);Rotor RPM (min);Leistung;Leistung Max;Leistung Min;Gondelposition;Windrichtung;Generator RPM (avg);Stop Fault;Schwingung;Produktion Zaehler;T Outside Nacelle Level (avg);T Gen1;T Gen2;T Getriebe;T Lager A;T Lager B;T Inside Nacelle (avg)
1576623600000;2019-12-18T00:00:00.000+0100;;;;;;;;;1.00;63.20;379.00;379.70;379.20;840.00;832.00;830.00;-2.20;;;;;-2.20;-2.20;;;;;;;;;1.0;;;;;;;;;;;;;;;;;;;;;;;;;;;;;;;;;;;;;;;;;;;;50.00;;;;;;;;;;;;;;;;;;;;;;;;;;;;;;;;;;;;;;38.00;54.00;36.00;13.00;;;;46.00;47.00;45.00;;;;;;;;;1570.60;946.90;104.500;17.900;;;;;;;;;;;;;2000.100;0.000;;;;;;;;;;78.00;76.00;78.00;;;;;;;;;69705;;;;;;;;;;;;;;946.800;;;;;;;;;;;;37.00;44.00;;;;;;;;;;;;;;0;0.00;0.00;;199.60;;3.00;0.80;-17.80;;4.70;2.40;;;;-0.40;;;;8.10;;;;1.30;8.10;2.90;10.90;1.40;8.10;3.20;10.80;1.40;-2.40;-1.30;0.20;24.00;;;;20.00;;;;31.00;;;;;;;;28.00;;;;;;;;;;;;55.00;;;;;;;;;;;;;;;;;;;;;;;;;;;;;;;;;;;;;;;;;;;;;;;;;;;;;;;;;;;;;;;;;;;;;;;;;;;;;;;;;;;;;;;;;;;;;;;;;;;;;;;;;;;;;;;;;;;;;;;;;;;;;;;;;;;;;;;;;;;;;;;;;;;;;;;;;;;;;;;;;;;;;;;;;;;;;;;;;;;;;;;;;;;;;;;;;;;;;;;;;;;;;;;;;;;;;;53.00;;;;;;;;;;;;;;;;;;;;;;;;;;;;;;;;;;;35.00;35.00;36.00;;;;;;;;;;;;;;45.00;45.00;46.00;;;;157.60;;;;;;;;;;;270.90;1572.70;301.80;0.00;0.00;301.60;;;;;;;;;;;;;;;;;;;;;;2000.10;2000.10;1;1;;;;;;;;;;;;;;;;;;;;;;;;1.50;0;0;0.00;0.00;;;;;81.00;80.00;81.00;;86.00;86.00;86.00;;77.00;77.00;77.00;;;;;;;;;;;;;0;8.10;9.80;3.90;14.00;14.90;9.00;946;1560;272;190;191;1464.00;;;26464344;12.00;;;;;;25.00
1576624200000;2019-12-18T00:10:00.000+0100;;;;;;;;;1.00;91.20;378.70;379.30;378.70;1213.00;1201.00;1200.00;-2.00;;;;;-2.00;-2.00;;;;;;;;;1.0;;;;;;;;;;;;;;;;;;;;;;;;;;;;;;;;;;;;;;;;;;;;50.00;;;;;;;;;;;;;;;;;;;;;;;;;;;;;;;;;;;;;;38.00;55.00;37.00;13.00;;;;47.00;48.00;46.00;;;;;;;;;1575.90;1523.10;114.600;63.600;;;;;;;;;;;;;2000.100;0.000;;;;;;;;;;80.00;78.00;81.00;;;;;;;;;69705;;;;;;;;;;;;;;1366.100;;;;;;;;;;;;38.00;44.00;;;;;;;;;;;;;;0;0.00;0.00;;190.20;;3.00;0.70;-2.70;;0.70;2.00;;;;-1.00;;;;9.30;;;;0.60;9.20;6.10;11.70;0.90;9.30;6.20;12.30;0.80;-2.40;-1.60;0.30;24.00;;;;20.00;;;;31.00;;;;;;;;28.00;;;;;;;;;;;;56.00;;;;;;;;;;;;;;;;;;;;;;;;;;;;;;;;;;;;;;;;;;;;;;;;;;;;;;;;;;;;;;;;;;;;;;;;;;;;;;;;;;;;;;;;;;;;;;;;;;;;;;;;;;;;;;;;;;;;;;;;;;;;;;;;;;;;;;;;;;;;;;;;;;;;;;;;;;;;;;;;;;;;;;;;;;;;;;;;;;;;;;;;;;;;;;;;;;;;;;;;;;;;;;;;;;;;;;54.00;;;;;;;;;;;;;;;;;;;;;;;;;;;;;;;;;;;36.00;36.00;36.00;;;;;;;;;;;;;;46.00;45.00;46.00;;;;8.10;;;;;;;;;;;939.30;1728.20;162.30;0.00;0.00;161.30;;;;;;;;;;;;;;;;;;;;;;2000.10;2000.10;1;1;;;;;;;;;;;;;;;;;;;;;;;;0.00;0;0;0.00;0.00;;;;;81.00;80.00;81.00;;86.00;86.00;86.00;;77.00;77.00;77.00;;;;;;;;;;;;;0;9.30;10.80;6.90;14.90;15.20;14.60;1366;1702;958;189;190;1549.70;;;26464572;13.00;;;;;;24.00
1576624800000;2019-12-18T00:20:00.000+0100;;;;;;;;;1.00;90.20;379.40;380.10;379.40;1199.00;1187.00;1186.00;-2.10;;;;;-2.10;-2.10;;;;;;;;;1.0;;;;;;;;;;;;;;;;;;;;;;;;;;;;;;;;;;;;;;;;;;;;50.00;;;;;;;;;;;;;;;;;;;;;;;;;;;;;;;;;;;;;;38.00;56.00;37.00;13.00;;;;49.00;50.00;48.00;;;;;;;;;1565.80;1529.40;108.000;73.300;;;;;;;;;;;;;2000.100;0.000;;;;;;;;;;83.00;80.00;83.00;;;;;;;;;69705;;;;;;;;;;;;;;1352.200;;;;;;;;;;;;38.00;44.00;;;;;;;;;;;;;;0;0.00;0.00;;189.10;;3.00;-0.40;-1.40;;0.80;1.10;;;;-2.00;;;;9.20;;;;0.40;9.10;6.70;11.70;0.70;9.30;6.50;12.50;0.70;-2.30;-1.60;0.20;24.00;;;;20.00;;;;33.00;;;;;;;;28.00;;;;;;;;;;;;56.00;;;;;;;;;;;;;;;;;;;;;;;;;;;;;;;;;;;;;;;;;;;;;;;;;;;;;;;;;;;;;;;;;;;;;;;;;;;;;;;;;;;;;;;;;;;;;;;;;;;;;;;;;;;;;;;;;;;;;;;;;;;;;;;;;;;;;;;;;;;;;;;;;;;;;;;;;;;;;;;;;;;;;;;;;;;;;;;;;;;;;;;;;;;;;;;;;;;;;;;;;;;;;;;;;;;;;;54.00;;;;;;;;;;;;;;;;;;;;;;;;;;;;;;;;;;;36.00;36.00;36.00;;;;;;;;;;;;;;46.00;46.00;46.00;;;;5.70;;;;;;;;;;;1083.70;1628.20;87.70;0.00;0.00;86.80;;;;;;;;;;;;;;;;;;;;;;2000.10;2000.10;1;1;;;;;;;;;;;;;;;;;;;;;;;;0.00;0;0;0.00;0.00;;;;;81.00;81.00;81.00;;86.00;86.00;86.00;;77.00;77.00;77.00;;;;;;;;;;;;;0;9.20;10.50;8.20;14.90;14.90;14.60;1352;1625;1108;187;187;1550.00;;;26464798;13.00;;;;;;24.00
1576625400000;2019-12-18T00:30:00.000+0100;;;;;;;;;1.00;99.00;381.40;382.10;381.30;1308.00;1296.00;1295.00;-2.00;;;;;-2.00;-2.00;;;;;;;;;1.0;;;;;;;;;;;;;;;;;;;;;;;;;;;;;;;;;;;;;;;;;;;;50.00;;;;;;;;;;;;;;;;;;;;;;;;;;;;;;;;;;;;;;38.00;56.00;37.00;13.00;;;;51.00;52.00;50.00;;;;;;;;;1567.00;1535.00;121.500;82.200;;;;;;;;;;;;;2000.100;0.000;;;;;;;;;;84.00;82.00;84.00;;;;;;;;;69706;;;;;;;;;;;;;;1483.900;;;;;;;;;;;;38.00;44.00;;;;;;;;;;;;;;0;0.00;0.00;;182.90;;3.00;0.20;-0.40;;1.00;1.20;;;;-1.80;;;;9.60;;;;0.40;9.30;7.30;11.80;0.70;9.50;6.60;12.50;0.80;-2.30;-1.40;0.20;24.00;;;;20.00;;;;34.00;;;;;;;;28.00;;;;;;;;;;;;57.00;;;;;;;;;;;;;;;;;;;;;;;;;;;;;;;;;;;;;;;;;;;;;;;;;;;;;;;;;;;;;;;;;;;;;;;;;;;;;;;;;;;;;;;;;;;;;;;;;;;;;;;;;;;;;;;;;;;;;;;;;;;;;;;;;;;;;;;;;;;;;;;;;;;;;;;;;;;;;;;;;;;;;;;;;;;;;;;;;;;;;;;;;;;;;;;;;;;;;;;;;;;;;;;;;;;;;;55.00;;;;;;;;;;;;;;;;;;;;;;;;;;;;;;;;;;;36.00;36.00;36.00;;;;;;;;;;;;;;46.00;46.00;46.00;;;;6.00;;;;;;;;;;;1224.30;1828.60;114.10;0.00;0.00;113.70;;;;;;;;;;;;;;;;;;;;;;2000.10;2000.10;1;1;;;;;;;;;;;;;;;;;;;;;;;;0.00;0;0;0.00;0.00;;;;;81.00;81.00;81.00;;86.00;86.00;86.00;;77.00;77.00;78.00;;;;;;;;;;;;;0;9.40;10.50;8.20;14.90;14.90;14.60;1484;1806;1243;183;184;1550.00;;;26465044;12.00;;;;;;24.00
1576626000000;2019-12-18T00:40:00.000+0100;;;;;;;;;1.00;102.30;380.20;381.00;380.20;1355.00;1342.00;1341.00;-1.90;;;;;-1.90;-1.90;;;;;;;;;1.0;;;;;;;;;;;;;;;;;;;;;;;;;;;;;;;;;;;;;;;;;;;;50.00;;;;;;;;;;;;;;;;;;;;;;;;;;;;;;;;;;;;;;39.00;56.00;37.00;13.00;;;;54.00;55.00;53.00;;;;;;;;;1579.80;1518.00;140.900;64.400;;;;;;;;;;;;;2000.100;0.000;;;;;;;;;;86.00;83.00;86.00;;;;;;;;;69706;;;;;;;;;;;;;;1529.600;;;;;;;;;;;;38.00;44.00;;;;;;;;;;;;;;0;0.00;0.00;;182.80;;3.00;-1.00;-1.50;;0.40;0.50;;;;-2.40;;;;9.70;;;;0.60;9.40;6.70;13.30;1.00;9.60;7.00;12.60;0.90;-2.40;-0.60;0.40;24.00;;;;20.00;;;;35.00;;;;;;;;28.00;;;;;;;;;;;;57.00;;;;;;;;;;;;;;;;;;;;;;;;;;;;;;;;;;;;;;;;;;;;;;;;;;;;;;;;;;;;;;;;;;;;;;;;;;;;;;;;;;;;;;;;;;;;;;;;;;;;;;;;;;;;;;;;;;;;;;;;;;;;;;;;;;;;;;;;;;;;;;;;;;;;;;;;;;;;;;;;;;;;;;;;;;;;;;;;;;;;;;;;;;;;;;;;;;;;;;;;;;;;;;;;;;;;;;55.00;;;;;;;;;;;;;;;;;;;;;;;;;;;;;;;;;;;36.00;36.00;37.00;;;;;;;;;;;;;;47.00;46.00;48.00;;;;10.10;;;;;;;;;;;955.20;1994.70;199.00;0.00;0.00;204.40;;;;;;;;;;;;;;;;;;;;;;2000.10;2000.10;1;1;;;;;;;;;;;;;;;;;;;;;;;;0.00;0;0;0.00;0.00;;;;;81.00;81.00;82.00;;87.00;86.00;87.00;;78.00;78.00;78.00;;;;;;;;;;;;;0;9.50;11.50;7.90;14.90;15.20;14.60;1532;2110;975;184;183;1550.00;;;26465298;13.00;;;;;;25.00
1576626600000;2019-12-18T00:50:00.000+0100;;;;;;;;;1.00;93.90;380.20;380.90;380.20;1245.00;1233.00;1231.00;-2.10;;;;;-2.10;-2.10;;;;;;;;;1.0;;;;;;;;;;;;;;;;;;;;;;;;;;;;;;;;;;;;;;;;;;;;50.00;;;;;;;;;;;;;;;;;;;;;;;;;;;;;;;;;;;;;;39.00;55.00;37.00;13.00;;;;56.00;57.00;55.00;;;;;;;;;1570.60;1531.20;115.100;70.400;;;;;;;;;;;;;2000.100;0.000;;;;;;;;;;87.00;84.00;87.00;;;;;;;;;69706;;;;;;;;;;;;;;1406.800;;;;;;;;;;;;38.00;44.00;;;;;;;;;;;;;;0;0.00;0.00;;183.60;;3.00;2.30;-1.00;;0.40;3.90;;;;0.40;;;;9.40;;;;0.50;9.10;7.00;12.10;0.70;9.30;6.70;12.50;0.70;-2.40;-1.70;0.20;24.00;;;;20.00;;;;32.00;;;;;;;;28.00;;;;;;;;;;;;57.00;;;;;;;;;;;;;;;;;;;;;;;;;;;;;;;;;;;;;;;;;;;;;;;;;;;;;;;;;;;;;;;;;;;;;;;;;;;;;;;;;;;;;;;;;;;;;;;;;;;;;;;;;;;;;;;;;;;;;;;;;;;;;;;;;;;;;;;;;;;;;;;;;;;;;;;;;;;;;;;;;;;;;;;;;;;;;;;;;;;;;;;;;;;;;;;;;;;;;;;;;;;;;;;;;;;;;;55.00;;;;;;;;;;;;;;;;;;;;;;;;;;;;;;;;;;;36.00;36.00;36.00;;;;;;;;;;;;;;47.00;47.00;48.00;;;;6.30;;;;;;;;;;;1043.90;1734.70;148.00;0.00;0.00;147.50;;;;;;;;;;;;;;;;;;;;;;2000.10;2000.10;1;1;;;;;;;;;;;;;;;;;;;;;;;;0.00;0;0;0.00;0.00;;;;;82.00;82.00;82.00;;87.00;87.00;87.00;;78.00;78.00;78.00;;;;;;;;;;;;;0;9.20;10.30;8.00;14.90;15.20;14.60;1407;1724;1062;185;187;1549.70;;;26465534;12.00;;;;;;25.00
1576627200000;2019-12-18T01:00:00.000+0100;;;;;;;;;1.00;94.80;380.90;381.70;380.80;1255.00;1243.00;1242.00;-1.90;;;;;-1.90;-1.90;;;;;;;;;1.0;;;;;;;;;;;;;;;;;;;;;;;;;;;;;;;;;;;;;;;;;;;;50.00;;;;;;;;;;;;;;;;;;;;;;;;;;;;;;;;;;;;;;39.00;54.00;37.00;13.00;;;;57.00;58.00;56.00;;;;;;;;;1567.30;1530.90;124.100;72.000;;;;;;;;;;;;;2000.100;0.000;;;;;;;;;;86.00;84.00;86.00;;;;;;;;;69706;;;;;;;;;;;;;;1421.400;;;;;;;;;;;;39.00;44.00;;;;;;;;;;;;;;0;0.00;0.00;;189.80;;3.00;-1.40;-5.50;;0.60;0.40;;;;-3.30;;;;9.40;;;;0.50;9.30;7.40;11.70;0.80;9.50;6.80;12.20;0.80;-2.30;-1.20;0.30;24.00;;;;20.00;;;;31.00;;;;;;;;28.00;;;;;;;;;;;;57.00;;;;;;;;;;;;;;;;;;;;;;;;;;;;;;;;;;;;;;;;;;;;;;;;;;;;;;;;;;;;;;;;;;;;;;;;;;;;;;;;;;;;;;;;;;;;;;;;;;;;;;;;;;;;;;;;;;;;;;;;;;;;;;;;;;;;;;;;;;;;;;;;;;;;;;;;;;;;;;;;;;;;;;;;;;;;;;;;;;;;;;;;;;;;;;;;;;;;;;;;;;;;;;;;;;;;;;55.00;;;;;;;;;;;;;;;;;;;;;;;;;;;;;;;;;;;36.00;36.00;36.00;;;;;;;;;;;;;;47.00;46.00;47.00;;;;6.30;;;;;;;;;;;1072.00;1876.00;159.20;0.00;0.00;158.30;;;;;;;;;;;;;;;;;;;;;;2000.10;2000.10;1;1;;;;;;;;;;;;;;;;;;;;;;;;0.00;0;0;0.00;0.00;;;;;82.00;82.00;82.00;;87.00;87.00;87.00;;78.00;78.00;79.00;;;;;;;;;;;;;0;9.40;10.80;7.90;14.90;14.90;14.60;1421;1867;1082;191;189;1549.70;;;26465772;12.00;;;;;;25.00
1576627800000;2019-12-18T01:10:00.000+0100;;;;;;;;;1.00;108.70;381.50;382.20;381.30;1436.00;1422.00;1422.00;-1.70;;;;;-1.70;-1.70;;;;;;;;;1.0;;;;;;;;;;;;;;;;;;;;;;;;;;;;;;;;;;;;;;;;;;;;50.00;;;;;;;;;;;;;;;;;;;;;;;;;;;;;;;;;;;;;;39.00;54.00;37.00;13.00;;;;58.00;60.00;57.00;;;;;;;;;1570.90;1531.20;125.600;92.500;;;;;;;;;;;;;2000.100;0.000;;;;;;;;;;88.00;85.00;88.00;;;;;;;;;69706;;;;;;;;;;;;;;1628.700;;;;;;;;;;;;39.00;44.00;;;;;;;;;;;;;;0;0.00;0.00;;189.10;;3.00;-1.20;-4.00;;0.30;0.00;;;;-2.70;;;;9.90;;;;0.30;9.70;6.80;12.30;0.70;9.90;7.00;11.90;0.70;-2.10;-1.40;0.10;24.00;;;;20.00;;;;32.00;;;;;;;;28.00;;;;;;;;;;;;57.00;;;;;;;;;;;;;;;;;;;;;;;;;;;;;;;;;;;;;;;;;;;;;;;;;;;;;;;;;;;;;;;;;;;;;;;;;;;;;;;;;;;;;;;;;;;;;;;;;;;;;;;;;;;;;;;;;;;;;;;;;;;;;;;;;;;;;;;;;;;;;;;;;;;;;;;;;;;;;;;;;;;;;;;;;;;;;;;;;;;;;;;;;;;;;;;;;;;;;;;;;;;;;;;;;;;;;;55.00;;;;;;;;;;;;;;;;;;;;;;;;;;;;;;;;;;;36.00;36.00;36.00;;;;;;;;;;;;;;46.00;46.00;47.00;;;;5.40;;;;;;;;;;;1375.90;1892.50;89.90;0.00;0.00;89.20;;;;;;;;;;;;;;;;;;;;;;2000.10;2000.10;1;1;;;;;;;;;;;;;;;;;;;;;;;;0.00;0;0;0.00;0.00;;;;;83.00;82.00;83.00;;88.00;87.00;88.00;;79.00;79.00;79.00;;;;;;;;;;;;;0;9.80;11.00;8.90;14.90;15.20;14.60;1629;1881;1389;191;189;1550.00;;;26466042;12.00;;;;;;24.00
1576628400000;2019-12-18T01:20:00.000+0100;;;;;;;;;1.00;112.60;380.30;381.10;380.20;1492.00;1477.00;1477.00;-1.40;;;;;-1.40;-1.40;;;;;;;;;1.0;;;;;;;;;;;;;;;;;;;;;;;;;;;;;;;;;;;;;;;;;;;;50.00;;;;;;;;;;;;;;;;;;;;;;;;;;;;;;;;;;;;;;39.00;54.00;37.00;13.00;;;;61.00;62.00;60.00;;;;;;;;;1566.70;1528.80;134.200;87.700;;;;;;;;;;;;;2000.100;0.000;;;;;;;;;;89.00;86.00;89.00;;;;;;;;;69706;;;;;;;;;;;;;;1687.200;;;;;;;;;;;;39.00;44.00;;;;;;;;;;;;;;0;0.00;0.00;;190.00;;3.00;-0.50;-1.50;;0.40;1.30;;;;-2.50;;;;10.10;;;;0.40;10.00;6.70;12.70;0.80;10.30;7.50;13.10;0.70;-1.80;-0.80;0.30;24.00;;;;20.00;;;;34.00;;;;;;;;28.00;;;;;;;;;;;;57.00;;;;;;;;;;;;;;;;;;;;;;;;;;;;;;;;;;;;;;;;;;;;;;;;;;;;;;;;;;;;;;;;;;;;;;;;;;;;;;;;;;;;;;;;;;;;;;;;;;;;;;;;;;;;;;;;;;;;;;;;;;;;;;;;;;;;;;;;;;;;;;;;;;;;;;;;;;;;;;;;;;;;;;;;;;;;;;;;;;;;;;;;;;;;;;;;;;;;;;;;;;;;;;;;;;;;;;55.00;;;;;;;;;;;;;;;;;;;;;;;;;;;;;;;;;;;36.00;36.00;36.00;;;;;;;;;;;;;;46.00;46.00;47.00;;;;6.00;;;;;;;;;;;1295.00;1976.90;116.10;0.00;0.00;115.70;;;;;;;;;;;;;;;;;;;;;;2000.10;2000.10;1;1;;;;;;;;;;;;;;;;;;;;;;;;0.00;0;0;0.00;0.00;;;;;83.00;83.00;83.00;;88.00;88.00;88.00;;79.00;79.00;80.00;;;;;;;;;;;;;0;10.10;11.20;9.20;14.90;14.90;14.60;1688;2010;1313;191;190;1550.00;;;26466324;12.00;;;;;;24.00
1576629000000;2019-12-18T01:30:00.000+0100;;;;;;;;;1.00;99.60;380.00;380.70;379.90;1320.00;1307.00;1307.00;-1.70;;;;;-1.70;-1.70;;;;;;;;;1.0;;;;;;;;;;;;;;;;;;;;;;;;;;;;;;;;;;;;;;;;;;;;50.00;;;;;;;;;;;;;;;;;;;;;;;;;;;;;;;;;;;;;;39.00;54.00;37.00;13.00;;;;63.00;65.00;62.00;;;;;;;;;1588.50;1515.10;139.800;67.300;;;;;;;;;;;;;2000.100;0.000;;;;;;;;;;89.00;87.00;89.00;;;;;;;;;69707;;;;;;;;;;;;;;1490.800;;;;;;;;;;;;39.00;45.00;;;;;;;;;;;;;;0;0.00;0.00;;191.10;;3.00;0.50;-2.90;;1.00;2.20;;;;-1.20;;;;9.60;;;;0.70;9.70;5.60;13.00;1.00;9.90;6.00;13.20;1.00;-2.50;-0.50;0.40;24.00;;;;20.00;;;;35.00;;;;;;;;28.00;;;;;;;;;;;;57.00;;;;;;;;;;;;;;;;;;;;;;;;;;;;;;;;;;;;;;;;;;;;;;;;;;;;;;;;;;;;;;;;;;;;;;;;;;;;;;;;;;;;;;;;;;;;;;;;;;;;;;;;;;;;;;;;;;;;;;;;;;;;;;;;;;;;;;;;;;;;;;;;;;;;;;;;;;;;;;;;;;;;;;;;;;;;;;;;;;;;;;;;;;;;;;;;;;;;;;;;;;;;;;;;;;;;;;55.00;;;;;;;;;;;;;;;;;;;;;;;;;;;;;;;;;;;36.00;36.00;36.00;;;;;;;;;;;;;;46.00;46.00;46.00;;;;9.50;;;;;;;;;;;998.30;1978.90;201.30;0.00;0.00;204.70;;;;;;;;;;;;;;;;;;;;;;2000.10;2000.10;1;1;;;;;;;;;;;;;;;;;;;;;;;;0.00;0;0;0.00;0.00;;;;;83.00;83.00;84.00;;89.00;88.00;89.00;;80.00;79.00;80.00;;;;;;;;;;;;;0;9.80;11.60;6.90;14.90;15.20;14.60;1493;2072;1013;191;191;1549.70;;;26466574;12.00;;;;;;24.00
1576629600000;2019-12-18T01:40:00.000+0100;;;;;;;;;1.00;73.20;379.50;380.30;379.40;971.00;962.00;961.00;-2.20;;;;;-2.20;-2.20;;;;;;;;;1.0;;;;;;;;;;;;;;;;;;;;;;;;;;;;;;;;;;;;;;;;;;;;50.00;;;;;;;;;;;;;;;;;;;;;;;;;;;;;;;;;;;;;;39.00;53.00;37.00;13.00;;;;63.00;64.00;62.00;;;;;;;;;1577.40;1301.10;120.200;46.400;;;;;;;;;;;;;2000.100;0.000;;;;;;;;;;87.00;84.00;87.00;;;;;;;;;69707;;;;;;;;;;;;;;1096.700;;;;;;;;;;;;39.00;45.00;;;;;;;;;;;;;;0;0.00;0.00;;191.70;;3.00;1.20;-14.00;;2.20;3.20;;;;-0.50;;;;8.60;;;;1.20;8.00;4.30;11.60;1.40;8.10;4.80;12.10;1.40;-2.40;-1.60;0.10;24.00;;;;20.00;;;;32.00;;;;;;;;28.00;;;;;;;;;;;;57.00;;;;;;;;;;;;;;;;;;;;;;;;;;;;;;;;;;;;;;;;;;;;;;;;;;;;;;;;;;;;;;;;;;;;;;;;;;;;;;;;;;;;;;;;;;;;;;;;;;;;;;;;;;;;;;;;;;;;;;;;;;;;;;;;;;;;;;;;;;;;;;;;;;;;;;;;;;;;;;;;;;;;;;;;;;;;;;;;;;;;;;;;;;;;;;;;;;;;;;;;;;;;;;;;;;;;;;54.00;;;;;;;;;;;;;;;;;;;;;;;;;;;;;;;;;;;36.00;36.00;36.00;;;;;;;;;;;;;;46.00;46.00;46.00;;;;59.10;;;;;;;;;;;687.00;1805.90;196.70;0.00;0.00;195.90;;;;;;;;;;;;;;;;;;;;;;2000.10;2000.10;1;1;;;;;;;;;;;;;;;;;;;;;;;;0.60;0;0;0.00;0.00;;;;;84.00;84.00;84.00;;89.00;89.00;89.00;;80.00;80.00;80.00;;;;;;;;;;;;;0;8.00;11.10;5.60;14.30;15.20;12.50;1097;1783;696;195;197;1493.90;;;26466754;12.00;;;;;;24.00
1576630200000;2019-12-18T01:50:00.000+0100;;;;;;;;;1.00;158.40;379.90;380.60;379.70;1377.00;1364.00;1363.00;-1.40;;;;;-1.40;-1.40;;;;;;;;;1.0;;;;;;;;;;;;;;;;;;;;;;;;;;;;;;;;;;;;;;;;;;;;50.00;;;;;;;;;;;;;;;;;;;;;;;;;;;;;;;;;;;;;;39.00;53.00;37.00;13.00;;;;62.00;63.00;61.00;;;;;;;;;1659.20;1462.20;293.100;56.700;;;;;;;;;;;;;2000.100;0.000;;;;;;;;;;87.00;84.00;86.00;;;;;;;;;69707;;;;;;;;;;;;;;1536.600;;;;;;;;;;;;39.00;45.00;;;;;;;;;;;;;;0;0.00;0.00;;199.00;;3.00;1.10;-0.50;;2.10;2.50;;;;-0.40;;;;9.80;;;;1.20;9.00;5.20;15.00;1.40;9.00;5.90;12.70;1.40;-2.50;5.20;1.60;24.00;;;;20.00;;;;31.00;;;;;;;;28.00;;;;;;;;;;;;56.00;;;;;;;;;;;;;;;;;;;;;;;;;;;;;;;;;;;;;;;;;;;;;;;;;;;;;;;;;;;;;;;;;;;;;;;;;;;;;;;;;;;;;;;;;;;;;;;;;;;;;;;;;;;;;;;;;;;;;;;;;;;;;;;;;;;;;;;;;;;;;;;;;;;;;;;;;;;;;;;;;;;;;;;;;;;;;;;;;;;;;;;;;;;;;;;;;;;;;;;;;;;;;;;;;;;;;;54.00;;;;;;;;;;;;;;;;;;;;;;;;;;;;;;;;;;;36.00;36.00;36.00;;;;;;;;;;;;;;46.00;46.00;46.00;;;;33.40;;;;;;;;;;;848.30;2000.00;352.90;0.00;0.00;371.90;;;;;;;;;;;;;;;;;;;;;;2000.10;2000.10;1;1;;;;;;;;;;;;;;;;;;;;;;;;0.30;0;0;0.00;0.00;;;;;84.00;84.00;84.00;;89.00;89.00;89.00;;80.00;80.00;80.00;;;;;;;;;;;;;0;9.00;11.90;6.70;14.90;15.80;14.00;1552;2118;862;204;205;1541.90;;;26467014;13.00;;;;;;25.00
1576630800000;2019-12-18T02:00:00.000+0100;;;;;;;;;1.00;249.40;382.40;383.00;382.10;1589.00;1573.00;1574.00;-0.40;;;;;-0.40;-0.40;;;;;;;;;1.0;;;;;;;;;;;;;;;;;;;;;;;;;;;;;;;;;;;;;;;;;;;;50.00;;;;;;;;;;;;;;;;;;;;;;;;;;;;;;;;;;;;;;39.00;54.00;37.00;13.00;;;;64.00;65.00;63.00;;;;;;;;;1654.40;1465.20;293.500;158.000;;;;;;;;;;;;;2000.100;0.000;;;;;;;;;;89.00;86.00;89.00;;;;;;;;;69707;;;;;;;;;;;;;;1771.900;;;;;;;;;;;;39.00;45.00;;;;;;;;;;;;;;0;0.00;0.00;;206.50;;3.00;1.20;-2.40;;0.80;3.20;;;;-0.40;;;;10.60;;;;0.90;9.60;5.80;13.40;1.20;9.70;6.80;13.10;1.20;-2.40;6.30;2.40;24.00;;;;20.00;;;;32.00;;;;;;;;28.00;;;;;;;;;;;;57.00;;;;;;;;;;;;;;;;;;;;;;;;;;;;;;;;;;;;;;;;;;;;;;;;;;;;;;;;;;;;;;;;;;;;;;;;;;;;;;;;;;;;;;;;;;;;;;;;;;;;;;;;;;;;;;;;;;;;;;;;;;;;;;;;;;;;;;;;;;;;;;;;;;;;;;;;;;;;;;;;;;;;;;;;;;;;;;;;;;;;;;;;;;;;;;;;;;;;;;;;;;;;;;;;;;;;;;55.00;;;;;;;;;;;;;;;;;;;;;;;;;;;;;;;;;;;36.00;36.00;36.00;;;;;;;;;;;;;;46.00;46.00;46.00;;;;28.10;;;;;;;;;;;1119.70;2000.00;224.40;0.00;0.00;241.40;;;;;;;;;;;;;;;;;;;;;;2000.10;2000.10;1;1;;;;;;;;;;;;;;;;;;;;;;;;0.30;0;0;0.00;0.00;;;;;84.00;84.00;85.00;;90.00;89.00;90.00;;81.00;80.00;81.00;;;;;;;;;;;;;0;9.70;12.20;7.40;14.90;15.80;14.00;1794;2116;1143;205;206;1549.70;;;26467314;13.00;;;;;;25.00
1576631400000;2019-12-18T02:10:00.000+0100;;;;;;;;;1.00;250.80;382.20;382.80;382.00;1598.00;1582.00;1582.00;-0.60;;;;;-0.60;-0.60;;;;;;;;;1.0;;;;;;;;;;;;;;;;;;;;;;;;;;;;;;;;;;;;;;;;;;;;50.00;;;;;;;;;;;;;;;;;;;;;;;;;;;;;;;;;;;;;;39.00;54.00;37.00;13.00;;;;68.00;69.00;67.00;;;;;;;;;1654.40;1458.10;293.200;147.100;;;;;;;;;;;;;2000.100;0.000;;;;;;;;;;92.00;89.00;91.00;;;;;;;;;69707;;;;;;;;;;;;;;1780.400;;;;;;;;;;;;40.00;45.00;;;;;;;;;;;;;;0;0.00;0.00;;208.50;;3.00;-0.60;-6.40;;1.00;0.80;;;;-2.60;;;;10.60;;;;1.00;9.80;6.40;13.50;1.20;9.90;6.00;13.80;1.20;-2.50;7.00;1.90;24.00;;;;20.00;;;;33.00;;;;;;;;28.00;;;;;;;;;;;;57.00;;;;;;;;;;;;;;;;;;;;;;;;;;;;;;;;;;;;;;;;;;;;;;;;;;;;;;;;;;;;;;;;;;;;;;;;;;;;;;;;;;;;;;;;;;;;;;;;;;;;;;;;;;;;;;;;;;;;;;;;;;;;;;;;;;;;;;;;;;;;;;;;;;;;;;;;;;;;;;;;;;;;;;;;;;;;;;;;;;;;;;;;;;;;;;;;;;;;;;;;;;;;;;;;;;;;;;55.00;;;;;;;;;;;;;;;;;;;;;;;;;;;;;;;;;;;36.00;36.00;37.00;;;;;;;;;;;;;;46.00;46.00;47.00;;;;27.50;;;;;;;;;;;1035.50;2000.00;213.20;0.00;0.00;232.30;;;;;;;;;;;;;;;;;;;;;;2000.10;2000.10;1;1;;;;;;;;;;;;;;;;;;;;;;;;0.30;0;0;0.00;0.00;;;;;85.00;85.00;85.00;;90.00;90.00;90.00;;81.00;81.00;81.00;;;;;;;;;;;;;0;9.80;12.60;6.90;14.90;15.80;14.00;1804;2113;1071;210;210;1550.90;;;26467614;13.00;;;;;;25.00
1576632000000;2019-12-18T02:20:00.000+0100;;;;;;;;;1.00;260.40;382.90;383.50;382.70;1658.00;1642.00;1642.00;2.40;;;;;2.40;2.40;;;;;;;;;1.0;;;;;;;;;;;;;;;;;;;;;;;;;;;;;;;;;;;;;;;;;;;;50.00;;;;;;;;;;;;;;;;;;;;;;;;;;;;;;;;;;;;;;39.00;54.00;37.00;13.00;;;;70.00;71.00;69.00;;;;;;;;;1687.20;1461.60;293.100;151.500;;;;;;;;;;;;;2000.100;0.000;;;;;;;;;;92.00;90.00;92.00;;;;;;;;;69707;;;;;;;;;;;;;;1855.700;;;;;;;;;;;;40.00;45.00;;;;;;;;;;;;;;0;0.00;0.00;;210.30;;3.00;0.90;-2.10;;0.80;2.60;;;;-0.50;;;;11.50;;;;1.40;10.90;6.10;16.00;1.70;11.10;7.20;17.40;1.70;-2.30;10.80;3.60;24.00;;;;20.00;;;;35.00;;;;;;;;28.00;;;;;;;;;;;;57.00;;;;;;;;;;;;;;;;;;;;;;;;;;;;;;;;;;;;;;;;;;;;;;;;;;;;;;;;;;;;;;;;;;;;;;;;;;;;;;;;;;;;;;;;;;;;;;;;;;;;;;;;;;;;;;;;;;;;;;;;;;;;;;;;;;;;;;;;;;;;;;;;;;;;;;;;;;;;;;;;;;;;;;;;;;;;;;;;;;;;;;;;;;;;;;;;;;;;;;;;;;;;;;;;;;;;;;55.00;;;;;;;;;;;;;;;;;;;;;;;;;;;;;;;;;;;36.00;36.00;37.00;;;;;;;;;;;;;;47.00;46.00;47.00;;;;37.00;;;;;;;;;;;1062.80;2000.00;241.20;0.00;0.00;250.60;;;;;;;;;;;;;;;;;;;;;;2000.10;2000.10;1;1;;;;;;;;;;;;;;;;;;;;;;;;0.30;0;0;0.00;0.00;;;;;85.00;85.00;86.00;;91.00;90.00;91.00;;82.00;81.00;82.00;;;;;;;;;;;;;0;11.00;14.40;7.90;14.90;16.10;14.00;1874;2114;1101;213;214;1551.80;;;26467928;13.00;;;;;;25.00
1576632600000;2019-12-18T02:30:00.000+0100;;;;;;;;;1.00;278.00;382.90;383.50;382.70;1769.00;1752.00;1752.00;11.10;;;;;11.20;11.20;;;;;;;;;1.0;;;;;;;;;;;;;;;;;;;;;;;;;;;;;;;;;;;;;;;;;;;;50.00;;;;;;;;;;;;;;;;;;;;;;;;;;;;;;;;;;;;;;39.00;54.00;38.00;14.00;;;;74.00;75.00;73.00;;;;;;;;;1712.00;1378.10;293.300;222.700;;;;;;;;;;;;;2000.100;0.000;;;;;;;;;;95.00;92.00;95.00;;;;;;;;;69708;;;;;;;;;;;;;;1996.100;;;;;;;;;;;;40.00;45.00;;;;;;;;;;;;;;0;0.00;0.00;;216.60;;3.00;1.30;-0.40;;1.70;2.90;;;;-0.40;;;;15.10;;;;2.80;14.50;8.70;26.90;3.10;14.50;7.70;26.40;3.10;0.90;20.80;4.50;24.00;;;;20.00;;;;33.00;;;;;;;;28.00;;;;;;;;;;;;57.00;;;;;;;;;;;;;;;;;;;;;;;;;;;;;;;;;;;;;;;;;;;;;;;;;;;;;;;;;;;;;;;;;;;;;;;;;;;;;;;;;;;;;;;;;;;;;;;;;;;;;;;;;;;;;;;;;;;;;;;;;;;;;;;;;;;;;;;;;;;;;;;;;;;;;;;;;;;;;;;;;;;;;;;;;;;;;;;;;;;;;;;;;;;;;;;;;;;;;;;;;;;;;;;;;;;;;;55.00;;;;;;;;;;;;;;;;;;;;;;;;;;;;;;;;;;;36.00;36.00;37.00;;;;;;;;;;;;;;47.00;47.00;47.00;;;;51.60;;;;;;;;;;;1595.70;2000.00;30.50;0.00;0.00;35.70;;;;;;;;;;;;;;;;;;;;;;2000.10;2000.10;1;1;;;;;;;;;;;;;;;;;;;;;;;;0.60;0;0;0.00;0.00;;;;;86.00;86.00;86.00;;91.00;91.00;92.00;;82.00;82.00;83.00;;;;;;;;;;;;;0;14.50;25.00;9.20;14.90;16.40;13.10;2000;2135;1596;223;224;1554.10;;;26468260;14.00;;;;;;26.00
1576633200000;2019-12-18T02:40:00.000+0100;;;;;;;;;1.00;278.00;383.30;383.80;383.10;1768.00;1751.00;1750.00;15.50;;;;;15.50;15.50;;;;;;;;;1.0;;;;;;;;;;;;;;;;;;;;;;;;;;;;;;;;;;;;;;;;;;;;50.00;;;;;;;;;;;;;;;;;;;;;;;;;;;;;;;;;;;;;;39.00;54.00;38.00;14.00;;;;78.00;79.00;76.00;;;;;;;;;1704.00;1416.90;279.700;276.300;;;;;;;;;;;;;2000.100;0.000;;;;;;;;;;96.00;93.00;96.00;;;;;;;;;69708;;;;;;;;;;;;;;2000.000;;;;;;;;;;;;41.00;46.00;;;;;;;;;;;;;;0;0.00;0.00;;230.20;;3.00;2.50;0.70;;0.40;3.70;;;;1.40;;;;17.30;;;;2.10;17.00;9.90;27.80;2.60;17.10;10.80;26.50;2.60;9.00;21.70;2.60;24.00;;;;20.00;;;;31.00;;;;;;;;28.00;;;;;;;;;;;;57.00;;;;;;;;;;;;;;;;;;;;;;;;;;;;;;;;;;;;;;;;;;;;;;;;;;;;;;;;;;;;;;;;;;;;;;;;;;;;;;;;;;;;;;;;;;;;;;;;;;;;;;;;;;;;;;;;;;;;;;;;;;;;;;;;;;;;;;;;;;;;;;;;;;;;;;;;;;;;;;;;;;;;;;;;;;;;;;;;;;;;;;;;;;;;;;;;;;;;;;;;;;;;;;;;;;;;;;56.00;;;;;;;;;;;;;;;;;;;;;;;;;;;;;;;;;;;36.00;36.00;37.00;;;;;;;;;;;;;;47.00;47.00;47.00;;;;56.10;;;;;;;;;;;2000.00;2000.00;0.00;0.00;0.00;9.40;;;;;;;;;;;;;;;;;;;;;;2000.10;2000.10;1;1;;;;;;;;;;;;;;;;;;;;;;;;0.60;0;0;0.00;0.00;;;;;87.00;86.00;87.00;;92.00;92.00;92.00;;83.00;83.00;84.00;;;;;;;;;;;;;0;17.00;24.20;12.50;14.90;16.40;13.70;2000;2037;1964;230;232;1549.10;;;26468594;14.00;;;;;;27.00
1576633800000;2019-12-18T02:50:00.000+0100;;;;;;;;;1.00;278.00;384.80;385.30;384.50;1761.00;1743.00;1744.00;14.80;;;;;14.80;14.80;;;;;;;;;1.0;;;;;;;;;;;;;;;;;;;;;;;;;;;;;;;;;;;;;;;;;;;;50.00;;;;;;;;;;;;;;;;;;;;;;;;;;;;;;;;;;;;;;39.00;55.00;37.00;14.00;;;;81.00;82.00;79.00;;;;;;;;;1683.70;1411.50;279.900;276.000;;;;;;;;;;;;;2000.100;0.000;;;;;;;;;;97.00;94.00;97.00;;;;;;;;;69708;;;;;;;;;;;;;;2000.000;;;;;;;;;;;;41.00;47.00;;;;;;;;;;;;;;0;0.00;0.00;;233.40;;3.00;0.30;-6.60;;1.00;1.60;;;;-1.00;;;;16.90;;;;2.70;16.70;9.80;28.80;3.10;16.70;10.20;32.80;3.10;6.40;23.90;3.90;24.00;;;;20.00;;;;32.00;;;;;;;;28.00;;;;;;;;;;;;57.00;;;;;;;;;;;;;;;;;;;;;;;;;;;;;;;;;;;;;;;;;;;;;;;;;;;;;;;;;;;;;;;;;;;;;;;;;;;;;;;;;;;;;;;;;;;;;;;;;;;;;;;;;;;;;;;;;;;;;;;;;;;;;;;;;;;;;;;;;;;;;;;;;;;;;;;;;;;;;;;;;;;;;;;;;;;;;;;;;;;;;;;;;;;;;;;;;;;;;;;;;;;;;;;;;;;;;;56.00;;;;;;;;;;;;;;;;;;;;;;;;;;;;;;;;;;;36.00;36.00;37.00;;;;;;;;;;;;;;47.00;47.00;47.00;;;;53.10;;;;;;;;;;;2000.00;2000.00;0.00;0.00;0.00;8.50;;;;;;;;;;;;;;;;;;;;;;2000.10;2000.10;1;1;;;;;;;;;;;;;;;;;;;;;;;;0.60;0;0;0.00;0.00;;;;;88.00;87.00;88.00;;93.00;92.00;93.00;;84.00;84.00;84.00;;;;;;;;;;;;;0;16.70;25.70;11.70;14.90;16.10;13.40;2000;2049;1961;238;238;1549.10;;;26468926;14.00;;;;;;27.00
1576634400000;2019-12-18T03:00:00.000+0100;;;;;;;;;1.00;278.10;385.80;386.20;385.50;1758.00;1741.00;1741.00;11.40;;;;;11.40;11.40;;;;;;;;;1.0;;;;;;;;;;;;;;;;;;;;;;;;;;;;;;;;;;;;;;;;;;;;50.00;;;;;;;;;;;;;;;;;;;;;;;;;;;;;;;;;;;;;;39.00;55.00;38.00;14.00;;;;83.00;84.00;82.00;;;;;;;;;1691.70;1437.50;292.300;249.800;;;;;;;;;;;;;2000.100;0.000;;;;;;;;;;98.00;94.00;97.00;;;;;;;;;69708;;;;;;;;;;;;;;1999.100;;;;;;;;;;;;41.00;47.00;;;;;;;;;;;;;;0;0.00;0.00;;241.20;;3.00;0.80;-3.80;;1.10;2.00;;;;-0.50;;;;15.10;;;;1.70;14.50;9.00;22.60;2.10;14.60;9.80;21.00;2.00;2.20;18.00;3.20;24.00;;;;21.00;;;;33.00;;;;;;;;28.00;;;;;;;;;;;;58.00;;;;;;;;;;;;;;;;;;;;;;;;;;;;;;;;;;;;;;;;;;;;;;;;;;;;;;;;;;;;;;;;;;;;;;;;;;;;;;;;;;;;;;;;;;;;;;;;;;;;;;;;;;;;;;;;;;;;;;;;;;;;;;;;;;;;;;;;;;;;;;;;;;;;;;;;;;;;;;;;;;;;;;;;;;;;;;;;;;;;;;;;;;;;;;;;;;;;;;;;;;;;;;;;;;;;;;56.00;;;;;;;;;;;;;;;;;;;;;;;;;;;;;;;;;;;36.00;36.00;37.00;;;;;;;;;;;;;;47.00;47.00;47.00;;;;48.60;;;;;;;;;;;1786.80;2000.00;11.50;0.00;0.00;17.50;;;;;;;;;;;;;;;;;;;;;;2000.10;2000.10;1;1;;;;;;;;;;;;;;;;;;;;;;;;0.60;0;0;0.00;0.00;;;;;88.00;88.00;89.00;;93.00;93.00;94.00;;85.00;84.00;85.00;;;;;;;;;;;;;0;14.60;19.40;11.00;14.90;16.10;13.70;2001;2105;1796;242;242;1552.70;;;26469260;14.00;;;;;;27.00
1576635000000;2019-12-18T03:10:00.000+0100;;;;;;;;;1.00;278.00;385.80;386.30;385.70;1757.00;1739.00;1740.00;14.40;;;;;14.40;14.40;;;;;;;;;1.0;;;;;;;;;;;;;;;;;;;;;;;;;;;;;;;;;;;;;;;;;;;;50.00;;;;;;;;;;;;;;;;;;;;;;;;;;;;;;;;;;;;;;39.00;55.00;37.00;14.00;;;;86.00;86.00;84.00;;;;;;;;;1698.00;1432.40;279.800;276.400;;;;;;;;;;;;;2000.100;0.000;;;;;;;;;;98.00;95.00;98.00;;;;;;;;;69708;;;;;;;;;;;;;;2000.000;;;;;;;;;;;;42.00;48.00;;;;;;;;;;;;;;0;0.00;0.00;;241.60;;3.00;-1.00;-1.80;;0.90;0.50;;;;-2.10;;;;16.70;;;;2.40;16.50;10.30;25.00;2.80;16.70;9.80;25.50;2.80;5.20;21.20;3.30;24.00;;;;21.00;;;;35.00;;;;;;;;28.00;;;;;;;;;;;;58.00;;;;;;;;;;;;;;;;;;;;;;;;;;;;;;;;;;;;;;;;;;;;;;;;;;;;;;;;;;;;;;;;;;;;;;;;;;;;;;;;;;;;;;;;;;;;;;;;;;;;;;;;;;;;;;;;;;;;;;;;;;;;;;;;;;;;;;;;;;;;;;;;;;;;;;;;;;;;;;;;;;;;;;;;;;;;;;;;;;;;;;;;;;;;;;;;;;;;;;;;;;;;;;;;;;;;;;56.00;;;;;;;;;;;;;;;;;;;;;;;;;;;;;;;;;;;36.00;36.00;37.00;;;;;;;;;;;;;;47.00;47.00;47.00;;;;51.30;;;;;;;;;;;2000.00;2000.00;0.00;0.00;0.00;8.50;;;;;;;;;;;;;;;;;;;;;;2000.10;2000.10;1;1;;;;;;;;;;;;;;;;;;;;;;;;0.60;0;0;0.00;0.00;;;;;89.00;89.00;90.00;;94.00;94.00;95.00;;86.00;85.00;86.00;;;;;;;;;;;;;0;16.60;22.60;12.10;14.90;16.40;13.70;2000;2035;1947;242;241;1547.90;;;26469594;14.00;;;;;;28.00
1576635600000;2019-12-18T03:20:00.000+0100;;;;;;;;;1.00;278.00;383.20;383.80;383.10;1768.00;1751.00;1751.00;12.90;;;;;12.90;12.90;;;;;;;;;1.0;;;;;;;;;;;;;;;;;;;;;;;;;;;;;;;;;;;;;;;;;;;;50.00;;;;;;;;;;;;;;;;;;;;;;;;;;;;;;;;;;;;;;40.00;55.00;37.00;14.00;;;;87.00;88.00;86.00;;;;;;;;;1709.60;1397.20;279.400;276.700;;;;;;;;;;;;;2000.100;0.000;;;;;;;;;;98.00;95.00;98.00;;;;;;;;;69708;;;;;;;;;;;;;;2000.000;;;;;;;;;;;;42.00;48.00;;;;;;;;;;;;;;0;0.00;0.00;;241.30;;3.00;0.30;-2.20;;2.10;2.00;;;;-1.40;;;;15.90;;;;2.20;15.40;9.40;24.20;2.60;15.40;8.50;22.40;2.50;2.50;19.80;3.60;25.00;;;;21.00;;;;32.00;;;;;;;;28.00;;;;;;;;;;;;58.00;;;;;;;;;;;;;;;;;;;;;;;;;;;;;;;;;;;;;;;;;;;;;;;;;;;;;;;;;;;;;;;;;;;;;;;;;;;;;;;;;;;;;;;;;;;;;;;;;;;;;;;;;;;;;;;;;;;;;;;;;;;;;;;;;;;;;;;;;;;;;;;;;;;;;;;;;;;;;;;;;;;;;;;;;;;;;;;;;;;;;;;;;;;;;;;;;;;;;;;;;;;;;;;;;;;;;;56.00;;;;;;;;;;;;;;;;;;;;;;;;;;;;;;;;;;;36.00;36.00;37.00;;;;;;;;;;;;;;47.00;47.00;47.00;;;;50.70;;;;;;;;;;;2000.00;2000.00;0.00;0.00;0.00;8.20;;;;;;;;;;;;;;;;;;;;;;2000.10;2000.10;1;1;;;;;;;;;;;;;;;;;;;;;;;;0.60;0;0;0.00;1.00;;;;;90.00;90.00;90.00;;95.00;95.00;95.00;;86.00;86.00;87.00;;;;;;;;;;;;;0;15.40;20.30;10.70;14.90;16.40;13.40;2000;2032;1972;242;242;1552.70;;;26469926;13.00;;;;;;28.00
1576636200000;2019-12-18T03:30:00.000+0100;;;;;;;;;1.00;278.10;380.30;380.90;380.20;1783.00;1765.00;1765.00;9.10;;;;;9.10;9.10;;;;;;;;;1.0;;;;;;;;;;;;;;;;;;;;;;;;;;;;;;;;;;;;;;;;;;;;50.00;;;;;;;;;;;;;;;;;;;;;;;;;;;;;;;;;;;;;;40.00;55.00;37.00;14.00;;;;86.00;89.00;85.00;;;;;;;;;1666.90;1435.40;291.100;260.400;;;;;;;;;;;;;2000.100;0.000;;;;;;;;;;98.00;95.00;98.00;;;;;;;;;69709;;;;;;;;;;;;;;1999.400;;;;;;;;;;;;42.00;49.00;;;;;;;;;;;;;;0;0.00;0.00;;240.30;;3.00;-2.20;-4.80;;0.60;-0.40;;;;-3.40;;;;14.10;;;;1.90;13.50;9.20;19.90;2.20;13.60;8.60;22.50;2.20;0.10;18.00;3.80;25.00;;;;21.00;;;;31.00;;;;;;;;28.00;;;;;;;;;;;;58.00;;;;;;;;;;;;;;;;;;;;;;;;;;;;;;;;;;;;;;;;;;;;;;;;;;;;;;;;;;;;;;;;;;;;;;;;;;;;;;;;;;;;;;;;;;;;;;;;;;;;;;;;;;;;;;;;;;;;;;;;;;;;;;;;;;;;;;;;;;;;;;;;;;;;;;;;;;;;;;;;;;;;;;;;;;;;;;;;;;;;;;;;;;;;;;;;;;;;;;;;;;;;;;;;;;;;;;56.00;;;;;;;;;;;;;;;;;;;;;;;;;;;;;;;;;;;36.00;36.00;37.00;;;;;;;;;;;;;;47.00;47.00;48.00;;;;43.60;;;;;;;;;;;1868.70;2000.00;7.90;0.00;0.00;14.50;;;;;;;;;;;;;;;;;;;;;;2000.10;2000.10;1;1;;;;;;;;;;;;;;;;;;;;;;;;0.30;0;0;0.00;0.00;;;;;92.00;90.00;93.00;;96.00;95.00;98.00;;88.00;87.00;90.00;;;;;;;;;;;;;0;13.60;18.70;10.10;14.90;16.10;13.70;2001;2105;1877;240;238;1549.10;;;26470260;13.00;;;;;;29.00
1576636800000;2019-12-18T03:40:00.000+0100;;;;;;;;;1.00;278.00;380.30;380.90;380.10;1782.00;1764.00;1765.00;8.50;;;;;8.40;8.50;;;;;;;;;1.0;;;;;;;;;;;;;;;;;;;;;;;;;;;;;;;;;;;;;;;;;;;;50.00;;;;;;;;;;;;;;;;;;;;;;;;;;;;;;;;;;;;;;40.00;55.00;37.00;13.00;;;;72.00;82.00;75.00;;;;;;;;;1660.40;1431.50;291.600;260.200;;;;;;;;;;;;;2000.100;0.000;;;;;;;;;;98.00;95.00;98.00;;;;;;;;;69709;;;;;;;;;;;;;;1999.600;;;;;;;;;;;;43.00;49.00;;;;;;;;;;;;;;0;0.00;0.00;;235.10;;3.00;-1.10;-3.90;;0.70;0.90;;;;-2.50;;;;13.70;;;;1.40;13.10;8.40;19.00;1.70;13.20;9.30;18.30;1.70;0.60;15.90;3.10;25.00;;;;21.00;;;;32.00;;;;;;;;28.00;;;;;;;;;;;;58.00;;;;;;;;;;;;;;;;;;;;;;;;;;;;;;;;;;;;;;;;;;;;;;;;;;;;;;;;;;;;;;;;;;;;;;;;;;;;;;;;;;;;;;;;;;;;;;;;;;;;;;;;;;;;;;;;;;;;;;;;;;;;;;;;;;;;;;;;;;;;;;;;;;;;;;;;;;;;;;;;;;;;;;;;;;;;;;;;;;;;;;;;;;;;;;;;;;;;;;;;;;;;;;;;;;;;;;56.00;;;;;;;;;;;;;;;;;;;;;;;;;;;;;;;;;;;36.00;36.00;37.00;;;;;;;;;;;;;;48.00;47.00;48.00;;;;36.40;;;;;;;;;;;1866.80;2000.00;6.70;0.00;0.00;12.00;;;;;;;;;;;;;;;;;;;;;;2000.10;2000.10;1;1;;;;;;;;;;;;;;;;;;;;;;;;0.30;0;0;0.00;0.00;;;;;94.00;93.00;94.00;;98.00;98.00;99.00;;90.00;90.00;91.00;;;;;;;;;;;;;0;13.20;17.10;10.00;14.90;15.80;13.70;2001;2101;1872;232;231;1550.00;;;26470592;13.00;;;;;;29.00
1576637400000;2019-12-18T03:50:00.000+0100;;;;;;;;;1.00;276.90;379.30;380.00;379.20;1780.00;1761.00;1762.00;6.20;;;;;6.20;6.20;;;;;;;;;1.0;;;;;;;;;;;;;;;;;;;;;;;;;;;;;;;;;;;;;;;;;;;;50.00;;;;;;;;;;;;;;;;;;;;;;;;;;;;;;;;;;;;;;40.00;55.00;38.00;13.00;;;;66.00;78.00;68.00;;;;;;;;;1655.90;1451.20;292.900;223.000;;;;;;;;;;;;;2000.100;0.000;;;;;;;;;;99.00;95.00;98.00;;;;;;;;;69709;;;;;;;;;;;;;;1985.300;;;;;;;;;;;;43.00;49.00;;;;;;;;;;;;;;0;0.00;0.00;;229.20;;3.00;0.00;-5.00;;1.20;1.80;;;;-2.00;;;;12.90;;;;1.20;12.20;7.20;16.70;1.50;12.40;7.50;17.90;1.50;-0.30;12.60;3.30;25.00;;;;21.00;;;;34.00;;;;;;;;28.00;;;;;;;;;;;;58.00;;;;;;;;;;;;;;;;;;;;;;;;;;;;;;;;;;;;;;;;;;;;;;;;;;;;;;;;;;;;;;;;;;;;;;;;;;;;;;;;;;;;;;;;;;;;;;;;;;;;;;;;;;;;;;;;;;;;;;;;;;;;;;;;;;;;;;;;;;;;;;;;;;;;;;;;;;;;;;;;;;;;;;;;;;;;;;;;;;;;;;;;;;;;;;;;;;;;;;;;;;;;;;;;;;;;;;56.00;;;;;;;;;;;;;;;;;;;;;;;;;;;;;;;;;;;36.00;36.00;37.00;;;;;;;;;;;;;;48.00;47.00;48.00;;;;36.70;;;;;;;;;;;1585.70;2000.00;55.00;0.00;0.00;59.80;;;;;;;;;;;;;;;;;;;;;;2000.10;2000.10;1;1;;;;;;;;;;;;;;;;;;;;;;;;0.30;0;0;0.00;0.00;;;;;95.00;94.00;95.00;;99.00;99.00;100.00;;91.00;91.00;91.00;;;;;;;;;;;;;0;12.30;15.30;9.10;14.90;15.80;14.00;1993;2111;1618;227;227;1551.50;;;26470926;13.00;;;;;;30.00
1576638000000;2019-12-18T04:00:00.000+0100;;;;;;;;;1.00;278.00;379.80;380.50;379.70;1784.00;1766.00;1767.00;9.10;;;;;9.10;9.20;;;;;;;;;1.0;;;;;;;;;;;;;;;;;;;;;;;;;;;;;;;;;;;;;;;;;;;;50.00;;;;;;;;;;;;;;;;;;;;;;;;;;;;;;;;;;;;;;40.00;55.00;38.00;13.00;;;;61.00;75.00;63.00;;;;;;;;;1679.50;1439.30;292.100;243.800;;;;;;;;;;;;;2000.100;0.000;;;;;;;;;;99.00;95.00;98.00;;;;;;;;;69709;;;;;;;;;;;;;;1998.400;;;;;;;;;;;;44.00;50.00;;;;;;;;;;;;;;0;0.00;0.00;;229.90;;3.00;-1.20;-10.90;;0.90;0.90;;;;-2.70;;;;14.00;;;;1.40;13.40;6.10;18.90;1.80;13.50;8.50;19.30;1.70;0.60;17.70;3.00;25.00;;;;21.00;;;;34.00;;;;;;;;28.00;;;;;;;;;;;;58.00;;;;;;;;;;;;;;;;;;;;;;;;;;;;;;;;;;;;;;;;;;;;;;;;;;;;;;;;;;;;;;;;;;;;;;;;;;;;;;;;;;;;;;;;;;;;;;;;;;;;;;;;;;;;;;;;;;;;;;;;;;;;;;;;;;;;;;;;;;;;;;;;;;;;;;;;;;;;;;;;;;;;;;;;;;;;;;;;;;;;;;;;;;;;;;;;;;;;;;;;;;;;;;;;;;;;;;56.00;;;;;;;;;;;;;;;;;;;;;;;;;;;;;;;;;;;36.00;36.00;37.00;;;;;;;;;;;;;;48.00;47.00;48.00;;;;46.90;;;;;;;;;;;1732.90;2000.00;16.60;0.00;0.00;20.50;;;;;;;;;;;;;;;;;;;;;;2000.10;2000.10;1;1;;;;;;;;;;;;;;;;;;;;;;;;0.60;0;0;0.00;0.00;;;;;95.00;95.00;96.00;;100.00;100.00;101.00;;92.00;91.00;92.00;;;;;;;;;;;;;0;13.40;17.80;9.80;14.90;16.10;13.70;2001;2111;1766;232;231;1551.80;;;26471260;13.00;;;;;;31.00
1576638600000;2019-12-18T04:10:00.000+0100;;;;;;;;;1.00;277.50;380.20;380.70;380.00;1779.00;1762.00;1762.00;7.90;;;;;7.90;7.90;;;;;;;;;1.0;;;;;;;;;;;;;;;;;;;;;;;;;;;;;;;;;;;;;;;;;;;;50.00;;;;;;;;;;;;;;;;;;;;;;;;;;;;;;;;;;;;;;40.00;55.00;38.00;13.00;;;;59.00;73.00;61.00;;;;;;;;;1686.00;1462.20;292.800;231.700;;;;;;;;;;;;;2000.100;0.000;;;;;;;;;;99.00;95.00;98.00;;;;;;;;;69709;;;;;;;;;;;;;;1992.800;;;;;;;;;;;;44.00;50.00;;;;;;;;;;;;;;0;0.00;0.00;;232.50;;3.00;-1.60;-4.00;;1.00;0.00;;;;-3.80;;;;13.50;;;;1.40;12.90;8.50;18.60;1.70;13.10;7.80;20.50;1.80;-1.10;15.20;3.50;25.00;;;;21.00;;;;32.00;;;;;;;;28.00;;;;;;;;;;;;58.00;;;;;;;;;;;;;;;;;;;;;;;;;;;;;;;;;;;;;;;;;;;;;;;;;;;;;;;;;;;;;;;;;;;;;;;;;;;;;;;;;;;;;;;;;;;;;;;;;;;;;;;;;;;;;;;;;;;;;;;;;;;;;;;;;;;;;;;;;;;;;;;;;;;;;;;;;;;;;;;;;;;;;;;;;;;;;;;;;;;;;;;;;;;;;;;;;;;;;;;;;;;;;;;;;;;;;;56.00;;;;;;;;;;;;;;;;;;;;;;;;;;;;;;;;;;;36.00;36.00;37.00;;;;;;;;;;;;;;48.00;48.00;48.00;;;;37.00;;;;;;;;;;;1666.60;2000.00;38.60;0.00;0.00;42.20;;;;;;;;;;;;;;;;;;;;;;2000.10;2000.10;1;1;;;;;;;;;;;;;;;;;;;;;;;;0.30;0;0;0.00;0.00;;;;;96.00;96.00;96.00;;101.00;101.00;101.00;;92.00;92.00;93.00;;;;;;;;;;;;;0;13.00;16.90;9.40;14.90;16.10;14.00;1997;2115;1673;234;232;1550.60;;;26471592;13.00;;;;;;31.00
1576639200000;2019-12-18T04:20:00.000+0100;;;;;;;;;1.00;278.00;380.40;381.20;380.30;1781.00;1763.00;1764.00;9.50;;;;;9.50;9.50;;;;;;;;;1.0;;;;;;;;;;;;;;;;;;;;;;;;;;;;;;;;;;;;;;;;;;;;50.00;;;;;;;;;;;;;;;;;;;;;;;;;;;;;;;;;;;;;;40.00;55.00;37.00;13.00;;;;57.00;71.00;59.00;;;;;;;;;1658.30;1436.90;287.300;263.900;;;;;;;;;;;;;2000.100;0.000;;;;;;;;;;99.00;95.00;98.00;;;;;;;;;69709;;;;;;;;;;;;;;1999.900;;;;;;;;;;;;44.00;50.00;;;;;;;;;;;;;;0;0.00;0.00;;228.50;;3.00;1.30;-3.30;;1.20;3.50;;;;0.00;;;;14.20;;;;1.40;13.40;8.50;20.10;1.70;13.50;8.40;19.90;1.70;2.00;16.80;2.80;25.00;;;;21.00;;;;31.00;;;;;;;;28.00;;;;;;;;;;;;58.00;;;;;;;;;;;;;;;;;;;;;;;;;;;;;;;;;;;;;;;;;;;;;;;;;;;;;;;;;;;;;;;;;;;;;;;;;;;;;;;;;;;;;;;;;;;;;;;;;;;;;;;;;;;;;;;;;;;;;;;;;;;;;;;;;;;;;;;;;;;;;;;;;;;;;;;;;;;;;;;;;;;;;;;;;;;;;;;;;;;;;;;;;;;;;;;;;;;;;;;;;;;;;;;;;;;;;;56.00;;;;;;;;;;;;;;;;;;;;;;;;;;;;;;;;;;;36.00;36.00;37.00;;;;;;;;;;;;;;48.00;48.00;48.00;;;;41.20;;;;;;;;;;;1886.30;2000.00;3.60;0.00;0.00;8.70;;;;;;;;;;;;;;;;;;;;;;2000.10;2000.10;1;1;;;;;;;;;;;;;;;;;;;;;;;;0.30;0;0;0.00;0.00;;;;;97.00;96.00;97.00;;101.00;101.00;102.00;;93.00;92.00;93.00;;;;;;;;;;;;;0;13.50;17.90;10.40;14.90;15.80;13.70;2001;2082;1900;232;234;1551.50;;;26471926;13.00;;;;;;30.00
1576639800000;2019-12-18T04:30:00.000+0100;;;;;;;;;1.00;278.00;380.30;381.00;380.20;1781.00;1763.00;1764.00;10.30;;;;;10.30;10.30;;;;;;;;;1.0;;;;;;;;;;;;;;;;;;;;;;;;;;;;;;;;;;;;;;;;;;;;50.00;;;;;;;;;;;;;;;;;;;;;;;;;;;;;;;;;;;;;;40.00;55.00;37.00;13.00;;;;56.00;70.00;58.00;;;;;;;;;1661.60;1453.00;293.200;236.000;;;;;;;;;;;;;2000.100;0.000;;;;;;;;;;99.00;95.00;98.00;;;;;;;;;69710;;;;;;;;;;;;;;1998.700;;;;;;;;;;;;45.00;50.00;;;;;;;;;;;;;;0;0.00;0.00;;234.10;;3.00;-1.70;-2.70;;1.10;-0.10;;;;-3.70;;;;14.50;;;;1.30;14.00;8.40;19.10;1.60;14.10;9.90;20.30;1.70;0.80;16.50;2.80;25.00;;;;21.00;;;;31.00;;;;;;;;28.00;;;;;;;;;;;;58.00;;;;;;;;;;;;;;;;;;;;;;;;;;;;;;;;;;;;;;;;;;;;;;;;;;;;;;;;;;;;;;;;;;;;;;;;;;;;;;;;;;;;;;;;;;;;;;;;;;;;;;;;;;;;;;;;;;;;;;;;;;;;;;;;;;;;;;;;;;;;;;;;;;;;;;;;;;;;;;;;;;;;;;;;;;;;;;;;;;;;;;;;;;;;;;;;;;;;;;;;;;;;;;;;;;;;;;56.00;;;;;;;;;;;;;;;;;;;;;;;;;;;;;;;;;;;36.00;36.00;37.00;;;;;;;;;;;;;;48.00;47.00;48.00;;;;40.00;;;;;;;;;;;1689.20;2000.00;17.30;0.00;0.00;20.50;;;;;;;;;;;;;;;;;;;;;;2000.10;2000.10;1;1;;;;;;;;;;;;;;;;;;;;;;;;0.30;0;0;0.00;0.00;;;;;97.00;97.00;97.00;;102.00;102.00;102.00;;93.00;93.00;93.00;;;;;;;;;;;;;0;14.10;18.00;10.80;14.90;15.80;14.00;2000;2115;1706;237;235;1549.70;;;26472258;13.00;;;;;;30.00
1576640400000;2019-12-18T04:40:00.000+0100;;;;;;;;;1.00;278.10;381.40;382.10;381.40;1777.00;1760.00;1760.00;9.70;;;;;9.70;9.70;;;;;;;;;1.0;;;;;;;;;;;;;;;;;;;;;;;;;;;;;;;;;;;;;;;;;;;;50.00;;;;;;;;;;;;;;;;;;;;;;;;;;;;;;;;;;;;;;40.00;55.00;37.00;13.00;;;;56.00;70.00;57.00;;;;;;;;;1669.00;1433.90;292.200;252.900;;;;;;;;;;;;;2000.100;0.000;;;;;;;;;;99.00;95.00;99.00;;;;;;;;;69710;;;;;;;;;;;;;;1999.000;;;;;;;;;;;;45.00;50.00;;;;;;;;;;;;;;0;0.00;0.00;;236.90;;3.00;-0.40;-5.90;;1.70;0.80;;;;-2.00;;;;14.20;;;;1.30;13.60;8.90;19.70;1.60;13.60;8.90;19.50;1.60;0.70;15.20;2.90;25.00;;;;21.00;;;;33.00;;;;;;;;28.00;;;;;;;;;;;;58.00;;;;;;;;;;;;;;;;;;;;;;;;;;;;;;;;;;;;;;;;;;;;;;;;;;;;;;;;;;;;;;;;;;;;;;;;;;;;;;;;;;;;;;;;;;;;;;;;;;;;;;;;;;;;;;;;;;;;;;;;;;;;;;;;;;;;;;;;;;;;;;;;;;;;;;;;;;;;;;;;;;;;;;;;;;;;;;;;;;;;;;;;;;;;;;;;;;;;;;;;;;;;;;;;;;;;;;56.00;;;;;;;;;;;;;;;;;;;;;;;;;;;;;;;;;;;36.00;36.00;37.00;;;;;;;;;;;;;;48.00;47.00;48.00;;;;42.10;;;;;;;;;;;1808.10;2000.00;11.10;0.00;0.00;17.20;;;;;;;;;;;;;;;;;;;;;;2000.10;2000.10;1;1;;;;;;;;;;;;;;;;;;;;;;;;0.30;0;0;0.00;0.00;;;;;97.00;97.00;98.00;;102.00;102.00;103.00;;93.00;93.00;94.00;;;;;;;;;;;;;0;13.60;17.20;10.40;14.90;16.10;13.70;2001;2112;1822;237;236;1550.60;;;26472592;13.00;;;;;;30.00
1576641000000;2019-12-18T04:50:00.000+0100;;;;;;;;;1.00;277.80;379.90;380.60;379.70;1783.00;1764.00;1766.00;8.10;;;;;8.10;8.10;;;;;;;;;1.0;;;;;;;;;;;;;;;;;;;;;;;;;;;;;;;;;;;;;;;;;;;;50.00;;;;;;;;;;;;;;;;;;;;;;;;;;;;;;;;;;;;;;40.00;55.00;37.00;13.00;;;;55.00;69.00;57.00;;;;;;;;;1655.60;1427.60;292.900;241.300;;;;;;;;;;;;;2000.100;0.000;;;;;;;;;;99.00;95.00;98.00;;;;;;;;;69710;;;;;;;;;;;;;;1997.500;;;;;;;;;;;;45.00;50.00;;;;;;;;;;;;;;0;0.00;0.00;;235.60;;3.00;1.50;-4.70;;1.20;2.60;;;;0.00;;;;13.60;;;;1.30;12.80;8.60;18.20;1.60;12.90;8.70;19.10;1.60;0.30;14.70;3.20;25.00;;;;21.00;;;;35.00;;;;;;;;28.00;;;;;;;;;;;;58.00;;;;;;;;;;;;;;;;;;;;;;;;;;;;;;;;;;;;;;;;;;;;;;;;;;;;;;;;;;;;;;;;;;;;;;;;;;;;;;;;;;;;;;;;;;;;;;;;;;;;;;;;;;;;;;;;;;;;;;;;;;;;;;;;;;;;;;;;;;;;;;;;;;;;;;;;;;;;;;;;;;;;;;;;;;;;;;;;;;;;;;;;;;;;;;;;;;;;;;;;;;;;;;;;;;;;;;56.00;;;;;;;;;;;;;;;;;;;;;;;;;;;;;;;;;;;36.00;36.00;37.00;;;;;;;;;;;;;;48.00;47.00;48.00;;;;41.50;;;;;;;;;;;1723.30;2000.00;21.90;0.00;0.00;24.80;;;;;;;;;;;;;;;;;;;;;;2000.10;2000.10;1;1;;;;;;;;;;;;;;;;;;;;;;;;0.30;0;0;0.00;0.00;;;;;98.00;98.00;98.00;;103.00;103.00;103.00;;94.00;93.00;94.00;;;;;;;;;;;;;0;12.80;16.80;9.80;14.90;15.80;13.70;1999;2112;1730;236;237;1549.70;;;26472926;12.00;;;;;;31.00
1576641600000;2019-12-18T05:00:00.000+0100;;;;;;;;;1.00;277.10;379.20;380.00;379.10;1781.00;1763.00;1764.00;5.80;;;;;5.80;5.80;;;;;;;;;1.0;;;;;;;;;;;;;;;;;;;;;;;;;;;;;;;;;;;;;;;;;;;;50.00;;;;;;;;;;;;;;;;;;;;;;;;;;;;;;;;;;;;;;40.00;55.00;37.00;13.00;;;;55.00;69.00;56.00;;;;;;;;;1647.90;1458.10;293.400;224.700;;;;;;;;;;;;;2000.100;0.000;;;;;;;;;;99.00;95.00;98.00;;;;;;;;;69710;;;;;;;;;;;;;;1986.600;;;;;;;;;;;;45.00;50.00;;;;;;;;;;;;;;0;0.00;0.00;;238.10;;3.00;-0.10;-0.70;;1.30;1.30;;;;-2.10;;;;12.80;;;;1.20;12.10;8.10;17.40;1.50;12.20;7.60;18.40;1.60;-1.40;13.10;3.60;26.00;;;;21.00;;;;33.00;;;;;;;;28.00;;;;;;;;;;;;58.00;;;;;;;;;;;;;;;;;;;;;;;;;;;;;;;;;;;;;;;;;;;;;;;;;;;;;;;;;;;;;;;;;;;;;;;;;;;;;;;;;;;;;;;;;;;;;;;;;;;;;;;;;;;;;;;;;;;;;;;;;;;;;;;;;;;;;;;;;;;;;;;;;;;;;;;;;;;;;;;;;;;;;;;;;;;;;;;;;;;;;;;;;;;;;;;;;;;;;;;;;;;;;;;;;;;;;;56.00;;;;;;;;;;;;;;;;;;;;;;;;;;;;;;;;;;;36.00;36.00;36.00;;;;;;;;;;;;;;48.00;48.00;48.00;;;;34.90;;;;;;;;;;;1606.10;2000.00;47.70;0.00;0.00;52.90;;;;;;;;;;;;;;;;;;;;;;2000.10;2000.10;1;1;;;;;;;;;;;;;;;;;;;;;;;;0.30;0;0;0.00;1.00;;;;;98.00;98.00;98.00;;103.00;103.00;104.00;;94.00;94.00;94.00;;;;;;;;;;;;;0;12.10;16.10;9.70;14.90;15.80;14.00;1994;2110;1608;239;239;1552.10;;;26473258;12.00;;;;;;31.00
1576642200000;2019-12-18T05:10:00.000+0100;;;;;;;;;1.00;278.10;382.50;383.30;382.30;1772.00;1754.00;1755.00;8.40;;;;;8.40;8.40;;;;;;;;;1.0;;;;;;;;;;;;;;;;;;;;;;;;;;;;;;;;;;;;;;;;;;;;50.10;;;;;;;;;;;;;;;;;;;;;;;;;;;;;;;;;;;;;;40.00;55.00;37.00;13.00;;;;54.00;69.00;56.00;;;;;;;;;1657.10;1435.40;291.500;256.300;;;;;;;;;;;;;2000.100;0.000;;;;;;;;;;99.00;95.00;98.00;;;;;;;;;69710;;;;;;;;;;;;;;1999.000;;;;;;;;;;;;45.00;50.00;;;;;;;;;;;;;;0;0.00;0.00;;237.60;;3.00;-1.30;-8.30;;1.30;0.20;;;;-3.30;;;;13.70;;;;1.10;13.00;8.40;19.20;1.50;13.00;8.90;18.10;1.40;0.60;15.00;2.80;26.00;;;;21.00;;;;31.00;;;;;;;;28.00;;;;;;;;;;;;58.00;;;;;;;;;;;;;;;;;;;;;;;;;;;;;;;;;;;;;;;;;;;;;;;;;;;;;;;;;;;;;;;;;;;;;;;;;;;;;;;;;;;;;;;;;;;;;;;;;;;;;;;;;;;;;;;;;;;;;;;;;;;;;;;;;;;;;;;;;;;;;;;;;;;;;;;;;;;;;;;;;;;;;;;;;;;;;;;;;;;;;;;;;;;;;;;;;;;;;;;;;;;;;;;;;;;;;;56.00;;;;;;;;;;;;;;;;;;;;;;;;;;;;;;;;;;;36.00;36.00;36.00;;;;;;;;;;;;;;48.00;48.00;48.00;;;;37.30;;;;;;;;;;;1839.60;2000.00;9.90;0.00;0.00;15.40;;;;;;;;;;;;;;;;;;;;;;2000.10;2000.10;1;1;;;;;;;;;;;;;;;;;;;;;;;;0.30;0;0;0.00;0.00;;;;;98.00;98.00;99.00;;104.00;104.00;104.00;;94.00;94.00;95.00;;;;;;;;;;;;;0;13.00;16.90;10.20;14.90;15.80;13.70;2001;2103;1839;239;238;1550.00;;;26473592;12.00;;;;;;31.00
1576642800000;2019-12-18T05:20:00.000+0100;;;;;;;;;1.00;277.50;382.80;383.60;382.60;1767.00;1749.00;1750.00;6.10;;;;;6.10;6.20;;;;;;;;;1.0;;;;;;;;;;;;;;;;;;;;;;;;;;;;;;;;;;;;;;;;;;;;50.00;;;;;;;;;;;;;;;;;;;;;;;;;;;;;;;;;;;;;;40.00;55.00;37.00;13.00;;;;54.00;69.00;56.00;;;;;;;;;1670.80;1463.10;292.500;227.700;;;;;;;;;;;;;2000.100;0.000;;;;;;;;;;99.00;95.00;98.00;;;;;;;;;69710;;;;;;;;;;;;;;1989.200;;;;;;;;;;;;45.00;50.00;;;;;;;;;;;;;;0;0.00;0.00;;236.20;;3.00;-0.80;-8.70;;1.10;1.00;;;;-2.90;;;;12.80;;;;1.20;12.20;7.60;16.50;1.50;12.30;8.10;17.10;1.50;-0.70;13.10;3.40;26.00;;;;21.00;;;;31.00;;;;;;;;28.00;;;;;;;;;;;;58.00;;;;;;;;;;;;;;;;;;;;;;;;;;;;;;;;;;;;;;;;;;;;;;;;;;;;;;;;;;;;;;;;;;;;;;;;;;;;;;;;;;;;;;;;;;;;;;;;;;;;;;;;;;;;;;;;;;;;;;;;;;;;;;;;;;;;;;;;;;;;;;;;;;;;;;;;;;;;;;;;;;;;;;;;;;;;;;;;;;;;;;;;;;;;;;;;;;;;;;;;;;;;;;;;;;;;;;56.00;;;;;;;;;;;;;;;;;;;;;;;;;;;;;;;;;;;36.00;36.00;37.00;;;;;;;;;;;;;;48.00;48.00;48.00;;;;38.20;;;;;;;;;;;1625.70;2000.00;48.40;0.00;0.00;54.10;;;;;;;;;;;;;;;;;;;;;;2000.10;2000.10;1;1;;;;;;;;;;;;;;;;;;;;;;;;0.30;0;0;0.00;1.00;;;;;99.00;99.00;99.00;;104.00;104.00;104.00;;95.00;94.00;95.00;;;;;;;;;;;;;0;12.20;15.40;8.80;14.90;16.10;14.00;1997;2113;1644;239;238;1551.80;;;26473924;12.00;;;;;;30.00
1576643400000;2019-12-18T05:30:00.000+0100;;;;;;;;;1.00;278.00;382.20;383.10;382.10;1773.00;1755.00;1755.00;8.10;;;;;8.10;8.10;;;;;;;;;1.0;;;;;;;;;;;;;;;;;;;;;;;;;;;;;;;;;;;;;;;;;;;;50.00;;;;;;;;;;;;;;;;;;;;;;;;;;;;;;;;;;;;;;40.00;55.00;37.00;13.00;;;;54.00;69.00;55.00;;;;;;;;;1659.80;1444.60;287.500;265.600;;;;;;;;;;;;;2000.100;0.000;;;;;;;;;;99.00;95.00;98.00;;;;;;;;;69711;;;;;;;;;;;;;;1999.900;;;;;;;;;;;;45.00;50.00;;;;;;;;;;;;;;0;0.00;0.00;;238.90;;3.00;0.80;-5.80;;1.10;1.90;;;;-0.50;;;;13.60;;;;1.30;12.90;8.40;18.60;1.60;12.90;9.00;19.10;1.60;1.10;14.80;3.10;26.00;;;;21.00;;;;33.00;;;;;;;;28.00;;;;;;;;;;;;58.00;;;;;;;;;;;;;;;;;;;;;;;;;;;;;;;;;;;;;;;;;;;;;;;;;;;;;;;;;;;;;;;;;;;;;;;;;;;;;;;;;;;;;;;;;;;;;;;;;;;;;;;;;;;;;;;;;;;;;;;;;;;;;;;;;;;;;;;;;;;;;;;;;;;;;;;;;;;;;;;;;;;;;;;;;;;;;;;;;;;;;;;;;;;;;;;;;;;;;;;;;;;;;;;;;;;;;;56.00;;;;;;;;;;;;;;;;;;;;;;;;;;;;;;;;;;;36.00;36.00;36.00;;;;;;;;;;;;;;48.00;47.00;48.00;;;;38.20;;;;;;;;;;;1897.20;2000.00;3.40;0.00;0.00;8.70;;;;;;;;;;;;;;;;;;;;;;2000.10;2000.10;1;1;;;;;;;;;;;;;;;;;;;;;;;;0.30;0;0;0.00;0.00;;;;;99.00;99.00;99.00;;105.00;104.00;105.00;;95.00;95.00;95.00;;;;;;;;;;;;;0;12.90;17.20;10.70;14.90;15.80;13.70;2001;2075;1910;241;242;1550.00;;;26474258;12.00;;;;;;30.00
1576644000000;2019-12-18T05:40:00.000+0100;;;;;;;;;1.00;277.60;381.80;382.70;381.80;1772.00;1754.00;1754.00;6.60;;;;;6.60;6.60;;;;;;;;;1.0;;;;;;;;;;;;;;;;;;;;;;;;;;;;;;;;;;;;;;;;;;;;50.00;;;;;;;;;;;;;;;;;;;;;;;;;;;;;;;;;;;;;;40.00;55.00;37.00;13.00;;;;54.00;68.00;55.00;;;;;;;;;1666.90;1436.90;293.600;219.800;;;;;;;;;;;;;2000.100;0.000;;;;;;;;;;99.00;95.00;98.00;;;;;;;;;69711;;;;;;;;;;;;;;1990.800;;;;;;;;;;;;45.00;50.00;;;;;;;;;;;;;;0;0.00;0.00;;243.80;;3.00;-0.70;-9.90;;2.30;0.70;;;;-3.20;;;;13.00;;;;1.10;12.20;8.20;17.00;1.40;12.30;7.10;17.80;1.40;-0.40;14.10;2.90;26.00;;;;21.00;;;;35.00;;;;;;;;28.00;;;;;;;;;;;;58.00;;;;;;;;;;;;;;;;;;;;;;;;;;;;;;;;;;;;;;;;;;;;;;;;;;;;;;;;;;;;;;;;;;;;;;;;;;;;;;;;;;;;;;;;;;;;;;;;;;;;;;;;;;;;;;;;;;;;;;;;;;;;;;;;;;;;;;;;;;;;;;;;;;;;;;;;;;;;;;;;;;;;;;;;;;;;;;;;;;;;;;;;;;;;;;;;;;;;;;;;;;;;;;;;;;;;;;56.00;;;;;;;;;;;;;;;;;;;;;;;;;;;;;;;;;;;36.00;36.00;36.00;;;;;;;;;;;;;;48.00;47.00;48.00;;;;41.50;;;;;;;;;;;1573.90;2000.00;46.60;0.00;0.00;52.20;;;;;;;;;;;;;;;;;;;;;;2000.10;2000.10;1;1;;;;;;;;;;;;;;;;;;;;;;;;0.30;0;0;0.00;0.00;;;;;99.00;99.00;100.00;;105.00;105.00;105.00;;95.00;95.00;95.00;;;;;;;;;;;;;0;12.30;15.00;9.40;14.90;16.10;13.70;1998;2117;1582;244;244;1551.20;;;26474592;12.00;;;;;;30.00
1576644600000;2019-12-18T05:50:00.000+0100;;;;;;;;;1.00;277.50;381.20;382.10;381.10;1775.00;1756.00;1758.00;7.20;;;;;7.20;7.20;;;;;;;;;1.0;;;;;;;;;;;;;;;;;;;;;;;;;;;;;;;;;;;;;;;;;;;;50.00;;;;;;;;;;;;;;;;;;;;;;;;;;;;;;;;;;;;;;40.00;55.00;37.00;13.00;;;;54.00;68.00;55.00;;;;;;;;;1672.60;1410.30;292.100;239.200;;;;;;;;;;;;;2000.100;0.000;;;;;;;;;;99.00;95.00;98.00;;;;;;;;;69711;;;;;;;;;;;;;;1991.500;;;;;;;;;;;;45.00;50.00;;;;;;;;;;;;;;0;0.00;0.00;;245.80;;3.00;0.90;-3.70;;0.80;2.10;;;;-0.50;;;;13.20;;;;1.50;12.70;7.40;20.50;1.90;12.70;8.60;18.70;1.90;-0.70;15.80;3.50;26.00;;;;21.00;;;;32.00;;;;;;;;28.00;;;;;;;;;;;;58.00;;;;;;;;;;;;;;;;;;;;;;;;;;;;;;;;;;;;;;;;;;;;;;;;;;;;;;;;;;;;;;;;;;;;;;;;;;;;;;;;;;;;;;;;;;;;;;;;;;;;;;;;;;;;;;;;;;;;;;;;;;;;;;;;;;;;;;;;;;;;;;;;;;;;;;;;;;;;;;;;;;;;;;;;;;;;;;;;;;;;;;;;;;;;;;;;;;;;;;;;;;;;;;;;;;;;;;56.00;;;;;;;;;;;;;;;;;;;;;;;;;;;;;;;;;;;36.00;36.00;36.00;;;;;;;;;;;;;;48.00;47.00;48.00;;;;45.40;;;;;;;;;;;1718.30;2000.00;36.50;0.00;0.00;42.00;;;;;;;;;;;;;;;;;;;;;;2000.10;2000.10;1;1;;;;;;;;;;;;;;;;;;;;;;;;0.30;0;0;0.00;0.00;;;;;100.00;100.00;100.00;;105.00;105.00;106.00;;96.00;95.00;96.00;;;;;;;;;;;;;0;12.70;18.00;9.10;14.90;16.10;13.40;1998;2114;1721;248;249;1553.30;;;26474922;12.00;;;;;;31.00
1576645200000;2019-12-18T06:00:00.000+0100;;;;;;;;;1.00;273.00;381.60;382.30;381.60;1744.00;1726.00;1726.00;6.50;;;;;6.50;6.60;;;;;;;;;1.0;;;;;;;;;;;;;;;;;;;;;;;;;;;;;;;;;;;;;;;;;;;;50.00;;;;;;;;;;;;;;;;;;;;;;;;;;;;;;;;;;;;;;40.00;55.00;37.00;13.00;;;;54.00;68.00;55.00;;;;;;;;;1656.20;1454.20;292.800;159.100;;;;;;;;;;;;;2000.100;0.000;;;;;;;;;;99.00;95.00;98.00;;;;;;;;;69711;;;;;;;;;;;;;;1954.600;;;;;;;;;;;;45.00;50.00;;;;;;;;;;;;;;0;0.00;0.00;;245.50;;3.00;-0.70;-0.90;;2.60;1.60;;;;-2.40;;;;13.00;;;;1.60;12.50;6.80;19.80;1.90;12.60;7.60;20.30;1.90;-1.80;15.80;4.30;26.00;;;;21.00;;;;31.00;;;;;;;;28.00;;;;;;;;;;;;58.00;;;;;;;;;;;;;;;;;;;;;;;;;;;;;;;;;;;;;;;;;;;;;;;;;;;;;;;;;;;;;;;;;;;;;;;;;;;;;;;;;;;;;;;;;;;;;;;;;;;;;;;;;;;;;;;;;;;;;;;;;;;;;;;;;;;;;;;;;;;;;;;;;;;;;;;;;;;;;;;;;;;;;;;;;;;;;;;;;;;;;;;;;;;;;;;;;;;;;;;;;;;;;;;;;;;;;;56.00;;;;;;;;;;;;;;;;;;;;;;;;;;;;;;;;;;;36.00;36.00;36.00;;;;;;;;;;;;;;48.00;47.00;48.00;;;;37.30;;;;;;;;;;;1124.90;2000.00;134.00;0.00;0.00;135.40;;;;;;;;;;;;;;;;;;;;;;2000.10;2000.10;1;1;;;;;;;;;;;;;;;;;;;;;;;;0.30;0;0;0.00;0.00;;;;;100.00;100.00;100.00;;106.00;106.00;106.00;;96.00;96.00;96.00;;;;;;;;;;;;;0;12.60;17.60;8.90;14.90;15.80;14.00;1965;2114;1149;253;252;1549.70;;;26475250;12.00;;;;;;31.00
1576645800000;2019-12-18T06:10:00.000+0100;;;;;;;;;1.00;273.30;381.30;382.00;381.20;1748.00;1730.00;1731.00;4.80;;;;;4.80;4.80;;;;;;;;;1.0;;;;;;;;;;;;;;;;;;;;;;;;;;;;;;;;;;;;;;;;;;;;50.00;;;;;;;;;;;;;;;;;;;;;;;;;;;;;;;;;;;;;;40.00;55.00;37.00;12.00;;;;53.00;68.00;55.00;;;;;;;;;1675.60;1452.70;293.300;154.300;;;;;;;;;;;;;2000.100;0.000;;;;;;;;;;98.00;95.00;98.00;;;;;;;;;69711;;;;;;;;;;;;;;1955.500;;;;;;;;;;;;45.00;50.00;;;;;;;;;;;;;;0;0.00;0.00;;246.60;;3.00;1.00;0.00;;3.20;2.20;;;;-0.80;;;;12.30;;;;1.20;11.80;7.50;15.70;1.50;11.80;6.90;16.50;1.50;-2.00;11.20;3.30;26.00;;;;20.00;;;;32.00;;;;;;;;28.00;;;;;;;;;;;;58.00;;;;;;;;;;;;;;;;;;;;;;;;;;;;;;;;;;;;;;;;;;;;;;;;;;;;;;;;;;;;;;;;;;;;;;;;;;;;;;;;;;;;;;;;;;;;;;;;;;;;;;;;;;;;;;;;;;;;;;;;;;;;;;;;;;;;;;;;;;;;;;;;;;;;;;;;;;;;;;;;;;;;;;;;;;;;;;;;;;;;;;;;;;;;;;;;;;;;;;;;;;;;;;;;;;;;;;56.00;;;;;;;;;;;;;;;;;;;;;;;;;;;;;;;;;;;36.00;36.00;36.00;;;;;;;;;;;;;;48.00;47.00;48.00;;;;38.20;;;;;;;;;;;1092.50;2000.00;124.00;0.00;0.00;127.70;;;;;;;;;;;;;;;;;;;;;;2000.10;2000.10;1;1;;;;;;;;;;;;;;;;;;;;;;;;0.30;0;0;0.00;0.00;;;;;100.00;100.00;100.00;;106.00;106.00;106.00;;96.00;96.00;96.00;;;;;;;;;;;;;0;11.80;14.80;7.90;14.90;16.10;14.00;1967;2114;1121;253;254;1550.60;;;26475580;12.00;;;;;;30.00
1576646400000;2019-12-18T06:20:00.000+0100;;;;;;;;;1.00;199.80;381.30;382.00;381.40;1274.00;1262.00;1261.00;-0.70;;;;;-0.70;-0.70;;;;;;;;;1.0;;;;;;;;;;;;;;;;;;;;;;;;;;;;;;;;;;;;;;;;;;;;50.00;;;;;;;;;;;;;;;;;;;;;;;;;;;;;;;;;;;;;;40.00;55.00;37.00;12.00;;;;52.00;67.00;53.00;;;;;;;;;1640.70;1252.70;293.200;62.100;;;;;;;;;;;;;2000.100;0.000;;;;;;;;;;96.00;93.00;96.00;;;;;;;;;69711;;;;;;;;;;;;;;1426.000;;;;;;;;;;;;45.00;50.00;;;;;;;;;;;;;;0;0.00;0.00;;258.80;;3.00;-0.60;-6.90;;0.70;1.20;;;;-2.40;;;;9.60;;;;1.80;9.00;4.40;14.90;1.90;9.10;4.80;13.30;2.00;-2.40;7.10;2.10;26.00;;;;20.00;;;;33.00;;;;;;;;28.00;;;;;;;;;;;;58.00;;;;;;;;;;;;;;;;;;;;;;;;;;;;;;;;;;;;;;;;;;;;;;;;;;;;;;;;;;;;;;;;;;;;;;;;;;;;;;;;;;;;;;;;;;;;;;;;;;;;;;;;;;;;;;;;;;;;;;;;;;;;;;;;;;;;;;;;;;;;;;;;;;;;;;;;;;;;;;;;;;;;;;;;;;;;;;;;;;;;;;;;;;;;;;;;;;;;;;;;;;;;;;;;;;;;;;56.00;;;;;;;;;;;;;;;;;;;;;;;;;;;;;;;;;;;36.00;36.00;36.00;;;;;;;;;;;;;;47.00;47.00;48.00;;;;86.50;;;;;;;;;;;441.70;2000.00;480.80;0.00;0.00;492.90;;;;;;;;;;;;;;;;;;;;;;2000.10;2000.10;1;1;;;;;;;;;;;;;;;;;;;;;;;;0.90;0;0;0.00;0.00;;;;;100.00;100.00;101.00;;106.00;106.00;106.00;;96.00;96.00;96.00;;;;;;;;;;;;;0;9.10;12.50;5.10;14.30;15.80;11.90;1438;2112;448;259;259;1496.90;;;26475820;11.00;;;;;;30.00
1576647000000;2019-12-18T06:30:00.000+0100;;;;;;;;;1.00;187.90;380.60;381.10;380.70;1201.00;1190.00;1189.00;0.00;;;;;0.00;0.00;;;;;;;;;1.0;;;;;;;;;;;;;;;;;;;;;;;;;;;;;;;;;;;;;;;;;;;;50.00;;;;;;;;;;;;;;;;;;;;;;;;;;;;;;;;;;;;;;40.00;54.00;37.00;12.00;;;;53.00;66.00;53.00;;;;;;;;;1700.70;1048.30;293.200;31.500;;;;;;;;;;;;;2000.100;0.000;;;;;;;;;;92.00;89.00;92.00;;;;;;;;;69712;;;;;;;;;;;;;;1332.400;;;;;;;;;;;;45.00;49.00;;;;;;;;;;;;;;0;0.00;0.00;;263.20;;3.00;1.40;-0.60;;3.80;2.60;;;;-0.80;;;;9.50;;;;2.20;8.80;3.30;15.30;2.30;9.00;3.60;16.90;2.40;-2.40;12.60;3.40;26.00;;;;20.00;;;;34.00;;;;;;;;28.00;;;;;;;;;;;;57.00;;;;;;;;;;;;;;;;;;;;;;;;;;;;;;;;;;;;;;;;;;;;;;;;;;;;;;;;;;;;;;;;;;;;;;;;;;;;;;;;;;;;;;;;;;;;;;;;;;;;;;;;;;;;;;;;;;;;;;;;;;;;;;;;;;;;;;;;;;;;;;;;;;;;;;;;;;;;;;;;;;;;;;;;;;;;;;;;;;;;;;;;;;;;;;;;;;;;;;;;;;;;;;;;;;;;;;55.00;;;;;;;;;;;;;;;;;;;;;;;;;;;;;;;;;;;36.00;36.00;37.00;;;;;;;;;;;;;;46.00;46.00;47.00;;;;160.50;;;;;;;;;;;225.90;2000.00;614.80;0.00;0.00;634.20;;;;;;;;;;;;;;;;;;;;;;2000.10;2000.10;1;1;;;;;;;;;;;;;;;;;;;;;;;;1.50;0;0;0.00;0.00;;;;;99.00;98.00;101.00;;105.00;104.00;106.00;;94.00;94.00;96.00;;;;;;;;;;;;;0;8.90;14.50;4.70;14.00;16.40;10.10;1352;2117;230;268;270;1451.80;;;26476044;11.00;;;;;;29.00
1576647600000;2019-12-18T06:40:00.000+0100;;;;;;;;;1.00;256.50;381.40;381.80;381.40;1639.00;1623.00;1623.00;6.20;;;;;6.20;6.20;;;;;;;;;1.0;;;;;;;;;;;;;;;;;;;;;;;;;;;;;;;;;;;;;;;;;;;;50.00;;;;;;;;;;;;;;;;;;;;;;;;;;;;;;;;;;;;;;40.00;54.00;37.00;12.00;;;;62.00;71.00;60.00;;;;;;;;;1692.60;1074.00;292.700;68.000;;;;;;;;;;;;;2000.100;0.000;;;;;;;;;;92.00;89.00;92.00;;;;;;;;;69712;;;;;;;;;;;;;;1838.100;;;;;;;;;;;;44.00;49.00;;;;;;;;;;;;;;0;0.00;0.00;;268.00;;3.00;0.30;-6.70;;1.70;1.90;;;;-1.70;;;;12.60;;;;2.40;11.60;4.00;18.50;2.70;11.80;3.90;18.00;2.60;-2.30;15.40;4.90;26.00;;;;20.00;;;;32.00;;;;;;;;28.00;;;;;;;;;;;;57.00;;;;;;;;;;;;;;;;;;;;;;;;;;;;;;;;;;;;;;;;;;;;;;;;;;;;;;;;;;;;;;;;;;;;;;;;;;;;;;;;;;;;;;;;;;;;;;;;;;;;;;;;;;;;;;;;;;;;;;;;;;;;;;;;;;;;;;;;;;;;;;;;;;;;;;;;;;;;;;;;;;;;;;;;;;;;;;;;;;;;;;;;;;;;;;;;;;;;;;;;;;;;;;;;;;;;;;55.00;;;;;;;;;;;;;;;;;;;;;;;;;;;;;;;;;;;36.00;36.00;36.00;;;;;;;;;;;;;;47.00;46.00;47.00;;;;103.60;;;;;;;;;;;484.10;2000.00;398.80;0.00;0.00;402.80;;;;;;;;;;;;;;;;;;;;;;2000.10;2000.10;1;1;;;;;;;;;;;;;;;;;;;;;;;;0.90;0;0;0.00;0.00;;;;;98.00;98.00;98.00;;104.00;104.00;104.00;;93.00;93.00;94.00;;;;;;;;;;;;;0;11.70;16.30;4.80;14.60;16.10;10.40;1846;2120;489;270;270;1518.90;;;26476350;11.00;;;;;;28.00
1576648200000;2019-12-18T06:50:00.000+0100;;;;;;;;;1.00;276.80;382.80;383.10;382.80;1763.00;1745.00;1746.00;8.70;;;;;8.70;8.70;;;;;;;;;1.0;;;;;;;;;;;;;;;;;;;;;;;;;;;;;;;;;;;;;;;;;;;;50.00;;;;;;;;;;;;;;;;;;;;;;;;;;;;;;;;;;;;;;40.00;54.00;37.00;11.00;;;;69.00;77.00;67.00;;;;;;;;;1692.30;1419.30;292.900;185.200;;;;;;;;;;;;;2000.100;0.000;;;;;;;;;;94.00;91.00;94.00;;;;;;;;;69712;;;;;;;;;;;;;;1985.500;;;;;;;;;;;;43.00;49.00;;;;;;;;;;;;;;0;0.00;0.00;;275.50;;3.00;0.10;-7.10;;1.70;1.30;;;;-1.50;;;;13.90;;;;1.80;12.80;7.00;19.70;2.00;13.00;7.90;20.30;2.10;-1.70;16.70;4.00;26.00;;;;20.00;;;;31.00;;;;;;;;28.00;;;;;;;;;;;;57.00;;;;;;;;;;;;;;;;;;;;;;;;;;;;;;;;;;;;;;;;;;;;;;;;;;;;;;;;;;;;;;;;;;;;;;;;;;;;;;;;;;;;;;;;;;;;;;;;;;;;;;;;;;;;;;;;;;;;;;;;;;;;;;;;;;;;;;;;;;;;;;;;;;;;;;;;;;;;;;;;;;;;;;;;;;;;;;;;;;;;;;;;;;;;;;;;;;;;;;;;;;;;;;;;;;;;;;55.00;;;;;;;;;;;;;;;;;;;;;;;;;;;;;;;;;;;36.00;36.00;36.00;;;;;;;;;;;;;;47.00;47.00;47.00;;;;44.50;;;;;;;;;;;1320.80;2000.00;74.00;0.00;0.00;76.00;;;;;;;;;;;;;;;;;;;;;;2000.10;2000.10;1;1;;;;;;;;;;;;;;;;;;;;;;;;0.30;0;0;0.00;0.00;;;;;98.00;97.00;98.00;;104.00;104.00;104.00;;93.00;93.00;93.00;;;;;;;;;;;;;0;12.90;18.70;8.20;14.90;16.10;13.70;1992;2115;1340;270;270;1552.10;;;26476684;10.00;;;;;;29.00
1576648800000;2019-12-18T07:00:00.000+0100;;;;;;;;;1.00;270.80;383.60;383.80;383.60;1721.00;1704.00;1704.00;3.30;;;;;3.20;3.30;;;;;;;;;1.0;;;;;;;;;;;;;;;;;;;;;;;;;;;;;;;;;;;;;;;;;;;;50.00;;;;;;;;;;;;;;;;;;;;;;;;;;;;;;;;;;;;;;40.00;55.00;37.00;11.00;;;;75.00;82.00;73.00;;;;;;;;;1670.80;1455.40;293.200;180.000;;;;;;;;;;;;;2000.100;0.000;;;;;;;;;;96.00;93.00;95.00;;;;;;;;;69712;;;;;;;;;;;;;;1933.000;;;;;;;;;;;;43.00;49.00;;;;;;;;;;;;;;0;0.00;0.00;;270.00;;3.00;1.50;0.70;;1.50;2.80;;;;-0.40;;;;11.80;;;;1.30;11.00;6.40;17.10;1.60;11.20;6.60;16.60;1.50;-2.20;13.80;3.80;26.00;;;;20.00;;;;32.00;;;;;;;;28.00;;;;;;;;;;;;57.00;;;;;;;;;;;;;;;;;;;;;;;;;;;;;;;;;;;;;;;;;;;;;;;;;;;;;;;;;;;;;;;;;;;;;;;;;;;;;;;;;;;;;;;;;;;;;;;;;;;;;;;;;;;;;;;;;;;;;;;;;;;;;;;;;;;;;;;;;;;;;;;;;;;;;;;;;;;;;;;;;;;;;;;;;;;;;;;;;;;;;;;;;;;;;;;;;;;;;;;;;;;;;;;;;;;;;;56.00;;;;;;;;;;;;;;;;;;;;;;;;;;;;;;;;;;;36.00;36.00;36.00;;;;;;;;;;;;;;47.00;47.00;47.00;;;;33.70;;;;;;;;;;;1291.40;2000.00;137.00;0.00;0.00;142.10;;;;;;;;;;;;;;;;;;;;;;2000.10;2000.10;1;1;;;;;;;;;;;;;;;;;;;;;;;;0.30;0;0;0.00;0.00;;;;;98.00;97.00;98.00;;104.00;104.00;104.00;;93.00;93.00;93.00;;;;;;;;;;;;;0;11.10;15.00;7.50;14.90;16.10;14.00;1948;2114;1298;273;275;1549.70;;;26477008;10.00;;;;;;28.00
1576649400000;2019-12-18T07:10:00.000+0100;;;;;;;;;1.00;272.60;383.20;383.50;383.20;1734.00;1717.00;1717.00;4.70;;;;;4.70;4.80;;;;;;;;;1.0;;;;;;;;;;;;;;;;;;;;;;;;;;;;;;;;;;;;;;;;;;;;50.00;;;;;;;;;;;;;;;;;;;;;;;;;;;;;;;;;;;;;;40.00;55.00;37.00;11.00;;;;80.00;85.00;77.00;;;;;;;;;1677.40;1444.60;293.100;183.900;;;;;;;;;;;;;2000.100;0.000;;;;;;;;;;96.00;93.00;96.00;;;;;;;;;69712;;;;;;;;;;;;;;1947.400;;;;;;;;;;;;42.00;48.00;;;;;;;;;;;;;;0;0.00;0.00;;275.90;;3.00;-1.50;-1.70;;1.70;0.00;;;;-3.10;;;;12.40;;;;1.50;11.70;6.70;18.10;1.80;11.80;6.90;17.40;1.70;-2.00;14.10;4.40;26.00;;;;20.00;;;;34.00;;;;;;;;28.00;;;;;;;;;;;;57.00;;;;;;;;;;;;;;;;;;;;;;;;;;;;;;;;;;;;;;;;;;;;;;;;;;;;;;;;;;;;;;;;;;;;;;;;;;;;;;;;;;;;;;;;;;;;;;;;;;;;;;;;;;;;;;;;;;;;;;;;;;;;;;;;;;;;;;;;;;;;;;;;;;;;;;;;;;;;;;;;;;;;;;;;;;;;;;;;;;;;;;;;;;;;;;;;;;;;;;;;;;;;;;;;;;;;;;56.00;;;;;;;;;;;;;;;;;;;;;;;;;;;;;;;;;;;36.00;36.00;36.00;;;;;;;;;;;;;;47.00;47.00;47.00;;;;35.80;;;;;;;;;;;1315.30;2000.00;129.10;0.00;0.00;133.90;;;;;;;;;;;;;;;;;;;;;;2000.10;2000.10;1;1;;;;;;;;;;;;;;;;;;;;;;;;0.30;0;0;0.00;0.00;;;;;98.00;98.00;98.00;;104.00;104.00;104.00;;94.00;93.00;94.00;;;;;;;;;;;;;0;11.70;16.00;7.40;14.90;16.10;13.70;1961;2114;1325;277;275;1551.80;;;26477334;9.00;;;;;;27.00
1576650000000;2019-12-18T07:20:00.000+0100;;;;;;;;;1.00;268.20;382.30;382.60;382.30;1710.00;1693.00;1693.00;3.50;;;;;3.50;3.50;;;;;;;;;1.0;;;;;;;;;;;;;;;;;;;;;;;;;;;;;;;;;;;;;;;;;;;;50.00;;;;;;;;;;;;;;;;;;;;;;;;;;;;;;;;;;;;;;40.00;55.00;37.00;10.00;;;;83.00;88.00;81.00;;;;;;;;;1692.00;1469.70;293.200;159.400;;;;;;;;;;;;;2000.100;0.000;;;;;;;;;;97.00;93.00;96.00;;;;;;;;;69712;;;;;;;;;;;;;;1911.000;;;;;;;;;;;;42.00;48.00;;;;;;;;;;;;;;0;0.00;0.00;;274.00;;3.00;0.80;-3.70;;1.40;2.10;;;;-0.80;;;;11.80;;;;1.40;11.10;7.10;15.90;1.70;11.30;7.20;16.20;1.70;-2.30;11.00;3.70;26.00;;;;20.00;;;;34.00;;;;;;;;28.00;;;;;;;;;;;;57.00;;;;;;;;;;;;;;;;;;;;;;;;;;;;;;;;;;;;;;;;;;;;;;;;;;;;;;;;;;;;;;;;;;;;;;;;;;;;;;;;;;;;;;;;;;;;;;;;;;;;;;;;;;;;;;;;;;;;;;;;;;;;;;;;;;;;;;;;;;;;;;;;;;;;;;;;;;;;;;;;;;;;;;;;;;;;;;;;;;;;;;;;;;;;;;;;;;;;;;;;;;;;;;;;;;;;;;56.00;;;;;;;;;;;;;;;;;;;;;;;;;;;;;;;;;;;36.00;35.00;36.00;;;;;;;;;;;;;;47.00;47.00;47.00;;;;34.90;;;;;;;;;;;1136.90;2000.00;180.60;0.00;0.00;187.70;;;;;;;;;;;;;;;;;;;;;;2000.10;2000.10;1;1;;;;;;;;;;;;;;;;;;;;;;;;0.30;0;0;0.00;0.00;;;;;98.00;98.00;98.00;;104.00;104.00;104.00;;94.00;94.00;94.00;;;;;;;;;;;;;0;11.20;14.30;7.70;14.90;16.10;14.00;1930;2119;1156;274;275;1549.40;;;26477656;9.00;;;;;;27.00
1576650600000;2019-12-18T07:30:00.000+0100;;;;;;;;;1.00;272.60;382.60;382.80;382.60;1736.00;1719.00;1719.00;5.00;;;;;5.00;5.00;;;;;;;;;1.0;;;;;;;;;;;;;;;;;;;;;;;;;;;;;;;;;;;;;;;;;;;;50.00;;;;;;;;;;;;;;;;;;;;;;;;;;;;;;;;;;;;;;40.00;55.00;37.00;10.00;;;;83.00;89.00;82.00;;;;;;;;;1666.70;1454.80;293.300;165.700;;;;;;;;;;;;;2000.100;0.000;;;;;;;;;;97.00;93.00;96.00;;;;;;;;;69713;;;;;;;;;;;;;;1951.700;;;;;;;;;;;;42.00;48.00;;;;;;;;;;;;;;0;0.00;0.00;;285.40;;3.00;-0.40;-9.00;;1.90;1.10;;;;-2.10;;;;12.30;;;;1.20;11.60;4.80;16.20;1.50;11.80;6.80;15.60;1.40;-2.30;11.30;3.50;25.00;;;;20.00;;;;31.00;;;;;;;;28.00;;;;;;;;;;;;57.00;;;;;;;;;;;;;;;;;;;;;;;;;;;;;;;;;;;;;;;;;;;;;;;;;;;;;;;;;;;;;;;;;;;;;;;;;;;;;;;;;;;;;;;;;;;;;;;;;;;;;;;;;;;;;;;;;;;;;;;;;;;;;;;;;;;;;;;;;;;;;;;;;;;;;;;;;;;;;;;;;;;;;;;;;;;;;;;;;;;;;;;;;;;;;;;;;;;;;;;;;;;;;;;;;;;;;;56.00;;;;;;;;;;;;;;;;;;;;;;;;;;;;;;;;;;;36.00;35.00;36.00;;;;;;;;;;;;;;47.00;47.00;47.00;;;;32.20;;;;;;;;;;;1179.60;2000.00;135.20;0.00;0.00;137.30;;;;;;;;;;;;;;;;;;;;;;2000.10;2000.10;1;1;;;;;;;;;;;;;;;;;;;;;;;;0.30;0;0;0.00;0.00;;;;;99.00;98.00;100.00;;105.00;104.00;106.00;;95.00;94.00;97.00;;;;;;;;;;;;;0;11.70;14.70;7.00;14.90;16.10;14.00;1962;2113;1208;278;278;1551.20;;;26477984;8.00;;;;;;27.00
1576651200000;2019-12-18T07:40:00.000+0100;;;;;;;;;1.00;267.90;385.10;385.50;385.20;1695.00;1679.00;1679.00;3.20;;;;;3.20;3.20;;;;;;;;;1.0;;;;;;;;;;;;;;;;;;;;;;;;;;;;;;;;;;;;;;;;;;;;50.00;;;;;;;;;;;;;;;;;;;;;;;;;;;;;;;;;;;;;;40.00;55.00;37.00;10.00;;;;70.00;82.00;72.00;;;;;;;;;1661.30;1473.00;292.800;140.000;;;;;;;;;;;;;2000.100;0.000;;;;;;;;;;97.00;93.00;97.00;;;;;;;;;69713;;;;;;;;;;;;;;1915.700;;;;;;;;;;;;42.00;48.00;;;;;;;;;;;;;;0;0.00;0.00;;280.20;;3.00;0.30;-0.70;;1.30;2.20;;;;-1.70;;;;11.70;;;;1.10;11.20;7.00;14.70;1.40;11.40;7.70;15.30;1.40;-2.40;9.20;3.30;25.00;;;;19.00;;;;31.00;;;;;;;;28.00;;;;;;;;;;;;57.00;;;;;;;;;;;;;;;;;;;;;;;;;;;;;;;;;;;;;;;;;;;;;;;;;;;;;;;;;;;;;;;;;;;;;;;;;;;;;;;;;;;;;;;;;;;;;;;;;;;;;;;;;;;;;;;;;;;;;;;;;;;;;;;;;;;;;;;;;;;;;;;;;;;;;;;;;;;;;;;;;;;;;;;;;;;;;;;;;;;;;;;;;;;;;;;;;;;;;;;;;;;;;;;;;;;;;;56.00;;;;;;;;;;;;;;;;;;;;;;;;;;;;;;;;;;;36.00;35.00;36.00;;;;;;;;;;;;;;47.00;47.00;47.00;;;;27.20;;;;;;;;;;;997.90;2000.00;195.40;0.00;0.00;198.10;;;;;;;;;;;;;;;;;;;;;;2000.10;2000.10;1;1;;;;;;;;;;;;;;;;;;;;;;;;0.30;0;0;0.00;0.00;;;;;101.00;100.00;101.00;;107.00;106.00;107.00;;97.00;97.00;97.00;;;;;;;;;;;;;0;11.30;13.60;8.20;14.90;15.80;14.00;1928;2113;1005;277;278;1551.20;;;26478306;8.00;;;;;;27.00
1576651800000;2019-12-18T07:50:00.000+0100;;;;;;;;;1.00;252.90;382.30;382.70;382.40;1612.00;1596.00;1596.00;0.00;;;;;0.00;0.00;;;;;;;;;1.0;;;;;;;;;;;;;;;;;;;;;;;;;;;;;;;;;;;;;;;;;;;;50.00;;;;;;;;;;;;;;;;;;;;;;;;;;;;;;;;;;;;;;39.00;55.00;37.00;9.00;;;;62.00;77.00;64.00;;;;;;;;;1634.10;1478.90;292.800;82.200;;;;;;;;;;;;;2000.100;0.000;;;;;;;;;;97.00;93.00;96.00;;;;;;;;;69713;;;;;;;;;;;;;;1804.000;;;;;;;;;;;;42.00;48.00;;;;;;;;;;;;;;0;0.00;0.00;;279.10;;3.00;0.20;-2.30;;0.50;2.20;;;;-1.30;;;;10.70;;;;1.00;10.30;4.80;13.70;1.30;10.40;6.40;14.30;1.20;-2.50;7.80;2.40;25.00;;;;19.00;;;;33.00;;;;;;;;28.00;;;;;;;;;;;;57.00;;;;;;;;;;;;;;;;;;;;;;;;;;;;;;;;;;;;;;;;;;;;;;;;;;;;;;;;;;;;;;;;;;;;;;;;;;;;;;;;;;;;;;;;;;;;;;;;;;;;;;;;;;;;;;;;;;;;;;;;;;;;;;;;;;;;;;;;;;;;;;;;;;;;;;;;;;;;;;;;;;;;;;;;;;;;;;;;;;;;;;;;;;;;;;;;;;;;;;;;;;;;;;;;;;;;;;55.00;;;;;;;;;;;;;;;;;;;;;;;;;;;;;;;;;;;36.00;35.00;36.00;;;;;;;;;;;;;;47.00;47.00;47.00;;;;21.80;;;;;;;;;;;583.10;2000.00;241.90;0.00;0.00;251.70;;;;;;;;;;;;;;;;;;;;;;2000.10;2000.10;1;1;;;;;;;;;;;;;;;;;;;;;;;;0.30;0;0;0.00;0.00;;;;;101.00;101.00;101.00;;107.00;107.00;108.00;;97.00;97.00;98.00;;;;;;;;;;;;;0;10.30;13.10;6.70;14.90;15.80;14.30;1820;2108;599;277;278;1549.70;;;26478608;8.00;;;;;;28.00
1576652400000;2019-12-18T08:00:00.000+0100;;;;;;;;;1.00;178.00;381.00;381.30;381.20;1137.00;1126.00;1125.00;-1.30;;;;;-1.30;-1.30;;;;;;;;;1.0;;;;;;;;;;;;;;;;;;;;;;;;;;;;;;;;;;;;;;;;;;;;50.00;;;;;;;;;;;;;;;;;;;;;;;;;;;;;;;;;;;;;;39.00;54.00;36.00;9.00;;;;55.00;71.00;58.00;;;;;;;;;1651.70;1145.00;292.700;27.600;;;;;;;;;;;;;2000.100;0.000;;;;;;;;;;94.00;91.00;94.00;;;;;;;;;69713;;;;;;;;;;;;;;1271.200;;;;;;;;;;;;42.00;47.00;;;;;;;;;;;;;;0;0.00;0.00;;276.60;;3.00;0.00;-1.10;;1.50;2.20;;;;-1.90;;;;9.00;;;;1.70;8.60;3.70;13.70;1.90;8.70;4.40;13.60;1.80;-2.50;5.40;1.80;25.00;;;;19.00;;;;34.00;;;;;;;;28.00;;;;;;;;;;;;57.00;;;;;;;;;;;;;;;;;;;;;;;;;;;;;;;;;;;;;;;;;;;;;;;;;;;;;;;;;;;;;;;;;;;;;;;;;;;;;;;;;;;;;;;;;;;;;;;;;;;;;;;;;;;;;;;;;;;;;;;;;;;;;;;;;;;;;;;;;;;;;;;;;;;;;;;;;;;;;;;;;;;;;;;;;;;;;;;;;;;;;;;;;;;;;;;;;;;;;;;;;;;;;;;;;;;;;;55.00;;;;;;;;;;;;;;;;;;;;;;;;;;;;;;;;;;;36.00;35.00;36.00;;;;;;;;;;;;;;46.00;46.00;47.00;;;;108.90;;;;;;;;;;;196.20;2000.00;464.10;0.00;0.00;477.10;;;;;;;;;;;;;;;;;;;;;;2000.10;2000.10;1;1;;;;;;;;;;;;;;;;;;;;;;;;1.20;0;0;0.00;0.00;;;;;102.00;101.00;102.00;;108.00;108.00;108.00;;98.00;97.00;98.00;;;;;;;;;;;;;0;8.60;12.40;4.90;14.30;15.80;11.00;1281;2116;202;277;277;1491.20;;;26478820;8.00;;;;;;28.00
1576653000000;2019-12-18T08:10:00.000+0100;;;;;;;;;1.00;91.30;379.20;379.60;379.60;587.00;581.00;581.00;-2.10;;;;;-2.10;-2.10;;;;;;;;;1.0;;;;;;;;;;;;;;;;;;;;;;;;;;;;;;;;;;;;;;;;;;;;50.00;;;;;;;;;;;;;;;;;;;;;;;;;;;;;;;;;;;;;;39.00;52.00;36.00;9.00;;;;50.00;65.00;51.00;;;;;;;;;1560.40;1077.90;201.800;22.100;;;;;;;;;;;;;2000.100;0.000;;;;;;;;;;87.00;84.00;87.00;;;;;;;;;69713;;;;;;;;;;;;;;656.900;;;;;;;;;;;;42.00;47.00;;;;;;;;;;;;;;0;0.00;0.00;;275.50;;3.00;-1.70;-10.40;;1.40;0.00;;;;-3.90;;;;7.20;;;;1.00;6.70;2.90;11.00;1.20;6.90;3.00;10.50;1.10;-2.40;-1.60;0.10;25.00;;;;19.00;;;;34.00;;;;;;;;28.00;;;;;;;;;;;;56.00;;;;;;;;;;;;;;;;;;;;;;;;;;;;;;;;;;;;;;;;;;;;;;;;;;;;;;;;;;;;;;;;;;;;;;;;;;;;;;;;;;;;;;;;;;;;;;;;;;;;;;;;;;;;;;;;;;;;;;;;;;;;;;;;;;;;;;;;;;;;;;;;;;;;;;;;;;;;;;;;;;;;;;;;;;;;;;;;;;;;;;;;;;;;;;;;;;;;;;;;;;;;;;;;;;;;;;53.00;;;;;;;;;;;;;;;;;;;;;;;;;;;;;;;;;;;35.00;35.00;36.00;;;;;;;;;;;;;;46.00;45.00;46.00;;;;118.50;;;;;;;;;;;156.70;1459.00;226.40;0.00;0.00;226.20;;;;;;;;;;;;;;;;;;;;;;2000.10;2000.10;1;1;;;;;;;;;;;;;;;;;;;;;;;;1.20;0;0;0.00;0.00;;;;;100.00;99.00;102.00;;107.00;106.00;108.00;;96.00;95.00;98.00;;;;;;;;;;;;;0;6.80;9.70;4.10;12.80;14.90;10.40;657;1451;159;275;274;1333.30;;;26478930;7.00;;;;;;27.00
1576653600000;2019-12-18T08:20:00.000+0100;;;;;;;;;1.00;60.40;378.60;379.10;379.00;389.00;385.00;384.00;-2.00;;;;;-2.00;-2.00;;;;;;;;;1.0;;;;;;;;;;;;;;;;;;;;;;;;;;;;;;;;;;;;;;;;;;;;50.00;;;;;;;;;;;;;;;;;;;;;;;;;;;;;;;;;;;;;;39.00;51.00;35.00;9.00;;;;53.00;64.00;52.00;;;;;;;;;1509.40;908.40;127.000;22.700;;;;;;;;;;;;;2000.100;0.000;;;;;;;;;;80.00;77.00;81.00;;;;;;;;;69713;;;;;;;;;;;;;;434.600;;;;;;;;;;;;41.00;46.00;;;;;;;;;;;;;;0;0.00;0.00;;275.50;;3.00;-1.00;-9.90;;2.30;1.00;;;;-2.80;;;;6.30;;;;0.90;5.50;2.20;9.60;1.20;5.70;2.30;9.70;1.10;-2.30;-1.30;0.20;25.00;;;;18.00;;;;31.00;;;;;;;;28.00;;;;;;;;;;;;54.00;;;;;;;;;;;;;;;;;;;;;;;;;;;;;;;;;;;;;;;;;;;;;;;;;;;;;;;;;;;;;;;;;;;;;;;;;;;;;;;;;;;;;;;;;;;;;;;;;;;;;;;;;;;;;;;;;;;;;;;;;;;;;;;;;;;;;;;;;;;;;;;;;;;;;;;;;;;;;;;;;;;;;;;;;;;;;;;;;;;;;;;;;;;;;;;;;;;;;;;;;;;;;;;;;;;;;;51.00;;;;;;;;;;;;;;;;;;;;;;;;;;;;;;;;;;;35.00;34.00;36.00;;;;;;;;;;;;;;44.00;43.00;45.00;;;;131.00;;;;;;;;;;;165.90;932.40;160.40;0.00;0.00;160.40;;;;;;;;;;;;;;;;;;;;;;2000.10;2000.10;1;1;;;;;;;;;;;;;;;;;;;;;;;;1.20;0;0;0.00;0.00;;;;;98.00;98.00;99.00;;105.00;105.00;106.00;;94.00;94.00;95.00;;;;;;;;;;;;;0;5.60;8.70;2.90;10.70;14.60;8.70;435;912;170;270;269;1118.80;;;26479002;7.00;;;;;;26.00
1576654200000;2019-12-18T08:30:00.000+0100;;;;;;;;;1.00;14.50;376.60;377.00;377.10;251.00;247.00;246.00;-1.90;;;;;-1.90;-1.90;;;;;;;;;1.0;;;;;;;;;;;;;;;;;;;;;;;;;;;;;;;;;;;;;;;;;;;;50.00;;;;;;;;;;;;;;;;;;;;;;;;;;;;;;;;;;;;;;38.00;51.00;35.00;9.00;;;;53.00;62.00;52.00;;;;;;;;;1233.10;873.20;90.800;-17.200;;;;;;;;;;;;;2000.100;0.000;;;;;;;;;;75.00;72.00;75.00;;;;;;;;;69714;;;;;;;;;;;;;;278.700;;;;;;;;;;;;40.00;45.00;;;;;;;;;;;;;;0;0.00;0.00;;271.70;;3.00;0.80;-10.50;;2.30;2.30;;;;-0.30;;;;5.50;;;;0.80;4.80;2.10;8.50;1.00;4.90;1.80;8.80;1.00;-2.40;-0.70;0.40;25.00;;;;18.00;;;;31.00;;;;;;;;28.00;;;;;;;;;;;;53.00;;;;;;;;;;;;;;;;;;;;;;;;;;;;;;;;;;;;;;;;;;;;;;;;;;;;;;;;;;;;;;;;;;;;;;;;;;;;;;;;;;;;;;;;;;;;;;;;;;;;;;;;;;;;;;;;;;;;;;;;;;;;;;;;;;;;;;;;;;;;;;;;;;;;;;;;;;;;;;;;;;;;;;;;;;;;;;;;;;;;;;;;;;;;;;;;;;;;;;;;;;;;;;;;;;;;;;49.00;;;;;;;;;;;;;;;;;;;;;;;;;;;;;;;;;;;35.00;34.00;35.00;;;;;;;;;;;;;;43.00;43.00;44.00;;;;85.60;;;;;;;;;;;63.70;659.60;122.40;0.00;0.00;122.20;;;;;;;;;;;;;;;;;;;;;;2000.10;2000.10;1;1;;;;;;;;;;;;;;;;;;;;;;;;0.90;0;0;0.00;0.00;;;;;97.00;97.00;98.00;;104.00;104.00;105.00;;93.00;93.00;94.00;;;;;;;;;;;;;0;4.90;7.10;3.00;9.50;11.90;8.40;279;658;66;266;267;999.40;;;26479048;7.00;;;;;;26.00
1576654800000;2019-12-18T08:40:00.000+0100;;;;;;;;;1.00;9.30;377.30;377.80;377.90;304.00;300.00;299.00;-2.00;;;;;-2.00;-2.00;;;;;;;;;1.0;;;;;;;;;;;;;;;;;;;;;;;;;;;;;;;;;;;;;;;;;;;;50.00;;;;;;;;;;;;;;;;;;;;;;;;;;;;;;;;;;;;;;38.00;51.00;35.00;9.00;;;;51.00;59.00;51.00;;;;;;;;;1379.00;903.90;53.400;-16.800;;;;;;;;;;;;;2000.100;0.000;;;;;;;;;;71.00;68.00;71.00;;;;;;;;;69714;;;;;;;;;;;;;;339.700;;;;;;;;;;;;40.00;43.00;;;;;;;;;;;;;;0;0.00;0.00;;270.40;;3.00;-2.10;-5.90;;2.90;-0.80;;;;-4.50;;;;5.90;;;;0.80;5.40;2.70;9.30;1.00;5.50;2.90;10.80;1.10;-2.30;-1.50;0.20;24.00;;;;18.00;;;;32.00;;;;;;;;28.00;;;;;;;;;;;;52.00;;;;;;;;;;;;;;;;;;;;;;;;;;;;;;;;;;;;;;;;;;;;;;;;;;;;;;;;;;;;;;;;;;;;;;;;;;;;;;;;;;;;;;;;;;;;;;;;;;;;;;;;;;;;;;;;;;;;;;;;;;;;;;;;;;;;;;;;;;;;;;;;;;;;;;;;;;;;;;;;;;;;;;;;;;;;;;;;;;;;;;;;;;;;;;;;;;;;;;;;;;;;;;;;;;;;;;48.00;;;;;;;;;;;;;;;;;;;;;;;;;;;;;;;;;;;35.00;34.00;35.00;;;;;;;;;;;;;;43.00;43.00;43.00;;;;89.50;;;;;;;;;;;149.40;628.70;85.20;0.00;0.00;84.90;;;;;;;;;;;;;;;;;;;;;;2000.10;2000.10;1;1;;;;;;;;;;;;;;;;;;;;;;;;0.90;0;0;0.00;0.00;;;;;96.00;96.00;97.00;;103.00;103.00;104.00;;92.00;92.00;93.00;;;;;;;;;;;;;0;5.50;8.90;3.80;10.40;13.10;8.70;340;624;156;269;266;1083.80;;;26479108;7.00;;;;;;26.00
1576655400000;2019-12-18T08:50:00.000+0100;;;;;;;;;1.00;46.80;380.40;380.80;381.00;389.00;385.00;384.00;-2.00;;;;;-2.00;-2.00;;;;;;;;;1.0;;;;;;;;;;;;;;;;;;;;;;;;;;;;;;;;;;;;;;;;;;;;50.00;;;;;;;;;;;;;;;;;;;;;;;;;;;;;;;;;;;;;;38.00;51.00;35.00;9.00;;;;50.00;57.00;49.00;;;;;;;;;1400.80;952.20;87.500;18.700;;;;;;;;;;;;;2000.100;0.000;;;;;;;;;;69.00;67.00;69.00;;;;;;;;;69714;;;;;;;;;;;;;;438.300;;;;;;;;;;;;39.00;42.00;;;;;;;;;;;;;;0;0.00;0.00;;262.40;;3.00;-0.60;-13.30;;2.50;0.60;;;;-3.40;;;;6.40;;;;0.90;5.80;2.80;8.90;1.10;5.90;3.20;9.50;1.10;-2.40;-1.50;0.20;24.00;;;;18.00;;;;34.00;;;;;;;;28.00;;;;;;;;;;;;52.00;;;;;;;;;;;;;;;;;;;;;;;;;;;;;;;;;;;;;;;;;;;;;;;;;;;;;;;;;;;;;;;;;;;;;;;;;;;;;;;;;;;;;;;;;;;;;;;;;;;;;;;;;;;;;;;;;;;;;;;;;;;;;;;;;;;;;;;;;;;;;;;;;;;;;;;;;;;;;;;;;;;;;;;;;;;;;;;;;;;;;;;;;;;;;;;;;;;;;;;;;;;;;;;;;;;;;;48.00;;;;;;;;;;;;;;;;;;;;;;;;;;;;;;;;;;;35.00;34.00;35.00;;;;;;;;;;;;;;43.00;43.00;43.00;;;;99.10;;;;;;;;;;;171.20;822.10;111.00;0.00;0.00;110.70;;;;;;;;;;;;;;;;;;;;;;2000.10;2000.10;1;1;;;;;;;;;;;;;;;;;;;;;;;;0.90;0;0;0.00;0.00;;;;;95.00;95.00;96.00;;102.00;102.00;103.00;;91.00;91.00;92.00;;;;;;;;;;;;;0;5.80;8.40;4.10;11.00;13.40;9.30;438;814;175;262;261;1148.90;;;26479180;7.00;;;;;;25.00
1576656000000;2019-12-18T09:00:00.000+0100;;;;;;;;;1.00;29.40;378.00;378.20;378.60;247.00;244.00;242.00;-2.00;;;;;-2.00;-2.00;;;;;;;;;1.0;;;;;;;;;;;;;;;;;;;;;;;;;;;;;;;;;;;;;;;;;;;;50.00;;;;;;;;;;;;;;;;;;;;;;;;;;;;;;;;;;;;;;38.00;50.00;35.00;9.00;;;;49.00;55.00;48.00;;;;;;;;;1371.80;864.20;70.500;6.800;;;;;;;;;;;;;2000.100;0.000;;;;;;;;;;68.00;66.00;68.00;;;;;;;;;69714;;;;;;;;;;;;;;275.400;;;;;;;;;;;;38.00;42.00;;;;;;;;;;;;;;0;0.00;0.00;;264.60;;3.00;-3.00;-19.10;;3.20;-1.50;;;;-4.00;;;;5.50;;;;0.90;5.10;1.70;10.00;1.10;5.30;1.80;9.30;1.10;-2.40;-0.90;0.30;24.00;;;;18.00;;;;34.00;;;;;;;;28.00;;;;;;;;;;;;51.00;;;;;;;;;;;;;;;;;;;;;;;;;;;;;;;;;;;;;;;;;;;;;;;;;;;;;;;;;;;;;;;;;;;;;;;;;;;;;;;;;;;;;;;;;;;;;;;;;;;;;;;;;;;;;;;;;;;;;;;;;;;;;;;;;;;;;;;;;;;;;;;;;;;;;;;;;;;;;;;;;;;;;;;;;;;;;;;;;;;;;;;;;;;;;;;;;;;;;;;;;;;;;;;;;;;;;;48.00;;;;;;;;;;;;;;;;;;;;;;;;;;;;;;;;;;;35.00;34.00;35.00;;;;;;;;;;;;;;43.00;43.00;43.00;;;;123.50;;;;;;;;;;;65.10;667.70;94.00;0.00;0.00;93.90;;;;;;;;;;;;;;;;;;;;;;2000.10;2000.10;1;1;;;;;;;;;;;;;;;;;;;;;;;;1.20;0;0;0.00;0.00;;;;;95.00;94.00;95.00;;102.00;101.00;102.00;;90.00;90.00;91.00;;;;;;;;;;;;;0;5.20;8.10;2.90;10.10;13.10;8.40;276;654;66;264;261;1052.50;;;26479226;7.00;;;;;;25.00
1576656600000;2019-12-18T09:10:00.000+0100;;;;;;;;;1.00;15.50;375.30;375.30;375.80;141.00;138.00;136.00;-1.40;;;;;-1.40;-1.40;;;;;;;;;1.0;;;;;;;;;;;;;;;;;;;;;;;;;;;;;;;;;;;;;;;;;;;;50.00;;;;;;;;;;;;;;;;;;;;;;;;;;;;;;;;;;;;;;38.00;50.00;35.00;9.00;;;;47.00;53.00;47.00;;;;;;;;;1122.90;886.00;29.700;4.800;;;;;;;;;;;;;2000.100;0.000;;;;;;;;;;65.00;63.00;66.00;;;;;;;;;69714;;;;;;;;;;;;;;154.400;;;;;;;;;;;;37.00;41.00;;;;;;;;;;;;;;0;0.00;0.00;;247.70;;3.00;0.10;-3.00;;2.90;1.20;;;;-2.60;;;;4.60;;;;0.80;4.20;1.50;6.80;1.00;4.30;1.60;7.50;1.00;-2.30;-0.40;0.60;24.00;;;;18.00;;;;32.00;;;;;;;;28.00;;;;;;;;;;;;50.00;;;;;;;;;;;;;;;;;;;;;;;;;;;;;;;;;;;;;;;;;;;;;;;;;;;;;;;;;;;;;;;;;;;;;;;;;;;;;;;;;;;;;;;;;;;;;;;;;;;;;;;;;;;;;;;;;;;;;;;;;;;;;;;;;;;;;;;;;;;;;;;;;;;;;;;;;;;;;;;;;;;;;;;;;;;;;;;;;;;;;;;;;;;;;;;;;;;;;;;;;;;;;;;;;;;;;;46.00;;;;;;;;;;;;;;;;;;;;;;;;;;;;;;;;;;;35.00;34.00;35.00;;;;;;;;;;;;;;42.00;42.00;43.00;;;;46.30;;;;;;;;;;;45.90;312.40;50.80;0.00;0.00;50.80;;;;;;;;;;;;;;;;;;;;;;2000.10;2000.10;1;1;;;;;;;;;;;;;;;;;;;;;;;;0.30;0;0;0.00;0.00;;;;;94.00;93.00;94.00;;101.00;100.00;101.00;;90.00;89.00;90.00;;;;;;;;;;;;;0;4.30;6.20;2.40;9.00;10.70;8.70;155;308;48;255;255;946.00;;;26479252;8.00;;;;;;25.00
1576657200000;2019-12-18T09:20:00.000+0100;;;;;;;;;1.00;16.00;377.90;377.90;378.40;198.00;194.00;193.00;-1.90;;;;;-1.90;-1.90;;;;;;;;;1.0;;;;;;;;;;;;;;;;;;;;;;;;;;;;;;;;;;;;;;;;;;;;50.00;;;;;;;;;;;;;;;;;;;;;;;;;;;;;;;;;;;;;;37.00;49.00;35.00;9.00;;;;46.00;51.00;45.00;;;;;;;;;1293.00;892.30;33.200;6.800;;;;;;;;;;;;;2000.100;0.000;;;;;;;;;;64.00;62.00;64.00;;;;;;;;;69714;;;;;;;;;;;;;;220.100;;;;;;;;;;;;36.00;40.00;;;;;;;;;;;;;;0;0.00;0.00;;251.10;;3.00;-1.30;-15.90;;2.40;0.40;;;;-4.10;;;;5.10;;;;0.80;4.90;1.90;7.80;1.00;5.00;2.20;7.90;1.00;-2.40;-0.50;0.40;24.00;;;;18.00;;;;30.00;;;;;;;;28.00;;;;;;;;;;;;50.00;;;;;;;;;;;;;;;;;;;;;;;;;;;;;;;;;;;;;;;;;;;;;;;;;;;;;;;;;;;;;;;;;;;;;;;;;;;;;;;;;;;;;;;;;;;;;;;;;;;;;;;;;;;;;;;;;;;;;;;;;;;;;;;;;;;;;;;;;;;;;;;;;;;;;;;;;;;;;;;;;;;;;;;;;;;;;;;;;;;;;;;;;;;;;;;;;;;;;;;;;;;;;;;;;;;;;;46.00;;;;;;;;;;;;;;;;;;;;;;;;;;;;;;;;;;;35.00;34.00;35.00;;;;;;;;;;;;;;42.00;42.00;42.00;;;;80.00;;;;;;;;;;;95.20;456.80;65.90;0.00;0.00;65.70;;;;;;;;;;;;;;;;;;;;;;2000.10;2000.10;1;1;;;;;;;;;;;;;;;;;;;;;;;;0.90;0;0;0.00;0.00;;;;;93.00;93.00;93.00;;100.00;99.00;100.00;;89.00;88.00;89.00;;;;;;;;;;;;;0;5.00;7.10;2.90;9.50;12.50;8.70;220;452;97;249;247;1006.00;;;26479288;8.00;;;;;;25.00
1576657800000;2019-12-18T09:30:00.000+0100;;;;;;;;;1.00;28.80;378.20;378.10;378.60;354.00;349.00;347.00;-2.10;;;;;-2.10;-2.10;;;;;;;;;1.0;;;;;;;;;;;;;;;;;;;;;;;;;;;;;;;;;;;;;;;;;;;;50.00;;;;;;;;;;;;;;;;;;;;;;;;;;;;;;;;;;;;;;37.00;49.00;35.00;9.00;;;;45.00;49.00;44.00;;;;;;;;;1423.40;999.40;47.000;15.000;;;;;;;;;;;;;2000.100;0.000;;;;;;;;;;64.00;62.00;64.00;;;;;;;;;69715;;;;;;;;;;;;;;395.700;;;;;;;;;;;;35.00;39.00;;;;;;;;;;;;;;0;0.00;0.00;;246.10;;3.00;-2.40;-11.20;;1.50;-0.70;;;;-4.30;;;;6.20;;;;0.80;6.10;2.90;9.10;1.00;6.20;2.10;9.50;1.10;-2.40;-1.70;0.10;24.00;;;;18.00;;;;32.00;;;;;;;;28.00;;;;;;;;;;;;50.00;;;;;;;;;;;;;;;;;;;;;;;;;;;;;;;;;;;;;;;;;;;;;;;;;;;;;;;;;;;;;;;;;;;;;;;;;;;;;;;;;;;;;;;;;;;;;;;;;;;;;;;;;;;;;;;;;;;;;;;;;;;;;;;;;;;;;;;;;;;;;;;;;;;;;;;;;;;;;;;;;;;;;;;;;;;;;;;;;;;;;;;;;;;;;;;;;;;;;;;;;;;;;;;;;;;;;;47.00;;;;;;;;;;;;;;;;;;;;;;;;;;;;;;;;;;;35.00;35.00;35.00;;;;;;;;;;;;;;42.00;42.00;43.00;;;;92.50;;;;;;;;;;;198.30;655.20;84.90;0.00;0.00;84.50;;;;;;;;;;;;;;;;;;;;;;2000.10;2000.10;1;1;;;;;;;;;;;;;;;;;;;;;;;;0.90;0;0;0.00;0.00;;;;;92.00;92.00;93.00;;99.00;99.00;99.00;;88.00;88.00;89.00;;;;;;;;;;;;;0;6.10;8.30;3.90;11.60;13.70;9.50;396;648;212;248;245;1207.40;;;26479354;7.00;;;;;;25.00
1576658400000;2019-12-18T09:40:00.000+0100;;;;;;;;;1.00;20.40;377.60;377.40;378.00;250.00;245.00;245.00;-1.90;;;;;-1.90;-1.90;;;;;;;;;1.0;;;;;;;;;;;;;;;;;;;;;;;;;;;;;;;;;;;;;;;;;;;;50.00;;;;;;;;;;;;;;;;;;;;;;;;;;;;;;;;;;;;;;38.00;49.00;35.00;9.00;;;;44.00;48.00;43.00;;;;;;;;;1287.70;891.40;45.200;8.500;;;;;;;;;;;;;2000.100;0.000;;;;;;;;;;65.00;63.00;65.00;;;;;;;;;69715;;;;;;;;;;;;;;278.800;;;;;;;;;;;;35.00;39.00;;;;;;;;;;;;;;0;0.00;0.00;;244.60;;3.00;2.20;-4.40;;1.60;3.70;;;;1.60;;;;5.50;;;;0.90;5.10;2.50;8.30;1.10;5.30;2.30;8.50;1.10;-2.40;-1.10;0.30;24.00;;;;18.00;;;;33.00;;;;;;;;28.00;;;;;;;;;;;;50.00;;;;;;;;;;;;;;;;;;;;;;;;;;;;;;;;;;;;;;;;;;;;;;;;;;;;;;;;;;;;;;;;;;;;;;;;;;;;;;;;;;;;;;;;;;;;;;;;;;;;;;;;;;;;;;;;;;;;;;;;;;;;;;;;;;;;;;;;;;;;;;;;;;;;;;;;;;;;;;;;;;;;;;;;;;;;;;;;;;;;;;;;;;;;;;;;;;;;;;;;;;;;;;;;;;;;;;47.00;;;;;;;;;;;;;;;;;;;;;;;;;;;;;;;;;;;35.00;34.00;35.00;;;;;;;;;;;;;;42.00;42.00;42.00;;;;120.30;;;;;;;;;;;119.70;621.50;110.40;0.00;0.00;110.40;;;;;;;;;;;;;;;;;;;;;;2000.10;2000.10;1;1;;;;;;;;;;;;;;;;;;;;;;;;1.20;0;0;0.00;0.00;;;;;92.00;91.00;92.00;;98.00;98.00;99.00;;87.00;87.00;88.00;;;;;;;;;;;;;0;5.20;7.40;3.20;10.10;12.20;8.70;279;616;121;249;251;1051.60;;;26479400;7.00;;;;;;25.00
1576659000000;2019-12-18T09:50:00.000+0100;;;;;;;;;1.00;20.10;377.10;377.00;377.50;248.00;244.00;242.00;-1.90;;;;;-1.90;-1.90;;;;;;;;;1.0;;;;;;;;;;;;;;;;;;;;;;;;;;;;;;;;;;;;;;;;;;;;50.00;;;;;;;;;;;;;;;;;;;;;;;;;;;;;;;;;;;;;;37.00;49.00;35.00;9.00;;;;42.00;46.00;42.00;;;;;;;;;1359.00;898.20;43.700;6.900;;;;;;;;;;;;;2000.100;0.000;;;;;;;;;;64.00;62.00;64.00;;;;;;;;;69715;;;;;;;;;;;;;;275.800;;;;;;;;;;;;34.00;38.00;;;;;;;;;;;;;;0;0.00;0.00;;256.10;;3.00;-0.40;-3.20;;3.40;1.90;;;;-3.00;;;;5.40;;;;1.10;5.20;1.30;8.60;1.20;5.30;1.90;8.90;1.20;-2.30;-0.70;0.40;23.00;;;;18.00;;;;34.00;;;;;;;;28.00;;;;;;;;;;;;50.00;;;;;;;;;;;;;;;;;;;;;;;;;;;;;;;;;;;;;;;;;;;;;;;;;;;;;;;;;;;;;;;;;;;;;;;;;;;;;;;;;;;;;;;;;;;;;;;;;;;;;;;;;;;;;;;;;;;;;;;;;;;;;;;;;;;;;;;;;;;;;;;;;;;;;;;;;;;;;;;;;;;;;;;;;;;;;;;;;;;;;;;;;;;;;;;;;;;;;;;;;;;;;;;;;;;;;;46.00;;;;;;;;;;;;;;;;;;;;;;;;;;;;;;;;;;;35.00;34.00;35.00;;;;;;;;;;;;;;42.00;42.00;42.00;;;;119.70;;;;;;;;;;;98.40;598.30;110.10;0.00;0.00;110.10;;;;;;;;;;;;;;;;;;;;;;2000.10;2000.10;1;1;;;;;;;;;;;;;;;;;;;;;;;;1.20;0;0;0.00;0.00;;;;;91.00;90.00;91.00;;98.00;97.00;98.00;;87.00;87.00;87.00;;;;;;;;;;;;;0;5.30;7.80;2.30;10.10;13.10;8.70;276;596;100;251;251;1065.00;;;26479448;7.00;;;;;;25.00
1576659600000;2019-12-18T10:00:00.000+0100;;;;;;;;;1.00;25.70;376.70;376.50;377.10;317.00;312.00;311.00;-2.10;;;;;-2.10;-2.10;;;;;;;;;1.0;;;;;;;;;;;;;;;;;;;;;;;;;;;;;;;;;;;;;;;;;;;;50.00;;;;;;;;;;;;;;;;;;;;;;;;;;;;;;;;;;;;;;37.00;49.00;35.00;9.00;;;;41.00;45.00;41.00;;;;;;;;;1407.60;977.60;46.100;8.600;;;;;;;;;;;;;2000.100;0.000;;;;;;;;;;64.00;63.00;64.00;;;;;;;;;69715;;;;;;;;;;;;;;352.800;;;;;;;;;;;;34.00;38.00;;;;;;;;;;;;;;0;0.00;0.00;;249.90;;3.00;-1.70;-7.10;;2.40;0.30;;;;-3.60;;;;5.90;;;;0.70;5.90;2.90;9.30;0.90;6.00;3.00;8.40;0.90;-2.30;-1.70;0.10;23.00;;;;18.00;;;;33.00;;;;;;;;28.00;;;;;;;;;;;;50.00;;;;;;;;;;;;;;;;;;;;;;;;;;;;;;;;;;;;;;;;;;;;;;;;;;;;;;;;;;;;;;;;;;;;;;;;;;;;;;;;;;;;;;;;;;;;;;;;;;;;;;;;;;;;;;;;;;;;;;;;;;;;;;;;;;;;;;;;;;;;;;;;;;;;;;;;;;;;;;;;;;;;;;;;;;;;;;;;;;;;;;;;;;;;;;;;;;;;;;;;;;;;;;;;;;;;;;47.00;;;;;;;;;;;;;;;;;;;;;;;;;;;;;;;;;;;35.00;34.00;35.00;;;;;;;;;;;;;;42.00;42.00;42.00;;;;94.90;;;;;;;;;;;121.30;637.10;92.40;0.00;0.00;92.30;;;;;;;;;;;;;;;;;;;;;;2000.10;2000.10;1;1;;;;;;;;;;;;;;;;;;;;;;;;0.90;0;0;0.00;0.00;;;;;90.00;90.00;91.00;;97.00;97.00;97.00;;86.00;86.00;87.00;;;;;;;;;;;;;0;5.90;8.10;3.70;11.30;13.40;9.30;353;633;128;246;244;1170.70;;;26479506;7.00;;;;;;25.00
1576660200000;2019-12-18T10:10:00.000+0100;;;;;;;;;1.00;30.20;375.20;375.10;375.70;373.00;368.00;367.00;-2.00;;;;;-2.00;-2.00;;;;;;;;;1.0;;;;;;;;;;;;;;;;;;;;;;;;;;;;;;;;;;;;;;;;;;;;50.00;;;;;;;;;;;;;;;;;;;;;;;;;;;;;;;;;;;;;;37.00;49.00;35.00;9.00;;;;41.00;44.00;40.00;;;;;;;;;1470.60;962.40;62.100;6.100;;;;;;;;;;;;;2000.100;0.000;;;;;;;;;;65.00;64.00;65.00;;;;;;;;;69715;;;;;;;;;;;;;;414.800;;;;;;;;;;;;33.00;38.00;;;;;;;;;;;;;;0;0.00;0.00;;242.30;;3.00;3.10;-1.70;;2.60;4.30;;;;0.80;;;;6.20;;;;1.00;6.00;2.10;10.00;1.20;6.10;3.00;9.40;1.10;-2.40;-1.50;0.20;23.00;;;;18.00;;;;31.00;;;;;;;;28.00;;;;;;;;;;;;50.00;;;;;;;;;;;;;;;;;;;;;;;;;;;;;;;;;;;;;;;;;;;;;;;;;;;;;;;;;;;;;;;;;;;;;;;;;;;;;;;;;;;;;;;;;;;;;;;;;;;;;;;;;;;;;;;;;;;;;;;;;;;;;;;;;;;;;;;;;;;;;;;;;;;;;;;;;;;;;;;;;;;;;;;;;;;;;;;;;;;;;;;;;;;;;;;;;;;;;;;;;;;;;;;;;;;;;;47.00;;;;;;;;;;;;;;;;;;;;;;;;;;;;;;;;;;;35.00;34.00;35.00;;;;;;;;;;;;;;42.00;42.00;42.00;;;;124.10;;;;;;;;;;;89.70;857.80;111.20;0.00;0.00;110.90;;;;;;;;;;;;;;;;;;;;;;2000.10;2000.10;1;1;;;;;;;;;;;;;;;;;;;;;;;;1.20;0;0;0.00;0.00;;;;;90.00;89.00;90.00;;96.00;96.00;97.00;;86.00;85.00;86.00;;;;;;;;;;;;;0;6.10;8.50;3.70;11.60;14.00;9.30;415;849;94;247;251;1198.70;;;26479574;7.00;;;;;;25.00
1576660800000;2019-12-18T10:20:00.000+0100;;;;;;;;;1.00;43.60;375.50;375.40;375.90;538.00;532.00;531.00;-2.10;;;;;-2.10;-2.10;;;;;;;;;1.0;;;;;;;;;;;;;;;;;;;;;;;;;;;;;;;;;;;;;;;;;;;;50.00;;;;;;;;;;;;;;;;;;;;;;;;;;;;;;;;;;;;;;37.00;49.00;36.00;9.00;;;;40.00;43.00;39.00;;;;;;;;;1549.40;982.40;100.300;17.200;;;;;;;;;;;;;2000.100;0.000;;;;;;;;;;66.00;65.00;67.00;;;;;;;;;69715;;;;;;;;;;;;;;599.400;;;;;;;;;;;;33.00;38.00;;;;;;;;;;;;;;0;0.00;0.00;;251.70;;3.00;-0.70;-1.60;;1.30;1.60;;;;-2.30;;;;7.00;;;;1.10;6.70;3.40;10.30;1.30;6.80;3.40;10.70;1.30;-2.30;-1.70;0.10;23.00;;;;17.00;;;;31.00;;;;;;;;28.00;;;;;;;;;;;;51.00;;;;;;;;;;;;;;;;;;;;;;;;;;;;;;;;;;;;;;;;;;;;;;;;;;;;;;;;;;;;;;;;;;;;;;;;;;;;;;;;;;;;;;;;;;;;;;;;;;;;;;;;;;;;;;;;;;;;;;;;;;;;;;;;;;;;;;;;;;;;;;;;;;;;;;;;;;;;;;;;;;;;;;;;;;;;;;;;;;;;;;;;;;;;;;;;;;;;;;;;;;;;;;;;;;;;;;48.00;;;;;;;;;;;;;;;;;;;;;;;;;;;;;;;;;;;35.00;34.00;35.00;;;;;;;;;;;;;;42.00;42.00;43.00;;;;146.20;;;;;;;;;;;235.60;1387.90;198.10;0.00;0.00;197.80;;;;;;;;;;;;;;;;;;;;;;2000.10;2000.10;1;1;;;;;;;;;;;;;;;;;;;;;;;;1.50;0;0;0.00;0.00;;;;;89.00;89.00;89.00;;96.00;95.00;96.00;;85.00;85.00;85.00;;;;;;;;;;;;;0;6.70;9.70;4.40;12.50;14.90;9.50;599;1378;238;248;247;1307.70;;;26479674;7.00;;;;;;24.00
1576661400000;2019-12-18T10:30:00.000+0100;;;;;;;;;1.00;62.70;376.00;375.90;376.30;772.00;764.00;762.00;-2.20;;;;;-2.20;-2.20;;;;;;;;;1.0;;;;;;;;;;;;;;;;;;;;;;;;;;;;;;;;;;;;;;;;;;;;50.00;;;;;;;;;;;;;;;;;;;;;;;;;;;;;;;;;;;;;;37.00;51.00;36.00;8.00;;;;40.00;43.00;40.00;;;;;;;;;1567.60;1191.60;122.400;30.500;;;;;;;;;;;;;2000.100;0.000;;;;;;;;;;70.00;68.00;70.00;;;;;;;;;69716;;;;;;;;;;;;;;861.200;;;;;;;;;;;;33.00;38.00;;;;;;;;;;;;;;0;0.00;0.00;;246.00;;3.00;-0.70;-10.20;;1.00;0.40;;;;-2.20;;;;7.80;;;;1.10;7.70;4.50;11.40;1.30;7.80;4.50;12.60;1.30;-2.40;-1.80;0.10;23.00;;;;17.00;;;;32.00;;;;;;;;28.00;;;;;;;;;;;;52.00;;;;;;;;;;;;;;;;;;;;;;;;;;;;;;;;;;;;;;;;;;;;;;;;;;;;;;;;;;;;;;;;;;;;;;;;;;;;;;;;;;;;;;;;;;;;;;;;;;;;;;;;;;;;;;;;;;;;;;;;;;;;;;;;;;;;;;;;;;;;;;;;;;;;;;;;;;;;;;;;;;;;;;;;;;;;;;;;;;;;;;;;;;;;;;;;;;;;;;;;;;;;;;;;;;;;;;50.00;;;;;;;;;;;;;;;;;;;;;;;;;;;;;;;;;;;35.00;35.00;35.00;;;;;;;;;;;;;;43.00;43.00;44.00;;;;97.90;;;;;;;;;;;414.90;1683.60;252.50;0.00;0.00;252.20;;;;;;;;;;;;;;;;;;;;;;2000.10;2000.10;1;1;;;;;;;;;;;;;;;;;;;;;;;;0.90;0;0;0.00;0.00;;;;;89.00;88.00;89.00;;95.00;95.00;95.00;;85.00;85.00;85.00;;;;;;;;;;;;;0;7.70;10.70;5.10;14.00;14.90;11.30;861;1677;418;246;245;1458.40;;;26479818;7.00;;;;;;24.00
1576662000000;2019-12-18T10:40:00.000+0100;;;;;;;;;1.00;57.50;375.90;375.80;376.20;708.00;699.00;699.00;-2.20;;;;;-2.20;-2.20;;;;;;;;;1.0;;;;;;;;;;;;;;;;;;;;;;;;;;;;;;;;;;;;;;;;;;;;50.00;;;;;;;;;;;;;;;;;;;;;;;;;;;;;;;;;;;;;;38.00;51.00;36.00;8.00;;;;41.00;44.00;40.00;;;;;;;;;1565.80;1256.30;105.000;24.400;;;;;;;;;;;;;2000.100;0.000;;;;;;;;;;72.00;70.00;72.00;;;;;;;;;69716;;;;;;;;;;;;;;789.800;;;;;;;;;;;;33.00;39.00;;;;;;;;;;;;;;0;0.00;0.00;;244.10;;3.00;-1.20;-1.50;;1.10;0.40;;;;-2.80;;;;7.60;;;;0.80;7.50;4.40;10.60;1.00;7.60;4.70;10.80;1.00;-2.40;-1.90;0.10;23.00;;;;17.00;;;;34.00;;;;;;;;28.00;;;;;;;;;;;;53.00;;;;;;;;;;;;;;;;;;;;;;;;;;;;;;;;;;;;;;;;;;;;;;;;;;;;;;;;;;;;;;;;;;;;;;;;;;;;;;;;;;;;;;;;;;;;;;;;;;;;;;;;;;;;;;;;;;;;;;;;;;;;;;;;;;;;;;;;;;;;;;;;;;;;;;;;;;;;;;;;;;;;;;;;;;;;;;;;;;;;;;;;;;;;;;;;;;;;;;;;;;;;;;;;;;;;;;50.00;;;;;;;;;;;;;;;;;;;;;;;;;;;;;;;;;;;35.00;35.00;35.00;;;;;;;;;;;;;;44.00;43.00;44.00;;;;72.20;;;;;;;;;;;330.70;1448.30;171.70;0.00;0.00;171.50;;;;;;;;;;;;;;;;;;;;;;2000.10;2000.10;1;1;;;;;;;;;;;;;;;;;;;;;;;;0.60;0;0;0.00;1.00;;;;;88.00;88.00;88.00;;95.00;95.00;95.00;;84.00;84.00;85.00;;;;;;;;;;;;;0;7.50;9.80;5.30;14.00;14.90;11.90;790;1442;339;243;241;1466.10;;;26479948;7.00;;;;;;23.00
1576662600000;2019-12-18T10:50:00.000+0100;;;;;;;;;1.00;45.10;375.70;375.60;376.00;555.00;548.00;547.00;-2.10;;;;;-2.10;-2.10;;;;;;;;;1.0;;;;;;;;;;;;;;;;;;;;;;;;;;;;;;;;;;;;;;;;;;;;50.00;;;;;;;;;;;;;;;;;;;;;;;;;;;;;;;;;;;;;;38.00;51.00;36.00;8.00;;;;41.00;44.00;40.00;;;;;;;;;1565.80;1014.90;106.800;10.800;;;;;;;;;;;;;2000.100;0.000;;;;;;;;;;73.00;71.00;73.00;;;;;;;;;69716;;;;;;;;;;;;;;617.900;;;;;;;;;;;;33.00;39.00;;;;;;;;;;;;;;0;0.00;0.00;;240.60;;3.00;-0.80;-4.10;;1.10;0.80;;;;-2.20;;;;7.00;;;;1.00;6.90;3.20;11.10;1.20;7.00;4.00;10.90;1.10;-2.30;-1.90;0.10;23.00;;;;17.00;;;;35.00;;;;;;;;28.00;;;;;;;;;;;;53.00;;;;;;;;;;;;;;;;;;;;;;;;;;;;;;;;;;;;;;;;;;;;;;;;;;;;;;;;;;;;;;;;;;;;;;;;;;;;;;;;;;;;;;;;;;;;;;;;;;;;;;;;;;;;;;;;;;;;;;;;;;;;;;;;;;;;;;;;;;;;;;;;;;;;;;;;;;;;;;;;;;;;;;;;;;;;;;;;;;;;;;;;;;;;;;;;;;;;;;;;;;;;;;;;;;;;;;50.00;;;;;;;;;;;;;;;;;;;;;;;;;;;;;;;;;;;35.00;34.00;35.00;;;;;;;;;;;;;;44.00;43.00;44.00;;;;141.20;;;;;;;;;;;151.20;1477.40;227.40;0.00;0.00;227.30;;;;;;;;;;;;;;;;;;;;;;2000.10;2000.10;1;1;;;;;;;;;;;;;;;;;;;;;;;;1.50;0;0;0.00;0.00;;;;;88.00;88.00;88.00;;94.00;94.00;95.00;;84.00;84.00;84.00;;;;;;;;;;;;;0;6.90;9.50;4.40;13.10;14.90;9.80;618;1466;152;242;241;1362.00;;;26480054;7.00;;;;;;23.00
1576663200000;2019-12-18T11:00:00.000+0100;;;;;;;;;1.00;31.80;375.60;375.60;376.10;393.00;388.00;387.00;-2.10;;;;;-2.10;-2.10;;;;;;;;;1.0;;;;;;;;;;;;;;;;;;;;;;;;;;;;;;;;;;;;;;;;;;;;50.00;;;;;;;;;;;;;;;;;;;;;;;;;;;;;;;;;;;;;;38.00;51.00;35.00;8.00;;;;40.00;43.00;40.00;;;;;;;;;1491.50;946.30;59.100;10.300;;;;;;;;;;;;;2000.100;0.000;;;;;;;;;;71.00;69.00;72.00;;;;;;;;;69716;;;;;;;;;;;;;;437.200;;;;;;;;;;;;33.00;39.00;;;;;;;;;;;;;;0;0.00;0.00;;242.60;;3.00;1.00;0.90;;1.50;2.20;;;;-1.00;;;;6.30;;;;0.80;6.10;2.90;9.30;1.00;6.20;3.20;9.40;1.10;-2.30;-1.70;0.10;23.00;;;;17.00;;;;32.00;;;;;;;;28.00;;;;;;;;;;;;52.00;;;;;;;;;;;;;;;;;;;;;;;;;;;;;;;;;;;;;;;;;;;;;;;;;;;;;;;;;;;;;;;;;;;;;;;;;;;;;;;;;;;;;;;;;;;;;;;;;;;;;;;;;;;;;;;;;;;;;;;;;;;;;;;;;;;;;;;;;;;;;;;;;;;;;;;;;;;;;;;;;;;;;;;;;;;;;;;;;;;;;;;;;;;;;;;;;;;;;;;;;;;;;;;;;;;;;;49.00;;;;;;;;;;;;;;;;;;;;;;;;;;;;;;;;;;;35.00;34.00;35.00;;;;;;;;;;;;;;43.00;43.00;44.00;;;;119.10;;;;;;;;;;;139.30;816.40;126.00;0.00;0.00;125.90;;;;;;;;;;;;;;;;;;;;;;2000.10;2000.10;1;1;;;;;;;;;;;;;;;;;;;;;;;;1.20;0;0;0.00;0.00;;;;;87.00;87.00;88.00;;94.00;94.00;94.00;;84.00;83.00;84.00;;;;;;;;;;;;;0;6.20;8.40;3.70;11.60;14.30;9.00;437;810;144;243;244;1221.70;;;26480126;7.00;;;;;;23.00
1576663800000;2019-12-18T11:10:00.000+0100;;;;;;;;;1.00;43.80;375.70;375.70;376.10;540.00;534.00;533.00;-2.10;;;;;-2.10;-2.10;;;;;;;;;1.0;;;;;;;;;;;;;;;;;;;;;;;;;;;;;;;;;;;;;;;;;;;;50.00;;;;;;;;;;;;;;;;;;;;;;;;;;;;;;;;;;;;;;38.00;51.00;36.00;8.00;;;;40.00;42.00;39.00;;;;;;;;;1545.50;1144.10;88.200;18.000;;;;;;;;;;;;;2000.100;0.000;;;;;;;;;;71.00;69.00;71.00;;;;;;;;;69716;;;;;;;;;;;;;;601.900;;;;;;;;;;;;33.00;39.00;;;;;;;;;;;;;;0;0.00;0.00;;244.90;;3.00;0.60;-9.10;;1.30;2.40;;;;-0.60;;;;7.00;;;;0.90;6.80;4.00;10.00;1.10;6.90;4.00;10.10;1.10;-2.30;-1.60;0.10;23.00;;;;17.00;;;;31.00;;;;;;;;28.00;;;;;;;;;;;;52.00;;;;;;;;;;;;;;;;;;;;;;;;;;;;;;;;;;;;;;;;;;;;;;;;;;;;;;;;;;;;;;;;;;;;;;;;;;;;;;;;;;;;;;;;;;;;;;;;;;;;;;;;;;;;;;;;;;;;;;;;;;;;;;;;;;;;;;;;;;;;;;;;;;;;;;;;;;;;;;;;;;;;;;;;;;;;;;;;;;;;;;;;;;;;;;;;;;;;;;;;;;;;;;;;;;;;;;49.00;;;;;;;;;;;;;;;;;;;;;;;;;;;;;;;;;;;35.00;35.00;35.00;;;;;;;;;;;;;;43.00;43.00;44.00;;;;105.30;;;;;;;;;;;243.30;1219.70;169.00;0.00;0.00;168.90;;;;;;;;;;;;;;;;;;;;;;2000.10;2000.10;1;1;;;;;;;;;;;;;;;;;;;;;;;;0.90;0;0;0.00;0.00;;;;;87.00;87.00;87.00;;93.00;93.00;94.00;;83.00;83.00;83.00;;;;;;;;;;;;;0;6.90;9.10;4.60;12.80;14.90;11.00;602;1215;253;246;246;1342.60;;;26480226;7.00;;;;;;23.00
1576664400000;2019-12-18T11:20:00.000+0100;;;;;;;;;1.00;7.40;374.80;374.70;375.20;457.00;451.00;450.00;-2.10;;;;;-2.10;-2.10;;;;;;;;;1.0;;;;;;;;;;;;;;;;;;;;;;;;;;;;;;;;;;;;;;;;;;;;50.00;;;;;;;;;;;;;;;;;;;;;;;;;;;;;;;;;;;;;;38.00;51.00;36.00;8.00;;;;39.00;42.00;39.00;;;;;;;;;1478.60;1137.60;72.300;-0.700;;;;;;;;;;;;;2000.100;0.000;;;;;;;;;;71.00;69.00;71.00;;;;;;;;;69716;;;;;;;;;;;;;;508.500;;;;;;;;;;;;33.00;39.00;;;;;;;;;;;;;;0;0.00;0.00;;244.30;;3.00;-1.90;-5.30;;0.60;0.10;;;;-3.90;;;;6.60;;;;0.70;6.50;4.20;10.50;0.90;6.60;4.40;9.20;0.90;-2.30;-1.80;0.10;23.00;;;;17.00;;;;32.00;;;;;;;;28.00;;;;;;;;;;;;52.00;;;;;;;;;;;;;;;;;;;;;;;;;;;;;;;;;;;;;;;;;;;;;;;;;;;;;;;;;;;;;;;;;;;;;;;;;;;;;;;;;;;;;;;;;;;;;;;;;;;;;;;;;;;;;;;;;;;;;;;;;;;;;;;;;;;;;;;;;;;;;;;;;;;;;;;;;;;;;;;;;;;;;;;;;;;;;;;;;;;;;;;;;;;;;;;;;;;;;;;;;;;;;;;;;;;;;;50.00;;;;;;;;;;;;;;;;;;;;;;;;;;;;;;;;;;;35.00;35.00;35.00;;;;;;;;;;;;;;43.00;43.00;44.00;;;;77.90;;;;;;;;;;;225.70;996.00;135.60;0.00;0.00;135.50;;;;;;;;;;;;;;;;;;;;;;2000.10;2000.10;11;11;;;;;;;;;;;;;;;;;;;;;;;;0.90;0;0;0.00;0.00;;;;;87.00;86.00;87.00;;93.00;93.00;93.00;;83.00;83.00;83.00;;;;;;;;;;;;;0;6.60;8.70;4.90;12.50;14.30;11.00;509;986;228;246;244;1303.20;;;26480310;7.00;;;;;;23.00
1576665000000;2019-12-18T11:30:00.000+0100;;;;;;;;;1.00;0.00;375.60;375.50;375.90;364.00;358.00;357.00;-2.10;;;;;-2.10;-2.10;;;;;;;;;1.0;;;;;;;;;;;;;;;;;;;;;;;;;;;;;;;;;;;;;;;;;;;;50.00;;;;;;;;;;;;;;;;;;;;;;;;;;;;;;;;;;;;;;38.00;51.00;35.00;8.00;;;;38.00;41.00;38.00;;;;;;;;;1389.70;1002.70;0.900;-1.100;;;;;;;;;;;;;2000.100;0.000;;;;;;;;;;70.00;68.00;70.00;;;;;;;;;69717;;;;;;;;;;;;;;405.300;;;;;;;;;;;;33.00;39.00;;;;;;;;;;;;;;0;0.00;0.00;;243.90;;3.00;-0.10;-6.90;;1.20;2.30;;;;-1.50;;;;6.20;;;;0.60;6.10;3.30;9.70;0.80;6.20;3.10;8.60;0.80;-2.30;-1.70;0.10;23.00;;;;17.00;;;;33.00;;;;;;;;28.00;;;;;;;;;;;;52.00;;;;;;;;;;;;;;;;;;;;;;;;;;;;;;;;;;;;;;;;;;;;;;;;;;;;;;;;;;;;;;;;;;;;;;;;;;;;;;;;;;;;;;;;;;;;;;;;;;;;;;;;;;;;;;;;;;;;;;;;;;;;;;;;;;;;;;;;;;;;;;;;;;;;;;;;;;;;;;;;;;;;;;;;;;;;;;;;;;;;;;;;;;;;;;;;;;;;;;;;;;;;;;;;;;;;;;49.00;;;;;;;;;;;;;;;;;;;;;;;;;;;;;;;;;;;35.00;34.00;35.00;;;;;;;;;;;;;;43.00;43.00;43.00;;;;91.30;;;;;;;;;;;191.10;788.70;93.60;0.00;0.00;93.40;;;;;;;;;;;;;;;;;;;;;;2000.10;2000.10;11;11;;;;;;;;;;;;;;;;;;;;;;;;0.90;0;0;0.00;0.00;;;;;86.00;86.00;86.00;;93.00;92.00;93.00;;82.00;82.00;83.00;;;;;;;;;;;;;0;6.10;7.80;4.00;11.60;13.40;9.50;406;784;195;242;242;1210.10;;;26480378;7.00;;;;;;23.00
1576665600000;2019-12-18T11:40:00.000+0100;;;;;;;;;1.00;-19.80;374.70;374.70;375.20;319.00;314.00;313.00;-2.10;;;;;-2.10;-2.10;;;;;;;;;3.0;;;;;;;;;;;;;;;;;;;;;;;;;;;;;;;;;;;;;;;;;;;;50.00;;;;;;;;;;;;;;;;;;;;;;;;;;;;;;;;;;;;;;37.00;50.00;35.00;8.00;;;;38.00;40.00;37.00;;;;;;;;;1322.00;1067.40;0.800;-377.000;;;;;;;;;;;;;1972.200;0.000;;;;;;;;;;68.00;66.00;68.00;;;;;;;;;69717;;;;;;;;;;;;;;351.900;;;;;;;;;;;;33.00;38.00;;;;;;;;;;;;;;0;0.00;0.00;;242.60;;3.00;-2.20;-5.20;;1.00;-0.10;;;;-4.50;;;;5.90;;;;0.50;6.00;3.60;8.10;0.70;6.10;3.70;8.20;0.70;-2.20;-1.90;0.10;23.00;;;;17.00;;;;34.00;;;;;;;;28.00;;;;;;;;;;;;52.00;;;;;;;;;;;;;;;;;;;;;;;;;;;;;;;;;;;;;;;;;;;;;;;;;;;;;;;;;;;;;;;;;;;;;;;;;;;;;;;;;;;;;;;;;;;;;;;;;;;;;;;;;;;;;;;;;;;;;;;;;;;;;;;;;;;;;;;;;;;;;;;;;;;;;;;;;;;;;;;;;;;;;;;;;;;;;;;;;;;;;;;;;;;;;;;;;;;;;;;;;;;;;;;;;;;;;;48.00;;;;;;;;;;;;;;;;;;;;;;;;;;;;;;;;;;;35.00;35.00;35.00;;;;;;;;;;;;;;43.00;43.00;43.00;;;;59.70;;;;;;;;;;;214.40;567.60;62.90;0.00;0.00;62.80;;;;;;;;;;;;;;;;;;;;;;1834.00;2000.10;1;1;;;;;;;;;;;;;;;;;;;;;;;;0.60;0;0;0.00;0.00;;;;;86.00;85.00;86.00;;92.00;92.00;92.00;;82.00;82.00;82.00;;;;;;;;;;;;;0;6.00;7.50;4.90;11.30;12.80;10.10;352;558;216;241;239;1186.80;;;26480438;7.00;;;;;;23.00
1576666200000;2019-12-18T11:50:00.000+0100;;;;;;;;;1.00;-15.20;375.50;375.50;375.90;305.00;300.00;299.00;-2.10;;;;;-2.10;-2.10;;;;;;;;;1.0;;;;;;;;;;;;;;;;;;;;;;;;;;;;;;;;;;;;;;;;;;;;50.00;;;;;;;;;;;;;;;;;;;;;;;;;;;;;;;;;;;;;;37.00;50.00;35.00;8.00;;;;37.00;39.00;36.00;;;;;;;;;1373.90;989.50;-9.200;-24.900;;;;;;;;;;;;;1995.800;0.000;;;;;;;;;;67.00;65.00;67.00;;;;;;;;;69717;;;;;;;;;;;;;;339.000;;;;;;;;;;;;32.00;38.00;;;;;;;;;;;;;;0;0.00;0.00;;234.20;;3.00;1.80;-4.30;;1.50;4.00;;;;-0.40;;;;5.80;;;;0.60;5.70;3.40;8.50;0.70;5.80;3.70;8.10;0.70;-2.20;-2.00;0.10;23.00;;;;17.00;;;;33.00;;;;;;;;28.00;;;;;;;;;;;;51.00;;;;;;;;;;;;;;;;;;;;;;;;;;;;;;;;;;;;;;;;;;;;;;;;;;;;;;;;;;;;;;;;;;;;;;;;;;;;;;;;;;;;;;;;;;;;;;;;;;;;;;;;;;;;;;;;;;;;;;;;;;;;;;;;;;;;;;;;;;;;;;;;;;;;;;;;;;;;;;;;;;;;;;;;;;;;;;;;;;;;;;;;;;;;;;;;;;;;;;;;;;;;;;;;;;;;;;48.00;;;;;;;;;;;;;;;;;;;;;;;;;;;;;;;;;;;35.00;34.00;35.00;;;;;;;;;;;;;;43.00;42.00;43.00;;;;83.90;;;;;;;;;;;203.60;557.90;71.00;0.00;0.00;70.90;;;;;;;;;;;;;;;;;;;;;;1963.00;2000.10;1;1;;;;;;;;;;;;;;;;;;;;;;;;0.90;0;0;0.00;0.00;;;;;85.00;85.00;86.00;;92.00;91.00;92.00;;82.00;81.00;82.00;;;;;;;;;;;;;0;5.80;7.60;4.30;11.00;13.10;9.50;339;555;204;233;235;1147.40;;;26480494;7.00;;;;;;23.00
1576666800000;2019-12-18T12:00:00.000+0100;;;;;;;;;1.00;-20.60;375.20;375.20;375.60;414.00;408.00;407.00;-2.10;;;;;-2.10;-2.10;;;;;;;;;1.0;;;;;;;;;;;;;;;;;;;;;;;;;;;;;;;;;;;;;;;;;;;;50.00;;;;;;;;;;;;;;;;;;;;;;;;;;;;;;;;;;;;;;37.00;50.00;35.00;8.00;;;;36.00;39.00;36.00;;;;;;;;;1453.90;982.10;-11.300;-29.600;;;;;;;;;;;;;2000.100;0.000;;;;;;;;;;67.00;65.00;67.00;;;;;;;;;69717;;;;;;;;;;;;;;460.100;;;;;;;;;;;;32.00;38.00;;;;;;;;;;;;;;0;0.00;0.00;;237.00;;3.00;1.70;-3.10;;1.10;3.00;;;;-0.10;;;;6.50;;;;0.60;6.30;4.20;8.60;0.80;6.40;4.30;9.30;0.80;-2.30;-1.80;0.10;22.00;;;;17.00;;;;31.00;;;;;;;;28.00;;;;;;;;;;;;51.00;;;;;;;;;;;;;;;;;;;;;;;;;;;;;;;;;;;;;;;;;;;;;;;;;;;;;;;;;;;;;;;;;;;;;;;;;;;;;;;;;;;;;;;;;;;;;;;;;;;;;;;;;;;;;;;;;;;;;;;;;;;;;;;;;;;;;;;;;;;;;;;;;;;;;;;;;;;;;;;;;;;;;;;;;;;;;;;;;;;;;;;;;;;;;;;;;;;;;;;;;;;;;;;;;;;;;;48.00;;;;;;;;;;;;;;;;;;;;;;;;;;;;;;;;;;;35.00;34.00;35.00;;;;;;;;;;;;;;43.00;42.00;43.00;;;;89.80;;;;;;;;;;;259.50;662.50;74.30;0.00;0.00;74.20;;;;;;;;;;;;;;;;;;;;;;2000.10;2000.10;1;1;;;;;;;;;;;;;;;;;;;;;;;;0.90;0;0;0.00;0.00;;;;;85.00;85.00;85.00;;91.00;91.00;92.00;;81.00;81.00;82.00;;;;;;;;;;;;;0;6.40;8.30;4.70;11.90;14.00;9.50;460;659;256;234;236;1243.20;;;26480570;7.00;;;;;;23.00
1576667400000;2019-12-18T12:10:00.000+0100;;;;;;;;;1.00;-31.80;374.20;374.30;374.60;570.00;563.00;562.00;-2.10;;;;;-2.10;-2.10;;;;;;;;;1.0;;;;;;;;;;;;;;;;;;;;;;;;;;;;;;;;;;;;;;;;;;;;50.00;;;;;;;;;;;;;;;;;;;;;;;;;;;;;;;;;;;;;;37.00;51.00;36.00;8.00;;;;36.00;38.00;35.00;;;;;;;;;1554.40;1194.60;85.800;-438.100;;;;;;;;;;;;;2000.100;0.000;;;;;;;;;;68.00;66.00;68.00;;;;;;;;;69717;;;;;;;;;;;;;;631.700;;;;;;;;;;;;32.00;38.00;;;;;;;;;;;;;;0;0.00;0.00;;237.70;;3.00;-0.60;-2.40;;1.90;1.00;;;;-2.00;;;;7.10;;;;0.60;7.00;4.10;9.10;0.80;7.00;4.20;9.50;0.80;-2.20;-1.90;0.10;22.00;;;;17.00;;;;31.00;;;;;;;;28.00;;;;;;;;;;;;52.00;;;;;;;;;;;;;;;;;;;;;;;;;;;;;;;;;;;;;;;;;;;;;;;;;;;;;;;;;;;;;;;;;;;;;;;;;;;;;;;;;;;;;;;;;;;;;;;;;;;;;;;;;;;;;;;;;;;;;;;;;;;;;;;;;;;;;;;;;;;;;;;;;;;;;;;;;;;;;;;;;;;;;;;;;;;;;;;;;;;;;;;;;;;;;;;;;;;;;;;;;;;;;;;;;;;;;;49.00;;;;;;;;;;;;;;;;;;;;;;;;;;;;;;;;;;;35.00;35.00;35.00;;;;;;;;;;;;;;43.00;43.00;44.00;;;;92.20;;;;;;;;;;;362.80;1054.50;147.10;0.00;0.00;147.00;;;;;;;;;;;;;;;;;;;;;;2000.10;2000.10;1;1;;;;;;;;;;;;;;;;;;;;;;;;0.90;0;0;0.00;0.00;;;;;85.00;84.00;85.00;;91.00;91.00;91.00;;81.00;81.00;81.00;;;;;;;;;;;;;0;7.00;8.60;5.10;13.10;14.90;11.30;632;1051;365;235;235;1375.10;;;26480676;7.00;;;;;;23.00
1576668000000;2019-12-18T12:20:00.000+0100;;;;;;;;;1.00;-35.70;374.10;374.10;374.50;728.00;719.00;719.00;-2.20;;;;;-2.20;-2.20;;;;;;;;;1.0;;;;;;;;;;;;;;;;;;;;;;;;;;;;;;;;;;;;;;;;;;;;50.00;;;;;;;;;;;;;;;;;;;;;;;;;;;;;;;;;;;;;;37.00;51.00;36.00;8.00;;;;36.00;38.00;36.00;;;;;;;;;1559.80;1231.60;-18.000;-51.700;;;;;;;;;;;;;2000.100;0.000;;;;;;;;;;71.00;69.00;71.00;;;;;;;;;69717;;;;;;;;;;;;;;808.800;;;;;;;;;;;;32.00;38.00;;;;;;;;;;;;;;0;0.00;0.00;;232.20;;3.00;0.20;-2.40;;2.60;1.90;;;;-1.30;;;;7.70;;;;0.50;7.50;5.10;10.30;0.70;7.60;4.80;10.10;0.70;-2.30;-2.00;0.10;22.00;;;;17.00;;;;33.00;;;;;;;;28.00;;;;;;;;;;;;53.00;;;;;;;;;;;;;;;;;;;;;;;;;;;;;;;;;;;;;;;;;;;;;;;;;;;;;;;;;;;;;;;;;;;;;;;;;;;;;;;;;;;;;;;;;;;;;;;;;;;;;;;;;;;;;;;;;;;;;;;;;;;;;;;;;;;;;;;;;;;;;;;;;;;;;;;;;;;;;;;;;;;;;;;;;;;;;;;;;;;;;;;;;;;;;;;;;;;;;;;;;;;;;;;;;;;;;;50.00;;;;;;;;;;;;;;;;;;;;;;;;;;;;;;;;;;;35.00;35.00;35.00;;;;;;;;;;;;;;44.00;43.00;44.00;;;;76.40;;;;;;;;;;;419.80;1169.20;169.10;0.00;0.00;168.80;;;;;;;;;;;;;;;;;;;;;;2000.10;2000.10;1;1;;;;;;;;;;;;;;;;;;;;;;;;0.60;0;0;0.00;0.00;;;;;84.00;84.00;84.00;;90.00;90.00;91.00;;81.00;80.00;81.00;;;;;;;;;;;;;0;7.50;8.70;5.60;14.00;14.90;11.90;809;1165;424;232;232;1472.70;;;26480810;7.00;;;;;;22.00
1576668600000;2019-12-18T12:30:00.000+0100;;;;;;;;;1.00;-31.60;374.00;374.00;374.40;644.00;636.00;635.00;-2.10;;;;;-2.10;-2.10;;;;;;;;;1.0;;;;;;;;;;;;;;;;;;;;;;;;;;;;;;;;;;;;;;;;;;;;50.00;;;;;;;;;;;;;;;;;;;;;;;;;;;;;;;;;;;;;;38.00;52.00;36.00;8.00;;;;37.00;39.00;36.00;;;;;;;;;1558.30;1249.50;-21.700;-48.500;;;;;;;;;;;;;2000.100;0.000;;;;;;;;;;73.00;71.00;73.00;;;;;;;;;69718;;;;;;;;;;;;;;715.700;;;;;;;;;;;;32.00;38.00;;;;;;;;;;;;;;0;0.00;0.00;;232.20;;3.00;-2.10;-2.70;;1.50;-0.70;;;;-3.60;;;;7.40;;;;0.60;7.30;5.30;9.70;0.70;7.40;5.20;10.70;0.80;-2.30;-1.90;0.10;22.00;;;;17.00;;;;34.00;;;;;;;;28.00;;;;;;;;;;;;53.00;;;;;;;;;;;;;;;;;;;;;;;;;;;;;;;;;;;;;;;;;;;;;;;;;;;;;;;;;;;;;;;;;;;;;;;;;;;;;;;;;;;;;;;;;;;;;;;;;;;;;;;;;;;;;;;;;;;;;;;;;;;;;;;;;;;;;;;;;;;;;;;;;;;;;;;;;;;;;;;;;;;;;;;;;;;;;;;;;;;;;;;;;;;;;;;;;;;;;;;;;;;;;;;;;;;;;;51.00;;;;;;;;;;;;;;;;;;;;;;;;;;;;;;;;;;;35.00;35.00;35.00;;;;;;;;;;;;;;44.00;44.00;44.00;;;;80.60;;;;;;;;;;;496.30;1103.00;148.00;0.00;0.00;148.10;;;;;;;;;;;;;;;;;;;;;;2000.10;2000.10;1;1;;;;;;;;;;;;;;;;;;;;;;;;0.90;0;0;0.00;0.00;;;;;84.00;84.00;84.00;;90.00;90.00;90.00;;80.00;80.00;80.00;;;;;;;;;;;;;0;7.30;8.90;5.70;13.70;14.90;11.90;716;1088;497;235;233;1442.50;;;26480930;7.00;;;;;;22.00
1576669200000;2019-12-18T12:40:00.000+0100;;;;;;;;;1.00;-31.30;374.70;374.70;375.10;637.00;629.00;628.00;-2.10;;;;;-2.10;-2.10;;;;;;;;;1.0;;;;;;;;;;;;;;;;;;;;;;;;;;;;;;;;;;;;;;;;;;;;50.00;;;;;;;;;;;;;;;;;;;;;;;;;;;;;;;;;;;;;;38.00;52.00;36.00;8.00;;;;37.00;39.00;36.00;;;;;;;;;1541.90;1267.40;-19.900;-42.500;;;;;;;;;;;;;2000.100;0.000;;;;;;;;;;73.00;71.00;73.00;;;;;;;;;69718;;;;;;;;;;;;;;708.600;;;;;;;;;;;;32.00;38.00;;;;;;;;;;;;;;0;0.00;0.00;;232.50;;3.00;2.50;0.20;;0.30;4.40;;;;0.40;;;;7.40;;;;0.50;7.20;5.10;9.50;0.70;7.20;5.30;9.90;0.70;-2.20;-2.00;0.00;22.00;;;;17.00;;;;35.00;;;;;;;;28.00;;;;;;;;;;;;53.00;;;;;;;;;;;;;;;;;;;;;;;;;;;;;;;;;;;;;;;;;;;;;;;;;;;;;;;;;;;;;;;;;;;;;;;;;;;;;;;;;;;;;;;;;;;;;;;;;;;;;;;;;;;;;;;;;;;;;;;;;;;;;;;;;;;;;;;;;;;;;;;;;;;;;;;;;;;;;;;;;;;;;;;;;;;;;;;;;;;;;;;;;;;;;;;;;;;;;;;;;;;;;;;;;;;;;;51.00;;;;;;;;;;;;;;;;;;;;;;;;;;;;;;;;;;;35.00;35.00;35.00;;;;;;;;;;;;;;44.00;43.00;44.00;;;;63.00;;;;;;;;;;;441.90;966.30;90.70;0.00;0.00;90.60;;;;;;;;;;;;;;;;;;;;;;2000.10;2000.10;1;1;;;;;;;;;;;;;;;;;;;;;;;;0.60;0;0;0.00;0.00;;;;;84.00;84.00;84.00;;90.00;90.00;90.00;;80.00;80.00;80.00;;;;;;;;;;;;;0;7.20;9.00;5.80;13.70;14.90;12.20;709;957;444;232;234;1423.70;;;26481048;7.00;;;;;;23.00
1576669800000;2019-12-18T12:50:00.000+0100;;;;;;;;;1.00;-25.40;375.00;374.90;375.30;517.00;510.00;509.00;-2.10;;;;;-2.10;-2.10;;;;;;;;;1.0;;;;;;;;;;;;;;;;;;;;;;;;;;;;;;;;;;;;;;;;;;;;50.00;;;;;;;;;;;;;;;;;;;;;;;;;;;;;;;;;;;;;;38.00;52.00;36.00;8.00;;;;37.00;39.00;37.00;;;;;;;;;1544.60;1044.80;-10.000;-43.600;;;;;;;;;;;;;2000.100;0.000;;;;;;;;;;73.00;71.00;73.00;;;;;;;;;69718;;;;;;;;;;;;;;574.700;;;;;;;;;;;;32.00;39.00;;;;;;;;;;;;;;0;0.00;0.00;;236.00;;3.00;0.50;-13.60;;2.80;2.70;;;;-1.00;;;;6.80;;;;0.80;6.70;4.00;9.10;0.90;6.70;4.20;10.00;1.00;-2.20;-1.90;0.10;22.00;;;;17.00;;;;32.00;;;;;;;;28.00;;;;;;;;;;;;53.00;;;;;;;;;;;;;;;;;;;;;;;;;;;;;;;;;;;;;;;;;;;;;;;;;;;;;;;;;;;;;;;;;;;;;;;;;;;;;;;;;;;;;;;;;;;;;;;;;;;;;;;;;;;;;;;;;;;;;;;;;;;;;;;;;;;;;;;;;;;;;;;;;;;;;;;;;;;;;;;;;;;;;;;;;;;;;;;;;;;;;;;;;;;;;;;;;;;;;;;;;;;;;;;;;;;;;;51.00;;;;;;;;;;;;;;;;;;;;;;;;;;;;;;;;;;;35.00;34.00;35.00;;;;;;;;;;;;;;44.00;43.00;44.00;;;;137.30;;;;;;;;;;;233.40;990.60;179.30;0.00;0.00;179.30;;;;;;;;;;;;;;;;;;;;;;2000.10;2000.10;1;1;;;;;;;;;;;;;;;;;;;;;;;;1.20;0;0;0.00;0.00;;;;;83.00;83.00;84.00;;89.00;89.00;90.00;;80.00;80.00;80.00;;;;;;;;;;;;;0;6.70;8.60;4.70;12.80;14.90;10.10;575;975;234;237;237;1324.70;;;26481144;7.00;;;;;;24.00
1576670400000;2019-12-18T13:00:00.000+0100;;;;;;;;;1.00;-22.00;375.70;375.70;376.10;447.00;441.00;440.00;-2.10;;;;;-2.10;-2.10;;;;;;;;;1.0;;;;;;;;;;;;;;;;;;;;;;;;;;;;;;;;;;;;;;;;;;;;50.00;;;;;;;;;;;;;;;;;;;;;;;;;;;;;;;;;;;;;;38.00;52.00;35.00;8.00;;;;36.00;39.00;36.00;;;;;;;;;1549.10;1031.00;-10.100;-49.200;;;;;;;;;;;;;2000.100;0.000;;;;;;;;;;71.00;69.00;72.00;;;;;;;;;69718;;;;;;;;;;;;;;498.200;;;;;;;;;;;;32.00;38.00;;;;;;;;;;;;;;0;0.00;0.00;;241.10;;3.00;0.50;-2.10;;3.60;2.90;;;;-1.90;;;;6.60;;;;0.80;6.40;3.70;10.30;1.00;6.50;3.00;10.10;1.00;-2.40;-1.50;0.10;22.00;;;;17.00;;;;31.00;;;;;;;;28.00;;;;;;;;;;;;53.00;;;;;;;;;;;;;;;;;;;;;;;;;;;;;;;;;;;;;;;;;;;;;;;;;;;;;;;;;;;;;;;;;;;;;;;;;;;;;;;;;;;;;;;;;;;;;;;;;;;;;;;;;;;;;;;;;;;;;;;;;;;;;;;;;;;;;;;;;;;;;;;;;;;;;;;;;;;;;;;;;;;;;;;;;;;;;;;;;;;;;;;;;;;;;;;;;;;;;;;;;;;;;;;;;;;;;;50.00;;;;;;;;;;;;;;;;;;;;;;;;;;;;;;;;;;;35.00;35.00;35.00;;;;;;;;;;;;;;44.00;43.00;44.00;;;;110.70;;;;;;;;;;;227.50;1116.70;167.20;0.00;0.00;167.10;;;;;;;;;;;;;;;;;;;;;;2000.10;2000.10;1;1;;;;;;;;;;;;;;;;;;;;;;;;1.20;0;0;0.00;0.00;;;;;83.00;83.00;83.00;;89.00;89.00;89.00;;80.00;79.00;80.00;;;;;;;;;;;;;0;6.50;9.50;4.30;12.20;14.90;9.80;498;1111;228;240;241;1273.30;;;26481226;7.00;;;;;;23.00
1576671000000;2019-12-18T13:10:00.000+0100;;;;;;;;;1.00;-25.50;377.00;376.80;377.30;516.00;508.00;508.00;-2.10;;;;;-2.10;-2.10;;;;;;;;;1.0;;;;;;;;;;;;;;;;;;;;;;;;;;;;;;;;;;;;;;;;;;;;50.00;;;;;;;;;;;;;;;;;;;;;;;;;;;;;;;;;;;;;;37.00;52.00;36.00;8.00;;;;36.00;38.00;36.00;;;;;;;;;1549.70;1106.20;-12.200;-47.900;;;;;;;;;;;;;2000.100;0.000;;;;;;;;;;71.00;69.00;71.00;;;;;;;;;69718;;;;;;;;;;;;;;577.000;;;;;;;;;;;;32.00;38.00;;;;;;;;;;;;;;0;0.00;0.00;;239.50;;3.00;0.70;-5.60;;1.40;2.70;;;;-1.80;;;;6.90;;;;0.70;6.70;3.90;9.40;0.90;6.80;4.50;9.50;0.90;-2.20;-1.90;0.10;22.00;;;;17.00;;;;32.00;;;;;;;;28.00;;;;;;;;;;;;53.00;;;;;;;;;;;;;;;;;;;;;;;;;;;;;;;;;;;;;;;;;;;;;;;;;;;;;;;;;;;;;;;;;;;;;;;;;;;;;;;;;;;;;;;;;;;;;;;;;;;;;;;;;;;;;;;;;;;;;;;;;;;;;;;;;;;;;;;;;;;;;;;;;;;;;;;;;;;;;;;;;;;;;;;;;;;;;;;;;;;;;;;;;;;;;;;;;;;;;;;;;;;;;;;;;;;;;;50.00;;;;;;;;;;;;;;;;;;;;;;;;;;;;;;;;;;;35.00;35.00;35.00;;;;;;;;;;;;;;44.00;43.00;44.00;;;;114.00;;;;;;;;;;;277.60;1094.10;150.50;0.00;0.00;150.40;;;;;;;;;;;;;;;;;;;;;;2000.10;2000.10;1;1;;;;;;;;;;;;;;;;;;;;;;;;1.20;0;0;0.00;0.00;;;;;83.00;83.00;83.00;;89.00;89.00;89.00;;79.00;79.00;79.00;;;;;;;;;;;;;0;6.80;8.50;4.90;12.80;14.90;10.70;577;1076;280;239;240;1327.70;;;26481324;7.00;;;;;;23.00
1576671600000;2019-12-18T13:20:00.000+0100;;;;;;;;;1.00;-21.20;377.40;377.30;377.70;429.00;423.00;422.00;-2.10;;;;;-2.10;-2.10;;;;;;;;;1.0;;;;;;;;;;;;;;;;;;;;;;;;;;;;;;;;;;;;;;;;;;;;50.00;;;;;;;;;;;;;;;;;;;;;;;;;;;;;;;;;;;;;;37.00;52.00;35.00;8.00;;;;36.00;38.00;35.00;;;;;;;;;1507.60;993.40;-6.200;-36.500;;;;;;;;;;;;;2000.100;0.000;;;;;;;;;;71.00;68.00;71.00;;;;;;;;;69718;;;;;;;;;;;;;;479.900;;;;;;;;;;;;32.00;38.00;;;;;;;;;;;;;;0;0.00;0.00;;246.40;;3.00;0.30;-9.60;;3.00;2.80;;;;-1.90;;;;6.50;;;;0.80;6.40;3.50;9.80;0.90;6.50;3.20;9.10;1.00;-2.20;-1.90;0.10;22.00;;;;17.00;;;;33.00;;;;;;;;28.00;;;;;;;;;;;;53.00;;;;;;;;;;;;;;;;;;;;;;;;;;;;;;;;;;;;;;;;;;;;;;;;;;;;;;;;;;;;;;;;;;;;;;;;;;;;;;;;;;;;;;;;;;;;;;;;;;;;;;;;;;;;;;;;;;;;;;;;;;;;;;;;;;;;;;;;;;;;;;;;;;;;;;;;;;;;;;;;;;;;;;;;;;;;;;;;;;;;;;;;;;;;;;;;;;;;;;;;;;;;;;;;;;;;;;50.00;;;;;;;;;;;;;;;;;;;;;;;;;;;;;;;;;;;35.00;35.00;35.00;;;;;;;;;;;;;;44.00;43.00;44.00;;;;127.10;;;;;;;;;;;145.70;824.80;146.00;0.00;0.00;145.90;;;;;;;;;;;;;;;;;;;;;;2000.10;2000.10;1;1;;;;;;;;;;;;;;;;;;;;;;;;1.20;0;0;0.00;0.00;;;;;83.00;83.00;83.00;;89.00;88.00;89.00;;79.00;79.00;79.00;;;;;;;;;;;;;0;6.50;8.10;4.60;12.20;14.30;9.50;480;819;149;238;238;1277.20;;;26481402;7.00;;;;;;23.00
1576672200000;2019-12-18T13:30:00.000+0100;;;;;;;;;1.00;-20.00;376.60;376.50;376.90;404.00;398.00;397.00;-2.10;;;;;-2.10;-2.10;;;;;;;;;1.0;;;;;;;;;;;;;;;;;;;;;;;;;;;;;;;;;;;;;;;;;;;;50.00;;;;;;;;;;;;;;;;;;;;;;;;;;;;;;;;;;;;;;37.00;51.00;35.00;8.00;;;;35.00;37.00;35.00;;;;;;;;;1439.30;1116.70;-10.200;-32.300;;;;;;;;;;;;;2000.100;0.000;;;;;;;;;;70.00;68.00;70.00;;;;;;;;;69719;;;;;;;;;;;;;;451.300;;;;;;;;;;;;32.00;38.00;;;;;;;;;;;;;;0;0.00;0.00;;237.60;;3.00;-0.70;-2.50;;1.70;1.10;;;;-3.10;;;;6.40;;;;0.60;6.30;3.80;8.50;0.80;6.40;4.20;8.80;0.80;-2.20;-1.90;0.10;22.00;;;;17.00;;;;34.00;;;;;;;;28.00;;;;;;;;;;;;52.00;;;;;;;;;;;;;;;;;;;;;;;;;;;;;;;;;;;;;;;;;;;;;;;;;;;;;;;;;;;;;;;;;;;;;;;;;;;;;;;;;;;;;;;;;;;;;;;;;;;;;;;;;;;;;;;;;;;;;;;;;;;;;;;;;;;;;;;;;;;;;;;;;;;;;;;;;;;;;;;;;;;;;;;;;;;;;;;;;;;;;;;;;;;;;;;;;;;;;;;;;;;;;;;;;;;;;;49.00;;;;;;;;;;;;;;;;;;;;;;;;;;;;;;;;;;;35.00;35.00;35.00;;;;;;;;;;;;;;43.00;43.00;44.00;;;;61.80;;;;;;;;;;;222.60;739.70;103.90;0.00;0.00;103.70;;;;;;;;;;;;;;;;;;;;;;2000.10;2000.10;1;1;;;;;;;;;;;;;;;;;;;;;;;;0.60;0;0;0.00;0.00;;;;;82.00;82.00;83.00;;88.00;88.00;88.00;;79.00;79.00;79.00;;;;;;;;;;;;;0;6.40;7.80;5.00;12.20;13.70;10.70;452;735;229;242;241;1261.40;;;26481476;7.00;;;;;;23.00
1576672800000;2019-12-18T13:40:00.000+0100;;;;;;;;;1.00;-18.20;373.60;373.60;374.00;373.00;367.00;366.00;-2.10;;;;;-2.10;-2.10;;;;;;;;;1.0;;;;;;;;;;;;;;;;;;;;;;;;;;;;;;;;;;;;;;;;;;;;50.00;;;;;;;;;;;;;;;;;;;;;;;;;;;;;;;;;;;;;;37.00;51.00;35.00;8.00;;;;34.00;37.00;34.00;;;;;;;;;1418.10;945.40;-9.000;-30.800;;;;;;;;;;;;;2000.100;0.000;;;;;;;;;;69.00;67.00;69.00;;;;;;;;;69719;;;;;;;;;;;;;;412.400;;;;;;;;;;;;32.00;38.00;;;;;;;;;;;;;;0;0.00;0.00;;243.50;;3.00;-0.30;-7.20;;1.70;1.00;;;;-2.20;;;;6.20;;;;0.80;6.20;2.70;9.30;1.00;6.20;3.40;9.30;0.90;-2.40;-1.30;0.20;22.00;;;;17.00;;;;34.00;;;;;;;;28.00;;;;;;;;;;;;52.00;;;;;;;;;;;;;;;;;;;;;;;;;;;;;;;;;;;;;;;;;;;;;;;;;;;;;;;;;;;;;;;;;;;;;;;;;;;;;;;;;;;;;;;;;;;;;;;;;;;;;;;;;;;;;;;;;;;;;;;;;;;;;;;;;;;;;;;;;;;;;;;;;;;;;;;;;;;;;;;;;;;;;;;;;;;;;;;;;;;;;;;;;;;;;;;;;;;;;;;;;;;;;;;;;;;;;;49.00;;;;;;;;;;;;;;;;;;;;;;;;;;;;;;;;;;;35.00;34.00;35.00;;;;;;;;;;;;;;43.00;43.00;43.00;;;;102.70;;;;;;;;;;;205.00;698.60;104.80;0.00;0.00;104.70;;;;;;;;;;;;;;;;;;;;;;2000.10;2000.10;1;1;;;;;;;;;;;;;;;;;;;;;;;;0.90;0;0;0.00;0.00;;;;;82.00;82.00;82.00;;88.00;88.00;88.00;;79.00;78.00;79.00;;;;;;;;;;;;;0;6.20;8.70;3.60;11.60;13.70;9.00;412;692;204;242;242;1211.00;;;26481546;7.00;;;;;;23.00
1576673400000;2019-12-18T13:50:00.000+0100;;;;;;;;;1.00;-21.80;374.40;374.40;374.80;445.00;439.00;438.00;-2.10;;;;;-2.10;-2.10;;;;;;;;;1.0;;;;;;;;;;;;;;;;;;;;;;;;;;;;;;;;;;;;;;;;;;;;50.00;;;;;;;;;;;;;;;;;;;;;;;;;;;;;;;;;;;;;;37.00;51.00;36.00;8.00;;;;34.00;36.00;34.00;;;;;;;;;1444.60;1101.80;-14.600;-35.400;;;;;;;;;;;;;2000.100;0.000;;;;;;;;;;68.00;67.00;69.00;;;;;;;;;69719;;;;;;;;;;;;;;494.300;;;;;;;;;;;;32.00;37.00;;;;;;;;;;;;;;0;0.00;0.00;;239.00;;3.00;1.90;1.40;;1.30;4.50;;;;-0.30;;;;6.60;;;;0.60;6.50;4.30;8.60;0.80;6.50;4.50;9.00;0.70;-2.20;-1.90;0.10;22.00;;;;17.00;;;;31.00;;;;;;;;28.00;;;;;;;;;;;;52.00;;;;;;;;;;;;;;;;;;;;;;;;;;;;;;;;;;;;;;;;;;;;;;;;;;;;;;;;;;;;;;;;;;;;;;;;;;;;;;;;;;;;;;;;;;;;;;;;;;;;;;;;;;;;;;;;;;;;;;;;;;;;;;;;;;;;;;;;;;;;;;;;;;;;;;;;;;;;;;;;;;;;;;;;;;;;;;;;;;;;;;;;;;;;;;;;;;;;;;;;;;;;;;;;;;;;;;49.00;;;;;;;;;;;;;;;;;;;;;;;;;;;;;;;;;;;35.00;35.00;35.00;;;;;;;;;;;;;;43.00;43.00;44.00;;;;70.10;;;;;;;;;;;342.60;807.20;84.70;0.00;0.00;84.50;;;;;;;;;;;;;;;;;;;;;;2000.10;2000.10;1;1;;;;;;;;;;;;;;;;;;;;;;;;0.60;0;0;0.00;0.00;;;;;82.00;82.00;82.00;;88.00;87.00;88.00;;78.00;78.00;78.00;;;;;;;;;;;;;0;6.50;7.80;4.80;12.20;13.70;10.40;495;803;347;235;237;1279.30;;;26481628;7.00;;;;;;24.00
1576674000000;2019-12-18T14:00:00.000+0100;;;;;;;;;1.00;-27.80;374.00;373.90;374.40;567.00;560.00;558.00;-2.10;;;;;-2.10;-2.10;;;;;;;;;1.0;;;;;;;;;;;;;;;;;;;;;;;;;;;;;;;;;;;;;;;;;;;;50.00;;;;;;;;;;;;;;;;;;;;;;;;;;;;;;;;;;;;;;37.00;51.00;36.00;8.00;;;;34.00;36.00;33.00;;;;;;;;;1556.80;1116.70;-12.000;-48.500;;;;;;;;;;;;;2000.100;0.000;;;;;;;;;;69.00;67.00;69.00;;;;;;;;;69719;;;;;;;;;;;;;;629.300;;;;;;;;;;;;32.00;37.00;;;;;;;;;;;;;;0;0.00;0.00;;235.10;;3.00;1.00;-1.00;;1.80;2.50;;;;-0.90;;;;7.10;;;;0.80;6.90;3.90;9.40;0.90;7.00;4.40;10.10;0.90;-2.30;-1.90;0.10;22.00;;;;17.00;;;;31.00;;;;;;;;28.00;;;;;;;;;;;;52.00;;;;;;;;;;;;;;;;;;;;;;;;;;;;;;;;;;;;;;;;;;;;;;;;;;;;;;;;;;;;;;;;;;;;;;;;;;;;;;;;;;;;;;;;;;;;;;;;;;;;;;;;;;;;;;;;;;;;;;;;;;;;;;;;;;;;;;;;;;;;;;;;;;;;;;;;;;;;;;;;;;;;;;;;;;;;;;;;;;;;;;;;;;;;;;;;;;;;;;;;;;;;;;;;;;;;;;49.00;;;;;;;;;;;;;;;;;;;;;;;;;;;;;;;;;;;35.00;35.00;35.00;;;;;;;;;;;;;;43.00;43.00;44.00;;;;113.40;;;;;;;;;;;271.60;1096.30;166.30;0.00;0.00;166.30;;;;;;;;;;;;;;;;;;;;;;2000.10;2000.10;1;1;;;;;;;;;;;;;;;;;;;;;;;;1.20;0;0;0.00;0.00;;;;;82.00;81.00;82.00;;87.00;87.00;88.00;;78.00;78.00;78.00;;;;;;;;;;;;;0;7.00;8.90;5.00;13.10;14.90;10.70;629;1096;281;236;237;1363.80;;;26481734;7.00;;;;;;23.00
1576674600000;2019-12-18T14:10:00.000+0100;;;;;;;;;1.00;-31.00;372.80;372.80;373.20;634.00;626.00;626.00;-2.10;;;;;-2.10;-2.10;;;;;;;;;1.0;;;;;;;;;;;;;;;;;;;;;;;;;;;;;;;;;;;;;;;;;;;;50.00;;;;;;;;;;;;;;;;;;;;;;;;;;;;;;;;;;;;;;38.00;52.00;36.00;8.00;;;;34.00;36.00;34.00;;;;;;;;;1548.50;1213.70;-18.100;-46.100;;;;;;;;;;;;;2000.100;0.000;;;;;;;;;;71.00;69.00;71.00;;;;;;;;;69719;;;;;;;;;;;;;;702.300;;;;;;;;;;;;31.00;37.00;;;;;;;;;;;;;;0;0.00;0.00;;235.50;;3.00;1.00;-5.60;;1.30;3.20;;;;-1.00;;;;7.40;;;;0.60;7.10;5.10;9.50;0.80;7.10;4.60;9.60;0.80;-2.20;-1.90;0.10;22.00;;;;17.00;;;;33.00;;;;;;;;28.00;;;;;;;;;;;;53.00;;;;;;;;;;;;;;;;;;;;;;;;;;;;;;;;;;;;;;;;;;;;;;;;;;;;;;;;;;;;;;;;;;;;;;;;;;;;;;;;;;;;;;;;;;;;;;;;;;;;;;;;;;;;;;;;;;;;;;;;;;;;;;;;;;;;;;;;;;;;;;;;;;;;;;;;;;;;;;;;;;;;;;;;;;;;;;;;;;;;;;;;;;;;;;;;;;;;;;;;;;;;;;;;;;;;;;51.00;;;;;;;;;;;;;;;;;;;;;;;;;;;;;;;;;;;35.00;35.00;35.00;;;;;;;;;;;;;;44.00;43.00;44.00;;;;81.20;;;;;;;;;;;410.00;1056.10;128.70;0.00;0.00;128.60;;;;;;;;;;;;;;;;;;;;;;2000.10;2000.10;1;1;;;;;;;;;;;;;;;;;;;;;;;;0.90;0;0;0.00;0.00;;;;;81.00;81.00;81.00;;87.00;87.00;87.00;;78.00;78.00;78.00;;;;;;;;;;;;;0;7.10;8.80;5.60;13.40;14.90;11.60;703;1054;412;235;236;1399.90;;;26481850;7.00;;;;;;23.00
1576675200000;2019-12-18T14:20:00.000+0100;;;;;;;;;1.00;-28.20;372.90;372.80;373.30;578.00;571.00;568.00;-2.10;;;;;-2.10;-2.10;;;;;;;;;1.0;;;;;;;;;;;;;;;;;;;;;;;;;;;;;;;;;;;;;;;;;;;;50.00;;;;;;;;;;;;;;;;;;;;;;;;;;;;;;;;;;;;;;38.00;52.00;36.00;8.00;;;;34.00;36.00;34.00;;;;;;;;;1547.30;1206.80;-17.700;-40.800;;;;;;;;;;;;;2000.100;0.000;;;;;;;;;;72.00;70.00;72.00;;;;;;;;;69719;;;;;;;;;;;;;;639.000;;;;;;;;;;;;31.00;37.00;;;;;;;;;;;;;;0;0.00;0.00;;236.70;;3.00;0.60;-0.10;;1.10;2.50;;;;-1.20;;;;7.10;;;;0.60;7.00;4.30;9.20;0.80;7.10;4.60;9.90;0.80;-2.20;-2.00;0.10;22.00;;;;16.00;;;;34.00;;;;;;;;28.00;;;;;;;;;;;;53.00;;;;;;;;;;;;;;;;;;;;;;;;;;;;;;;;;;;;;;;;;;;;;;;;;;;;;;;;;;;;;;;;;;;;;;;;;;;;;;;;;;;;;;;;;;;;;;;;;;;;;;;;;;;;;;;;;;;;;;;;;;;;;;;;;;;;;;;;;;;;;;;;;;;;;;;;;;;;;;;;;;;;;;;;;;;;;;;;;;;;;;;;;;;;;;;;;;;;;;;;;;;;;;;;;;;;;;51.00;;;;;;;;;;;;;;;;;;;;;;;;;;;;;;;;;;;35.00;35.00;35.00;;;;;;;;;;;;;;44.00;44.00;44.00;;;;79.40;;;;;;;;;;;392.10;925.10;117.20;0.00;0.00;117.10;;;;;;;;;;;;;;;;;;;;;;2000.10;2000.10;1;1;;;;;;;;;;;;;;;;;;;;;;;;0.90;0;0;0.00;0.00;;;;;81.00;81.00;81.00;;87.00;87.00;87.00;;77.00;77.00;78.00;;;;;;;;;;;;;0;7.10;8.40;5.40;13.40;14.90;11.60;639;922;398;238;238;1396.30;;;26481956;7.00;;;;;;24.00
1576675800000;2019-12-18T14:30:00.000+0100;;;;;;;;;1.00;-26.10;373.70;373.70;374.20;534.00;527.00;524.00;-2.10;;;;;-2.10;-2.10;;;;;;;;;1.0;;;;;;;;;;;;;;;;;;;;;;;;;;;;;;;;;;;;;;;;;;;;50.00;;;;;;;;;;;;;;;;;;;;;;;;;;;;;;;;;;;;;;37.00;52.00;36.00;8.00;;;;34.00;36.00;34.00;;;;;;;;;1538.00;1183.50;-13.500;-40.400;;;;;;;;;;;;;2000.100;0.000;;;;;;;;;;72.00;70.00;72.00;;;;;;;;;69720;;;;;;;;;;;;;;591.600;;;;;;;;;;;;32.00;37.00;;;;;;;;;;;;;;0;0.00;0.00;;239.50;;3.00;-0.80;-12.30;;1.00;1.00;;;;-2.60;;;;7.00;;;;0.60;6.90;4.80;9.10;0.80;7.00;4.90;9.70;0.80;-2.20;-2.00;0.10;22.00;;;;16.00;;;;34.00;;;;;;;;28.00;;;;;;;;;;;;53.00;;;;;;;;;;;;;;;;;;;;;;;;;;;;;;;;;;;;;;;;;;;;;;;;;;;;;;;;;;;;;;;;;;;;;;;;;;;;;;;;;;;;;;;;;;;;;;;;;;;;;;;;;;;;;;;;;;;;;;;;;;;;;;;;;;;;;;;;;;;;;;;;;;;;;;;;;;;;;;;;;;;;;;;;;;;;;;;;;;;;;;;;;;;;;;;;;;;;;;;;;;;;;;;;;;;;;;51.00;;;;;;;;;;;;;;;;;;;;;;;;;;;;;;;;;;;35.00;35.00;35.00;;;;;;;;;;;;;;44.00;43.00;44.00;;;;87.70;;;;;;;;;;;297.90;912.50;127.80;0.00;0.00;127.60;;;;;;;;;;;;;;;;;;;;;;2000.10;2000.10;1;1;;;;;;;;;;;;;;;;;;;;;;;;0.90;0;0;0.00;0.00;;;;;81.00;81.00;81.00;;86.00;86.00;87.00;;77.00;77.00;77.00;;;;;;;;;;;;;0;6.90;8.70;5.60;13.10;14.60;11.30;592;911;300;240;239;1365.50;;;26482058;7.00;;;;;;23.00
1576676400000;2019-12-18T14:40:00.000+0100;;;;;;;;;1.00;-17.20;375.10;375.00;375.50;352.00;346.00;343.00;-2.10;;;;;-2.10;-2.10;;;;;;;;;1.0;;;;;;;;;;;;;;;;;;;;;;;;;;;;;;;;;;;;;;;;;;;;50.00;;;;;;;;;;;;;;;;;;;;;;;;;;;;;;;;;;;;;;37.00;51.00;35.00;8.00;;;;33.00;35.00;33.00;;;;;;;;;1331.50;1061.50;-9.200;-27.100;;;;;;;;;;;;;2000.100;0.000;;;;;;;;;;70.00;68.00;71.00;;;;;;;;;69720;;;;;;;;;;;;;;389.800;;;;;;;;;;;;32.00;37.00;;;;;;;;;;;;;;0;0.00;0.00;;240.10;;3.00;1.40;-0.80;;1.60;3.10;;;;-0.70;;;;6.10;;;;0.50;6.00;3.90;8.40;0.70;6.10;3.30;8.90;0.70;-2.20;-2.00;0.10;22.00;;;;17.00;;;;35.00;;;;;;;;28.00;;;;;;;;;;;;53.00;;;;;;;;;;;;;;;;;;;;;;;;;;;;;;;;;;;;;;;;;;;;;;;;;;;;;;;;;;;;;;;;;;;;;;;;;;;;;;;;;;;;;;;;;;;;;;;;;;;;;;;;;;;;;;;;;;;;;;;;;;;;;;;;;;;;;;;;;;;;;;;;;;;;;;;;;;;;;;;;;;;;;;;;;;;;;;;;;;;;;;;;;;;;;;;;;;;;;;;;;;;;;;;;;;;;;;49.00;;;;;;;;;;;;;;;;;;;;;;;;;;;;;;;;;;;35.00;35.00;35.00;;;;;;;;;;;;;;43.00;43.00;44.00;;;;65.10;;;;;;;;;;;206.30;611.80;65.50;0.00;0.00;65.30;;;;;;;;;;;;;;;;;;;;;;2000.10;2000.10;1;1;;;;;;;;;;;;;;;;;;;;;;;;0.60;0;0;0.00;0.00;;;;;81.00;80.00;81.00;;86.00;86.00;86.00;;77.00;77.00;77.00;;;;;;;;;;;;;0;6.10;7.80;4.80;11.60;12.80;10.10;390;606;208;240;241;1197.80;;;26482120;7.00;;;;;;22.00
1576677000000;2019-12-18T14:50:00.000+0100;;;;;;;;;1.00;-17.50;375.50;375.30;375.90;355.00;349.00;349.00;-2.10;;;;;-2.10;-2.10;;;;;;;;;1.0;;;;;;;;;;;;;;;;;;;;;;;;;;;;;;;;;;;;;;;;;;;;50.00;;;;;;;;;;;;;;;;;;;;;;;;;;;;;;;;;;;;;;37.00;51.00;35.00;8.00;;;;33.00;35.00;32.00;;;;;;;;;1479.20;1075.50;-10.900;-28.200;;;;;;;;;;;;;2000.100;0.000;;;;;;;;;;69.00;67.00;69.00;;;;;;;;;69720;;;;;;;;;;;;;;394.600;;;;;;;;;;;;32.00;37.00;;;;;;;;;;;;;;0;0.00;0.00;;238.50;;3.00;-1.30;-8.20;;1.00;1.00;;;;-3.60;;;;6.10;;;;0.60;6.10;3.70;8.80;0.80;6.20;4.10;10.10;0.80;-2.20;-1.80;0.10;22.00;;;;17.00;;;;32.00;;;;;;;;28.00;;;;;;;;;;;;52.00;;;;;;;;;;;;;;;;;;;;;;;;;;;;;;;;;;;;;;;;;;;;;;;;;;;;;;;;;;;;;;;;;;;;;;;;;;;;;;;;;;;;;;;;;;;;;;;;;;;;;;;;;;;;;;;;;;;;;;;;;;;;;;;;;;;;;;;;;;;;;;;;;;;;;;;;;;;;;;;;;;;;;;;;;;;;;;;;;;;;;;;;;;;;;;;;;;;;;;;;;;;;;;;;;;;;;;49.00;;;;;;;;;;;;;;;;;;;;;;;;;;;;;;;;;;;35.00;35.00;35.00;;;;;;;;;;;;;;43.00;43.00;43.00;;;;82.70;;;;;;;;;;;247.50;641.40;71.50;0.00;0.00;71.40;;;;;;;;;;;;;;;;;;;;;;2000.10;2000.10;1;1;;;;;;;;;;;;;;;;;;;;;;;;0.90;0;0;0.00;0.00;;;;;80.00;80.00;80.00;;86.00;86.00;86.00;;77.00;77.00;77.00;;;;;;;;;;;;;0;6.20;8.40;4.90;11.60;14.30;10.40;395;638;250;240;239;1218.40;;;26482188;7.00;;;;;;21.00
1576677600000;2019-12-18T15:00:00.000+0100;;;;;;;;;1.00;-22.80;375.30;375.10;375.70;463.00;457.00;456.00;-2.10;;;;;-2.10;-2.10;;;;;;;;;1.0;;;;;;;;;;;;;;;;;;;;;;;;;;;;;;;;;;;;;;;;;;;;50.00;;;;;;;;;;;;;;;;;;;;;;;;;;;;;;;;;;;;;;37.00;51.00;35.00;8.00;;;;32.00;34.00;32.00;;;;;;;;;1551.20;1065.90;-12.500;-38.000;;;;;;;;;;;;;2000.100;0.000;;;;;;;;;;69.00;67.00;69.00;;;;;;;;;69720;;;;;;;;;;;;;;515.700;;;;;;;;;;;;31.00;37.00;;;;;;;;;;;;;;0;0.00;0.00;;239.70;;3.00;-1.50;-8.00;;1.30;0.20;;;;-3.10;;;;6.70;;;;0.70;6.60;4.30;8.90;0.80;6.70;4.50;9.20;0.90;-2.30;-1.80;0.10;22.00;;;;17.00;;;;31.00;;;;;;;;28.00;;;;;;;;;;;;52.00;;;;;;;;;;;;;;;;;;;;;;;;;;;;;;;;;;;;;;;;;;;;;;;;;;;;;;;;;;;;;;;;;;;;;;;;;;;;;;;;;;;;;;;;;;;;;;;;;;;;;;;;;;;;;;;;;;;;;;;;;;;;;;;;;;;;;;;;;;;;;;;;;;;;;;;;;;;;;;;;;;;;;;;;;;;;;;;;;;;;;;;;;;;;;;;;;;;;;;;;;;;;;;;;;;;;;;49.00;;;;;;;;;;;;;;;;;;;;;;;;;;;;;;;;;;;35.00;35.00;35.00;;;;;;;;;;;;;;43.00;43.00;44.00;;;;112.50;;;;;;;;;;;289.00;857.00;97.50;0.00;0.00;97.40;;;;;;;;;;;;;;;;;;;;;;2000.10;2000.10;1;1;;;;;;;;;;;;;;;;;;;;;;;;1.20;0;0;0.00;0.00;;;;;80.00;80.00;80.00;;86.00;85.00;86.00;;77.00;76.00;77.00;;;;;;;;;;;;;0;6.60;8.30;4.80;12.50;14.90;10.10;516;849;291;238;237;1306.50;;;26482272;7.00;;;;;;20.00
1576678200000;2019-12-18T15:10:00.000+0100;;;;;;;;;1.00;-33.90;374.90;374.70;375.30;690.00;682.00;680.00;-2.20;;;;;-2.20;-2.20;;;;;;;;;1.0;;;;;;;;;;;;;;;;;;;;;;;;;;;;;;;;;;;;;;;;;;;;50.00;;;;;;;;;;;;;;;;;;;;;;;;;;;;;;;;;;;;;;37.00;52.00;36.00;8.00;;;;32.00;34.00;32.00;;;;;;;;;1557.10;1304.10;-23.800;-45.800;;;;;;;;;;;;;2000.100;0.000;;;;;;;;;;70.00;69.00;71.00;;;;;;;;;69720;;;;;;;;;;;;;;768.400;;;;;;;;;;;;31.00;37.00;;;;;;;;;;;;;;0;0.00;0.00;;236.40;;3.00;-0.10;-1.50;;1.90;1.70;;;;-1.80;;;;7.60;;;;0.40;7.50;5.60;9.50;0.60;7.60;5.00;9.60;0.60;-2.20;-2.00;0.00;22.00;;;;17.00;;;;32.00;;;;;;;;28.00;;;;;;;;;;;;53.00;;;;;;;;;;;;;;;;;;;;;;;;;;;;;;;;;;;;;;;;;;;;;;;;;;;;;;;;;;;;;;;;;;;;;;;;;;;;;;;;;;;;;;;;;;;;;;;;;;;;;;;;;;;;;;;;;;;;;;;;;;;;;;;;;;;;;;;;;;;;;;;;;;;;;;;;;;;;;;;;;;;;;;;;;;;;;;;;;;;;;;;;;;;;;;;;;;;;;;;;;;;;;;;;;;;;;;50.00;;;;;;;;;;;;;;;;;;;;;;;;;;;;;;;;;;;35.00;35.00;35.00;;;;;;;;;;;;;;44.00;43.00;44.00;;;;53.70;;;;;;;;;;;545.60;1038.70;91.50;0.00;0.00;91.50;;;;;;;;;;;;;;;;;;;;;;2000.10;2000.10;1;1;;;;;;;;;;;;;;;;;;;;;;;;0.60;0;0;0.00;0.00;;;;;80.00;80.00;80.00;;85.00;85.00;85.00;;76.00;76.00;76.00;;;;;;;;;;;;;0;7.60;8.60;6.20;14.30;14.90;12.50;768;1033;548;239;239;1480.10;;;26482400;7.00;;;;;;20.00
1576678800000;2019-12-18T15:20:00.000+0100;;;;;;;;;1.00;-31.80;375.10;375.00;375.50;645.00;637.00;637.00;-2.10;;;;;-2.10;-2.10;;;;;;;;;1.0;;;;;;;;;;;;;;;;;;;;;;;;;;;;;;;;;;;;;;;;;;;;50.00;;;;;;;;;;;;;;;;;;;;;;;;;;;;;;;;;;;;;;38.00;52.00;36.00;8.00;;;;33.00;35.00;33.00;;;;;;;;;1554.10;1237.80;-18.900;-46.200;;;;;;;;;;;;;2000.100;0.000;;;;;;;;;;72.00;70.00;73.00;;;;;;;;;69720;;;;;;;;;;;;;;718.800;;;;;;;;;;;;31.00;37.00;;;;;;;;;;;;;;0;0.00;0.00;;241.40;;3.00;-1.00;-1.00;;0.60;0.60;;;;-2.70;;;;7.40;;;;0.50;7.30;5.20;9.40;0.70;7.30;4.80;9.90;0.70;-2.20;-2.00;0.00;22.00;;;;17.00;;;;33.00;;;;;;;;28.00;;;;;;;;;;;;53.00;;;;;;;;;;;;;;;;;;;;;;;;;;;;;;;;;;;;;;;;;;;;;;;;;;;;;;;;;;;;;;;;;;;;;;;;;;;;;;;;;;;;;;;;;;;;;;;;;;;;;;;;;;;;;;;;;;;;;;;;;;;;;;;;;;;;;;;;;;;;;;;;;;;;;;;;;;;;;;;;;;;;;;;;;;;;;;;;;;;;;;;;;;;;;;;;;;;;;;;;;;;;;;;;;;;;;;51.00;;;;;;;;;;;;;;;;;;;;;;;;;;;;;;;;;;;35.00;35.00;35.00;;;;;;;;;;;;;;44.00;44.00;44.00;;;;72.20;;;;;;;;;;;427.30;1042.00;121.90;0.00;0.00;121.90;;;;;;;;;;;;;;;;;;;;;;2000.10;2000.10;1;1;;;;;;;;;;;;;;;;;;;;;;;;0.60;0;0;0.00;0.00;;;;;80.00;80.00;80.00;;85.00;85.00;85.00;;76.00;76.00;76.00;;;;;;;;;;;;;0;7.30;8.50;5.60;13.70;14.90;11.90;719;1038;435;240;239;1440.80;;;26482520;7.00;;;;;;20.00
1576679400000;2019-12-18T15:30:00.000+0100;;;;;;;;;1.00;-24.20;375.60;375.30;375.90;491.00;485.00;485.00;-2.10;;;;;-2.10;-2.10;;;;;;;;;1.0;;;;;;;;;;;;;;;;;;;;;;;;;;;;;;;;;;;;;;;;;;;;50.00;;;;;;;;;;;;;;;;;;;;;;;;;;;;;;;;;;;;;;38.00;52.00;35.00;8.00;;;;33.00;35.00;33.00;;;;;;;;;1472.10;1182.60;-12.200;-32.800;;;;;;;;;;;;;2000.100;0.000;;;;;;;;;;72.00;70.00;72.00;;;;;;;;;69721;;;;;;;;;;;;;;547.800;;;;;;;;;;;;31.00;37.00;;;;;;;;;;;;;;0;0.00;0.00;;236.50;;3.00;-3.60;-7.60;;0.60;-1.70;;;;-4.90;;;;6.80;;;;0.50;6.80;4.80;8.90;0.70;7.00;4.20;9.40;0.70;-2.20;-2.00;0.00;22.00;;;;17.00;;;;34.00;;;;;;;;28.00;;;;;;;;;;;;53.00;;;;;;;;;;;;;;;;;;;;;;;;;;;;;;;;;;;;;;;;;;;;;;;;;;;;;;;;;;;;;;;;;;;;;;;;;;;;;;;;;;;;;;;;;;;;;;;;;;;;;;;;;;;;;;;;;;;;;;;;;;;;;;;;;;;;;;;;;;;;;;;;;;;;;;;;;;;;;;;;;;;;;;;;;;;;;;;;;;;;;;;;;;;;;;;;;;;;;;;;;;;;;;;;;;;;;;50.00;;;;;;;;;;;;;;;;;;;;;;;;;;;;;;;;;;;35.00;35.00;35.00;;;;;;;;;;;;;;44.00;44.00;44.00;;;;69.80;;;;;;;;;;;277.30;743.00;91.10;0.00;0.00;90.90;;;;;;;;;;;;;;;;;;;;;;2000.10;2000.10;1;1;;;;;;;;;;;;;;;;;;;;;;;;0.60;0;0;0.00;0.00;;;;;80.00;79.00;80.00;;85.00;85.00;85.00;;76.00;76.00;76.00;;;;;;;;;;;;;0;6.90;8.00;5.20;13.10;14.00;11.30;548;742;280;240;236;1360.80;;;26482612;7.00;;;;;;20.00
1576680000000;2019-12-18T15:40:00.000+0100;;;;;;;;;1.00;-22.80;375.50;375.00;375.60;463.00;457.00;456.00;-2.10;;;;;-2.10;-2.10;;;;;;;;;1.0;;;;;;;;;;;;;;;;;;;;;;;;;;;;;;;;;;;;;;;;;;;;50.00;;;;;;;;;;;;;;;;;;;;;;;;;;;;;;;;;;;;;;38.00;52.00;35.00;8.00;;;;33.00;35.00;33.00;;;;;;;;;1468.20;1112.20;-13.800;-32.400;;;;;;;;;;;;;2000.100;0.000;;;;;;;;;;72.00;70.00;72.00;;;;;;;;;69721;;;;;;;;;;;;;;515.700;;;;;;;;;;;;31.00;37.00;;;;;;;;;;;;;;0;0.00;0.00;;237.70;;3.00;-0.60;-3.60;;1.10;0.90;;;;-2.70;;;;6.70;;;;0.60;6.60;4.20;8.90;0.80;6.60;4.00;9.10;0.80;-2.20;-2.00;0.00;22.00;;;;17.00;;;;33.00;;;;;;;;28.00;;;;;;;;;;;;53.00;;;;;;;;;;;;;;;;;;;;;;;;;;;;;;;;;;;;;;;;;;;;;;;;;;;;;;;;;;;;;;;;;;;;;;;;;;;;;;;;;;;;;;;;;;;;;;;;;;;;;;;;;;;;;;;;;;;;;;;;;;;;;;;;;;;;;;;;;;;;;;;;;;;;;;;;;;;;;;;;;;;;;;;;;;;;;;;;;;;;;;;;;;;;;;;;;;;;;;;;;;;;;;;;;;;;;;50.00;;;;;;;;;;;;;;;;;;;;;;;;;;;;;;;;;;;35.00;35.00;35.00;;;;;;;;;;;;;;44.00;43.00;44.00;;;;98.50;;;;;;;;;;;315.80;740.30;88.60;0.00;0.00;88.50;;;;;;;;;;;;;;;;;;;;;;2000.10;2000.10;1;1;;;;;;;;;;;;;;;;;;;;;;;;0.90;0;0;0.00;0.00;;;;;79.00;79.00;79.00;;85.00;85.00;85.00;;76.00;76.00;76.00;;;;;;;;;;;;;0;6.60;8.00;5.10;12.50;14.00;10.70;516;737;317;239;239;1307.10;;;26482698;7.00;;;;;;21.00
1576680600000;2019-12-18T15:50:00.000+0100;;;;;;;;;1.00;-23.60;375.60;375.10;375.60;478.00;471.00;471.00;-2.10;;;;;-2.10;-2.10;;;;;;;;;1.0;;;;;;;;;;;;;;;;;;;;;;;;;;;;;;;;;;;;;;;;;;;;50.00;;;;;;;;;;;;;;;;;;;;;;;;;;;;;;;;;;;;;;37.00;52.00;35.00;8.00;;;;33.00;35.00;32.00;;;;;;;;;1442.20;1211.90;-15.200;-29.600;;;;;;;;;;;;;2000.100;0.000;;;;;;;;;;71.00;69.00;71.00;;;;;;;;;69721;;;;;;;;;;;;;;532.200;;;;;;;;;;;;31.00;37.00;;;;;;;;;;;;;;0;0.00;0.00;;239.10;;3.00;-3.20;-3.90;;0.60;-1.80;;;;-5.00;;;;6.80;;;;0.50;6.70;4.60;8.30;0.70;6.80;4.50;8.80;0.70;-2.20;-2.00;0.00;22.00;;;;17.00;;;;31.00;;;;;;;;28.00;;;;;;;;;;;;53.00;;;;;;;;;;;;;;;;;;;;;;;;;;;;;;;;;;;;;;;;;;;;;;;;;;;;;;;;;;;;;;;;;;;;;;;;;;;;;;;;;;;;;;;;;;;;;;;;;;;;;;;;;;;;;;;;;;;;;;;;;;;;;;;;;;;;;;;;;;;;;;;;;;;;;;;;;;;;;;;;;;;;;;;;;;;;;;;;;;;;;;;;;;;;;;;;;;;;;;;;;;;;;;;;;;;;;;50.00;;;;;;;;;;;;;;;;;;;;;;;;;;;;;;;;;;;35.00;35.00;35.00;;;;;;;;;;;;;;44.00;43.00;44.00;;;;65.90;;;;;;;;;;;334.80;668.50;55.10;0.00;0.00;54.80;;;;;;;;;;;;;;;;;;;;;;2000.10;2000.10;1;1;;;;;;;;;;;;;;;;;;;;;;;;0.60;0;0;0.00;0.00;;;;;79.00;79.00;79.00;;85.00;84.00;85.00;;76.00;75.00;76.00;;;;;;;;;;;;;0;6.80;7.80;5.30;12.80;13.70;11.60;532;665;342;239;236;1330.30;;;26482786;7.00;;;;;;21.00
1576681200000;2019-12-18T16:00:00.000+0100;;;;;;;;;1.00;-28.00;375.50;374.90;375.40;568.00;561.00;561.00;-2.10;;;;;-2.10;-2.10;;;;;;;;;1.0;;;;;;;;;;;;;;;;;;;;;;;;;;;;;;;;;;;;;;;;;;;;50.00;;;;;;;;;;;;;;;;;;;;;;;;;;;;;;;;;;;;;;38.00;52.00;36.00;8.00;;;;32.00;34.00;32.00;;;;;;;;;1502.80;1337.80;-22.000;-37.600;;;;;;;;;;;;;2000.100;0.000;;;;;;;;;;71.00;69.00;71.00;;;;;;;;;69721;;;;;;;;;;;;;;633.300;;;;;;;;;;;;31.00;37.00;;;;;;;;;;;;;;0;0.00;0.00;;234.40;;3.00;-0.10;-4.40;;1.00;1.40;;;;-1.70;;;;7.10;;;;0.30;7.10;5.10;8.70;0.60;7.10;5.20;9.10;0.60;-2.20;-2.00;0.00;22.00;;;;16.00;;;;31.00;;;;;;;;28.00;;;;;;;;;;;;53.00;;;;;;;;;;;;;;;;;;;;;;;;;;;;;;;;;;;;;;;;;;;;;;;;;;;;;;;;;;;;;;;;;;;;;;;;;;;;;;;;;;;;;;;;;;;;;;;;;;;;;;;;;;;;;;;;;;;;;;;;;;;;;;;;;;;;;;;;;;;;;;;;;;;;;;;;;;;;;;;;;;;;;;;;;;;;;;;;;;;;;;;;;;;;;;;;;;;;;;;;;;;;;;;;;;;;;;50.00;;;;;;;;;;;;;;;;;;;;;;;;;;;;;;;;;;;35.00;35.00;35.00;;;;;;;;;;;;;;44.00;44.00;44.00;;;;35.50;;;;;;;;;;;500.70;858.50;64.10;0.00;0.00;63.80;;;;;;;;;;;;;;;;;;;;;;2000.10;2000.10;1;1;;;;;;;;;;;;;;;;;;;;;;;;0.30;0;0;0.00;0.00;;;;;79.00;79.00;79.00;;84.00;84.00;84.00;;75.00;75.00;75.00;;;;;;;;;;;;;0;7.10;8.30;6.00;13.40;14.30;12.80;633;845;503;234;234;1397.20;;;26482892;7.00;;;;;;21.00
1576681800000;2019-12-18T16:10:00.000+0100;;;;;;;;;1.00;-39.40;376.80;376.30;376.90;798.00;789.00;788.00;-2.20;;;;;-2.20;-2.20;;;;;;;;;1.0;;;;;;;;;;;;;;;;;;;;;;;;;;;;;;;;;;;;;;;;;;;;50.00;;;;;;;;;;;;;;;;;;;;;;;;;;;;;;;;;;;;;;38.00;53.00;36.00;8.00;;;;33.00;35.00;33.00;;;;;;;;;1558.30;1371.50;-29.600;-52.000;;;;;;;;;;;;;2000.100;0.000;;;;;;;;;;73.00;71.00;73.00;;;;;;;;;69721;;;;;;;;;;;;;;893.700;;;;;;;;;;;;31.00;37.00;;;;;;;;;;;;;;0;0.00;0.00;;235.20;;3.00;1.00;-0.10;;0.30;2.70;;;;-1.00;;;;8.00;;;;0.40;7.80;5.60;10.10;0.70;7.80;5.70;10.20;0.70;-2.30;-2.00;0.10;22.00;;;;16.00;;;;33.00;;;;;;;;28.00;;;;;;;;;;;;54.00;;;;;;;;;;;;;;;;;;;;;;;;;;;;;;;;;;;;;;;;;;;;;;;;;;;;;;;;;;;;;;;;;;;;;;;;;;;;;;;;;;;;;;;;;;;;;;;;;;;;;;;;;;;;;;;;;;;;;;;;;;;;;;;;;;;;;;;;;;;;;;;;;;;;;;;;;;;;;;;;;;;;;;;;;;;;;;;;;;;;;;;;;;;;;;;;;;;;;;;;;;;;;;;;;;;;;;51.00;;;;;;;;;;;;;;;;;;;;;;;;;;;;;;;;;;;35.00;35.00;35.00;;;;;;;;;;;;;;44.00;44.00;45.00;;;;42.40;;;;;;;;;;;666.10;1178.80;106.00;0.00;0.00;105.80;;;;;;;;;;;;;;;;;;;;;;2000.10;2000.10;1;1;;;;;;;;;;;;;;;;;;;;;;;;0.30;0;0;0.00;0.00;;;;;79.00;79.00;79.00;;84.00;84.00;84.00;;75.00;75.00;75.00;;;;;;;;;;;;;0;7.80;9.20;6.10;14.60;14.90;13.10;894;1171;669;234;235;1516.80;;;26483040;7.00;;;;;;20.00
1576682400000;2019-12-18T16:20:00.000+0100;;;;;;;;;1.00;-31.80;376.60;376.10;376.70;644.00;636.00;636.00;-2.10;;;;;-2.10;-2.10;;;;;;;;;1.0;;;;;;;;;;;;;;;;;;;;;;;;;;;;;;;;;;;;;;;;;;;;50.00;;;;;;;;;;;;;;;;;;;;;;;;;;;;;;;;;;;;;;38.00;53.00;36.00;8.00;;;;34.00;35.00;33.00;;;;;;;;;1538.00;1350.60;-26.600;-40.300;;;;;;;;;;;;;2000.100;0.000;;;;;;;;;;74.00;72.00;74.00;;;;;;;;;69721;;;;;;;;;;;;;;720.000;;;;;;;;;;;;31.00;38.00;;;;;;;;;;;;;;0;0.00;0.00;;234.70;;3.00;-2.10;-3.60;;0.60;-0.80;;;;-3.70;;;;7.40;;;;0.30;7.30;5.80;9.00;0.50;7.40;5.50;9.00;0.50;-2.20;-2.10;0.00;22.00;;;;16.00;;;;34.00;;;;;;;;28.00;;;;;;;;;;;;54.00;;;;;;;;;;;;;;;;;;;;;;;;;;;;;;;;;;;;;;;;;;;;;;;;;;;;;;;;;;;;;;;;;;;;;;;;;;;;;;;;;;;;;;;;;;;;;;;;;;;;;;;;;;;;;;;;;;;;;;;;;;;;;;;;;;;;;;;;;;;;;;;;;;;;;;;;;;;;;;;;;;;;;;;;;;;;;;;;;;;;;;;;;;;;;;;;;;;;;;;;;;;;;;;;;;;;;;52.00;;;;;;;;;;;;;;;;;;;;;;;;;;;;;;;;;;;35.00;35.00;35.00;;;;;;;;;;;;;;45.00;44.00;45.00;;;;47.40;;;;;;;;;;;609.50;914.60;62.10;0.00;0.00;62.20;;;;;;;;;;;;;;;;;;;;;;2000.10;2000.10;1;1;;;;;;;;;;;;;;;;;;;;;;;;0.60;0;0;0.00;0.00;;;;;79.00;79.00;79.00;;84.00;84.00;84.00;;75.00;75.00;75.00;;;;;;;;;;;;;0;7.40;8.20;6.40;14.00;14.60;12.80;720;912;612;234;232;1452.40;;;26483162;7.00;;;;;;21.00
1576683000000;2019-12-18T16:30:00.000+0100;;;;;;;;;1.00;-27.10;376.40;375.80;376.60;548.00;541.00;541.00;-2.10;;;;;-2.10;-2.10;;;;;;;;;1.0;;;;;;;;;;;;;;;;;;;;;;;;;;;;;;;;;;;;;;;;;;;;50.00;;;;;;;;;;;;;;;;;;;;;;;;;;;;;;;;;;;;;;38.00;53.00;36.00;8.00;;;;34.00;35.00;33.00;;;;;;;;;1446.10;1330.00;-23.200;-30.800;;;;;;;;;;;;;2000.100;0.000;;;;;;;;;;74.00;72.00;74.00;;;;;;;;;69722;;;;;;;;;;;;;;612.400;;;;;;;;;;;;31.00;38.00;;;;;;;;;;;;;;0;0.00;0.00;;230.50;;3.00;-2.70;-4.60;;0.50;-0.40;;;;-5.10;;;;7.10;;;;0.20;6.90;5.20;8.70;0.50;7.10;5.00;8.80;0.50;-2.20;-2.10;0.00;22.00;;;;16.00;;;;35.00;;;;;;;;28.00;;;;;;;;;;;;54.00;;;;;;;;;;;;;;;;;;;;;;;;;;;;;;;;;;;;;;;;;;;;;;;;;;;;;;;;;;;;;;;;;;;;;;;;;;;;;;;;;;;;;;;;;;;;;;;;;;;;;;;;;;;;;;;;;;;;;;;;;;;;;;;;;;;;;;;;;;;;;;;;;;;;;;;;;;;;;;;;;;;;;;;;;;;;;;;;;;;;;;;;;;;;;;;;;;;;;;;;;;;;;;;;;;;;;;51.00;;;;;;;;;;;;;;;;;;;;;;;;;;;;;;;;;;;35.00;35.00;35.00;;;;;;;;;;;;;;44.00;44.00;45.00;;;;27.80;;;;;;;;;;;535.20;694.50;32.30;0.00;0.00;32.30;;;;;;;;;;;;;;;;;;;;;;2000.10;2000.10;1;1;;;;;;;;;;;;;;;;;;;;;;;;0.30;0;0;0.00;0.00;;;;;79.00;78.00;79.00;;84.00;84.00;84.00;;75.00;75.00;75.00;;;;;;;;;;;;;0;7.00;7.70;6.50;13.10;14.00;12.80;613;693;536;227;225;1383.80;;;26483264;7.00;;;;;;21.00
1576683600000;2019-12-18T16:40:00.000+0100;;;;;;;;;1.00;-31.70;376.70;376.10;376.80;641.00;633.00;633.00;-2.10;;;;;-2.10;-2.10;;;;;;;;;1.0;;;;;;;;;;;;;;;;;;;;;;;;;;;;;;;;;;;;;;;;;;;;50.00;;;;;;;;;;;;;;;;;;;;;;;;;;;;;;;;;;;;;;38.00;53.00;36.00;8.00;;;;33.00;35.00;33.00;;;;;;;;;1490.90;1353.90;-25.200;-36.000;;;;;;;;;;;;;2000.100;0.000;;;;;;;;;;74.00;71.00;74.00;;;;;;;;;69722;;;;;;;;;;;;;;716.900;;;;;;;;;;;;31.00;38.00;;;;;;;;;;;;;;0;0.00;0.00;;222.80;;3.00;1.20;-2.70;;0.60;3.00;;;;-1.30;;;;7.40;;;;0.20;7.30;5.40;9.00;0.50;7.30;5.30;8.80;0.50;-2.20;-2.10;0.00;22.00;;;;16.00;;;;33.00;;;;;;;;28.00;;;;;;;;;;;;54.00;;;;;;;;;;;;;;;;;;;;;;;;;;;;;;;;;;;;;;;;;;;;;;;;;;;;;;;;;;;;;;;;;;;;;;;;;;;;;;;;;;;;;;;;;;;;;;;;;;;;;;;;;;;;;;;;;;;;;;;;;;;;;;;;;;;;;;;;;;;;;;;;;;;;;;;;;;;;;;;;;;;;;;;;;;;;;;;;;;;;;;;;;;;;;;;;;;;;;;;;;;;;;;;;;;;;;;51.00;;;;;;;;;;;;;;;;;;;;;;;;;;;;;;;;;;;35.00;35.00;35.00;;;;;;;;;;;;;;44.00;44.00;45.00;;;;33.10;;;;;;;;;;;570.00;817.60;45.20;0.00;0.00;45.10;;;;;;;;;;;;;;;;;;;;;;2000.10;2000.10;1;1;;;;;;;;;;;;;;;;;;;;;;;;0.30;0;0;0.00;0.00;;;;;78.00;78.00;78.00;;84.00;84.00;84.00;;75.00;75.00;75.00;;;;;;;;;;;;;0;7.30;7.90;6.70;13.70;14.30;13.10;717;815;575;224;225;1429.70;;;26483384;7.00;;;;;;21.00
1576684200000;2019-12-18T16:50:00.000+0100;;;;;;;;;1.00;-29.40;377.40;376.70;377.50;595.00;587.00;587.00;-2.10;;;;;-2.10;-2.10;;;;;;;;;1.0;;;;;;;;;;;;;;;;;;;;;;;;;;;;;;;;;;;;;;;;;;;;50.00;;;;;;;;;;;;;;;;;;;;;;;;;;;;;;;;;;;;;;38.00;53.00;36.00;8.00;;;;34.00;35.00;33.00;;;;;;;;;1452.10;1347.90;-23.600;-34.200;;;;;;;;;;;;;2000.100;0.000;;;;;;;;;;74.00;71.00;74.00;;;;;;;;;69722;;;;;;;;;;;;;;666.200;;;;;;;;;;;;32.00;38.00;;;;;;;;;;;;;;0;0.00;0.00;;224.70;;3.00;1.30;0.60;;0.40;2.70;;;;-0.50;;;;7.20;;;;0.20;7.00;5.50;8.90;0.50;7.10;4.20;9.20;0.50;-2.20;-2.10;0.00;22.00;;;;16.00;;;;30.00;;;;;;;;28.00;;;;;;;;;;;;54.00;;;;;;;;;;;;;;;;;;;;;;;;;;;;;;;;;;;;;;;;;;;;;;;;;;;;;;;;;;;;;;;;;;;;;;;;;;;;;;;;;;;;;;;;;;;;;;;;;;;;;;;;;;;;;;;;;;;;;;;;;;;;;;;;;;;;;;;;;;;;;;;;;;;;;;;;;;;;;;;;;;;;;;;;;;;;;;;;;;;;;;;;;;;;;;;;;;;;;;;;;;;;;;;;;;;;;;51.00;;;;;;;;;;;;;;;;;;;;;;;;;;;;;;;;;;;35.00;35.00;35.00;;;;;;;;;;;;;;44.00;44.00;45.00;;;;29.50;;;;;;;;;;;531.10;772.00;49.40;0.00;0.00;49.30;;;;;;;;;;;;;;;;;;;;;;2000.10;2000.10;1;1;;;;;;;;;;;;;;;;;;;;;;;;0.30;0;0;0.00;0.00;;;;;78.00;78.00;78.00;;84.00;84.00;84.00;;75.00;75.00;75.00;;;;;;;;;;;;;0;7.10;7.70;6.40;13.40;14.00;12.80;666;770;536;224;225;1395.10;;;26483494;7.00;;;;;;21.00
1576684800000;2019-12-18T17:00:00.000+0100;;;;;;;;;1.00;-24.20;377.70;377.10;377.90;488.00;482.00;481.00;-2.10;;;;;-2.10;-2.10;;;;;;;;;1.0;;;;;;;;;;;;;;;;;;;;;;;;;;;;;;;;;;;;;;;;;;;;50.00;;;;;;;;;;;;;;;;;;;;;;;;;;;;;;;;;;;;;;38.00;53.00;35.00;8.00;;;;33.00;35.00;33.00;;;;;;;;;1413.00;1221.70;-18.100;-31.400;;;;;;;;;;;;;2000.100;0.000;;;;;;;;;;73.00;71.00;73.00;;;;;;;;;69722;;;;;;;;;;;;;;547.100;;;;;;;;;;;;32.00;38.00;;;;;;;;;;;;;;0;0.00;0.00;;223.50;;3.00;-0.40;-0.40;;0.60;1.60;;;;-2.20;;;;6.80;;;;0.30;6.70;4.50;8.90;0.50;6.70;4.80;8.30;0.50;-2.20;-2.10;0.00;21.00;;;;16.00;;;;32.00;;;;;;;;28.00;;;;;;;;;;;;54.00;;;;;;;;;;;;;;;;;;;;;;;;;;;;;;;;;;;;;;;;;;;;;;;;;;;;;;;;;;;;;;;;;;;;;;;;;;;;;;;;;;;;;;;;;;;;;;;;;;;;;;;;;;;;;;;;;;;;;;;;;;;;;;;;;;;;;;;;;;;;;;;;;;;;;;;;;;;;;;;;;;;;;;;;;;;;;;;;;;;;;;;;;;;;;;;;;;;;;;;;;;;;;;;;;;;;;;51.00;;;;;;;;;;;;;;;;;;;;;;;;;;;;;;;;;;;35.00;35.00;35.00;;;;;;;;;;;;;;44.00;44.00;44.00;;;;40.90;;;;;;;;;;;407.70;709.20;54.60;0.00;0.00;54.50;;;;;;;;;;;;;;;;;;;;;;2000.10;2000.10;1;1;;;;;;;;;;;;;;;;;;;;;;;;0.30;0;0;0.00;0.00;;;;;78.00;78.00;78.00;;84.00;83.00;84.00;;75.00;75.00;75.00;;;;;;;;;;;;;0;6.70;7.50;6.00;12.50;13.40;11.60;547;707;411;224;223;1320.20;;;26483586;6.00;;;;;;21.00
1576685400000;2019-12-18T17:10:00.000+0100;;;;;;;;;1.00;-25.90;376.00;375.30;376.10;526.00;520.00;519.00;-2.10;;;;;-2.10;-2.10;;;;;;;;;1.0;;;;;;;;;;;;;;;;;;;;;;;;;;;;;;;;;;;;;;;;;;;;50.00;;;;;;;;;;;;;;;;;;;;;;;;;;;;;;;;;;;;;;38.00;52.00;35.00;7.00;;;;33.00;35.00;33.00;;;;;;;;;1476.00;1231.30;-18.600;-34.800;;;;;;;;;;;;;2000.100;0.000;;;;;;;;;;72.00;70.00;72.00;;;;;;;;;69722;;;;;;;;;;;;;;587.300;;;;;;;;;;;;32.00;38.00;;;;;;;;;;;;;;0;0.00;0.00;;222.40;;3.00;-1.40;-1.50;;0.80;1.30;;;;-3.50;;;;7.00;;;;0.40;6.80;5.10;8.80;0.60;6.90;5.00;8.60;0.60;-2.20;-2.10;0.00;21.00;;;;16.00;;;;33.00;;;;;;;;28.00;;;;;;;;;;;;53.00;;;;;;;;;;;;;;;;;;;;;;;;;;;;;;;;;;;;;;;;;;;;;;;;;;;;;;;;;;;;;;;;;;;;;;;;;;;;;;;;;;;;;;;;;;;;;;;;;;;;;;;;;;;;;;;;;;;;;;;;;;;;;;;;;;;;;;;;;;;;;;;;;;;;;;;;;;;;;;;;;;;;;;;;;;;;;;;;;;;;;;;;;;;;;;;;;;;;;;;;;;;;;;;;;;;;;;50.00;;;;;;;;;;;;;;;;;;;;;;;;;;;;;;;;;;;35.00;35.00;35.00;;;;;;;;;;;;;;44.00;44.00;44.00;;;;65.90;;;;;;;;;;;425.60;784.80;85.60;0.00;0.00;85.40;;;;;;;;;;;;;;;;;;;;;;2000.10;2000.10;1;1;;;;;;;;;;;;;;;;;;;;;;;;0.60;0;0;0.00;0.00;;;;;78.00;78.00;78.00;;83.00;83.00;83.00;;75.00;74.00;75.00;;;;;;;;;;;;;0;6.90;7.80;5.90;12.80;14.00;11.90;587;781;428;224;222;1347.90;;;26483684;6.00;;;;;;21.00
1576686000000;2019-12-18T17:20:00.000+0100;;;;;;;;;1.00;-35.60;376.30;375.60;376.40;723.00;715.00;713.00;-2.10;;;;;-2.10;-2.10;;;;;;;;;1.0;;;;;;;;;;;;;;;;;;;;;;;;;;;;;;;;;;;;;;;;;;;;50.00;;;;;;;;;;;;;;;;;;;;;;;;;;;;;;;;;;;;;;38.00;53.00;36.00;7.00;;;;33.00;35.00;33.00;;;;;;;;;1555.00;1385.50;-27.000;-42.800;;;;;;;;;;;;;2000.100;0.000;;;;;;;;;;73.00;71.00;73.00;;;;;;;;;69722;;;;;;;;;;;;;;807.600;;;;;;;;;;;;31.00;38.00;;;;;;;;;;;;;;0;0.00;0.00;;221.90;;3.00;-1.60;-2.40;;1.00;0.40;;;;-3.20;;;;7.70;;;;0.30;7.50;5.90;9.10;0.50;7.70;5.90;9.60;0.50;-2.20;-2.10;0.00;21.00;;;;16.00;;;;34.00;;;;;;;;28.00;;;;;;;;;;;;54.00;;;;;;;;;;;;;;;;;;;;;;;;;;;;;;;;;;;;;;;;;;;;;;;;;;;;;;;;;;;;;;;;;;;;;;;;;;;;;;;;;;;;;;;;;;;;;;;;;;;;;;;;;;;;;;;;;;;;;;;;;;;;;;;;;;;;;;;;;;;;;;;;;;;;;;;;;;;;;;;;;;;;;;;;;;;;;;;;;;;;;;;;;;;;;;;;;;;;;;;;;;;;;;;;;;;;;;51.00;;;;;;;;;;;;;;;;;;;;;;;;;;;;;;;;;;;35.00;35.00;35.00;;;;;;;;;;;;;;45.00;44.00;45.00;;;;37.90;;;;;;;;;;;614.00;969.90;73.70;0.00;0.00;73.50;;;;;;;;;;;;;;;;;;;;;;2000.10;2000.10;1;1;;;;;;;;;;;;;;;;;;;;;;;;0.30;0;0;0.00;0.00;;;;;78.00;78.00;78.00;;83.00;83.00;83.00;;74.00;74.00;74.00;;;;;;;;;;;;;0;7.60;8.40;6.80;14.30;14.90;13.40;808;956;619;224;222;1489.70;;;26483816;6.00;;;;;;21.00
1576686600000;2019-12-18T17:30:00.000+0100;;;;;;;;;1.00;-32.50;376.90;376.20;377.00;658.00;650.00;649.00;-2.10;;;;;-2.10;-2.10;;;;;;;;;1.0;;;;;;;;;;;;;;;;;;;;;;;;;;;;;;;;;;;;;;;;;;;;50.00;;;;;;;;;;;;;;;;;;;;;;;;;;;;;;;;;;;;;;38.00;53.00;36.00;7.00;;;;34.00;35.00;33.00;;;;;;;;;1546.70;1332.10;-25.900;-40.300;;;;;;;;;;;;;2000.100;0.000;;;;;;;;;;74.00;72.00;74.00;;;;;;;;;69723;;;;;;;;;;;;;;736.100;;;;;;;;;;;;31.00;38.00;;;;;;;;;;;;;;0;0.00;0.00;;222.40;;3.00;0.60;-1.60;;0.40;2.50;;;;-1.40;;;;7.50;;;;0.30;7.30;5.30;8.90;0.60;7.30;4.80;9.70;0.60;-2.20;-2.10;0.00;21.00;;;;16.00;;;;35.00;;;;;;;;28.00;;;;;;;;;;;;54.00;;;;;;;;;;;;;;;;;;;;;;;;;;;;;;;;;;;;;;;;;;;;;;;;;;;;;;;;;;;;;;;;;;;;;;;;;;;;;;;;;;;;;;;;;;;;;;;;;;;;;;;;;;;;;;;;;;;;;;;;;;;;;;;;;;;;;;;;;;;;;;;;;;;;;;;;;;;;;;;;;;;;;;;;;;;;;;;;;;;;;;;;;;;;;;;;;;;;;;;;;;;;;;;;;;;;;;52.00;;;;;;;;;;;;;;;;;;;;;;;;;;;;;;;;;;;35.00;35.00;35.00;;;;;;;;;;;;;;45.00;45.00;45.00;;;;57.90;;;;;;;;;;;586.20;916.40;80.80;0.00;0.00;80.80;;;;;;;;;;;;;;;;;;;;;;2000.10;2000.10;1;1;;;;;;;;;;;;;;;;;;;;;;;;0.60;0;0;0.00;0.00;;;;;78.00;78.00;78.00;;83.00;83.00;83.00;;74.00;74.00;74.00;;;;;;;;;;;;;0;7.30;8.20;6.40;13.70;14.90;12.80;736;908;588;224;224;1434.80;;;26483940;6.00;;;;;;21.00
1576687200000;2019-12-18T17:40:00.000+0100;;;;;;;;;1.00;-26.50;377.30;376.70;377.40;535.00;529.00;528.00;-2.10;;;;;-2.10;-2.10;;;;;;;;;1.0;;;;;;;;;;;;;;;;;;;;;;;;;;;;;;;;;;;;;;;;;;;;50.00;;;;;;;;;;;;;;;;;;;;;;;;;;;;;;;;;;;;;;38.00;53.00;36.00;7.00;;;;33.00;35.00;33.00;;;;;;;;;1398.70;1297.20;-22.600;-31.400;;;;;;;;;;;;;2000.100;0.000;;;;;;;;;;73.00;71.00;74.00;;;;;;;;;69723;;;;;;;;;;;;;;599.500;;;;;;;;;;;;32.00;38.00;;;;;;;;;;;;;;0;0.00;0.00;;224.10;;3.00;2.20;-2.70;;1.60;4.00;;;;0.60;;;;7.00;;;;0.20;6.90;5.10;8.60;0.50;6.90;5.10;8.70;0.50;-2.20;-2.10;0.00;21.00;;;;16.00;;;;32.00;;;;;;;;28.00;;;;;;;;;;;;54.00;;;;;;;;;;;;;;;;;;;;;;;;;;;;;;;;;;;;;;;;;;;;;;;;;;;;;;;;;;;;;;;;;;;;;;;;;;;;;;;;;;;;;;;;;;;;;;;;;;;;;;;;;;;;;;;;;;;;;;;;;;;;;;;;;;;;;;;;;;;;;;;;;;;;;;;;;;;;;;;;;;;;;;;;;;;;;;;;;;;;;;;;;;;;;;;;;;;;;;;;;;;;;;;;;;;;;;51.00;;;;;;;;;;;;;;;;;;;;;;;;;;;;;;;;;;;35.00;35.00;35.00;;;;;;;;;;;;;;44.00;44.00;45.00;;;;23.90;;;;;;;;;;;515.70;697.50;32.90;0.00;0.00;32.70;;;;;;;;;;;;;;;;;;;;;;2000.10;2000.10;1;1;;;;;;;;;;;;;;;;;;;;;;;;0.30;0;0;0.00;0.00;;;;;78.00;78.00;78.00;;83.00;83.00;83.00;;74.00;74.00;74.00;;;;;;;;;;;;;0;6.90;7.40;6.10;12.80;13.40;12.50;600;693;518;224;227;1352.10;;;26484040;6.00;;;;;;22.00
1576687800000;2019-12-18T17:50:00.000+0100;;;;;;;;;1.00;-23.20;377.30;376.70;377.40;470.00;464.00;463.00;-2.10;;;;;-2.10;-2.10;;;;;;;;;1.0;;;;;;;;;;;;;;;;;;;;;;;;;;;;;;;;;;;;;;;;;;;;50.00;;;;;;;;;;;;;;;;;;;;;;;;;;;;;;;;;;;;;;38.00;53.00;35.00;7.00;;;;33.00;35.00;33.00;;;;;;;;;1393.60;1198.10;-17.100;-29.300;;;;;;;;;;;;;2000.100;0.000;;;;;;;;;;72.00;70.00;72.00;;;;;;;;;69723;;;;;;;;;;;;;;525.900;;;;;;;;;;;;32.00;38.00;;;;;;;;;;;;;;0;0.00;0.00;;229.20;;3.00;3.40;-1.30;;1.00;5.90;;;;1.00;;;;6.70;;;;0.30;6.60;5.00;8.50;0.60;6.50;4.50;8.60;0.60;-2.20;-2.00;0.00;21.00;;;;16.00;;;;30.00;;;;;;;;28.00;;;;;;;;;;;;54.00;;;;;;;;;;;;;;;;;;;;;;;;;;;;;;;;;;;;;;;;;;;;;;;;;;;;;;;;;;;;;;;;;;;;;;;;;;;;;;;;;;;;;;;;;;;;;;;;;;;;;;;;;;;;;;;;;;;;;;;;;;;;;;;;;;;;;;;;;;;;;;;;;;;;;;;;;;;;;;;;;;;;;;;;;;;;;;;;;;;;;;;;;;;;;;;;;;;;;;;;;;;;;;;;;;;;;;51.00;;;;;;;;;;;;;;;;;;;;;;;;;;;;;;;;;;;35.00;35.00;35.00;;;;;;;;;;;;;;44.00;44.00;44.00;;;;48.60;;;;;;;;;;;382.80;669.10;57.50;0.00;0.00;57.30;;;;;;;;;;;;;;;;;;;;;;2000.10;2000.10;1;1;;;;;;;;;;;;;;;;;;;;;;;;0.60;0;0;0.00;0.00;;;;;78.00;78.00;78.00;;83.00;83.00;83.00;;74.00;74.00;74.00;;;;;;;;;;;;;0;6.50;7.50;5.30;12.50;13.40;11.60;526;665;387;230;233;1292.40;;;26484128;6.00;;;;;;22.00
1576688400000;2019-12-18T18:00:00.000+0100;;;;;;;;;1.00;-22.30;376.90;376.20;377.00;451.00;445.00;444.00;-2.10;;;;;-2.10;-2.10;;;;;;;;;1.0;;;;;;;;;;;;;;;;;;;;;;;;;;;;;;;;;;;;;;;;;;;;50.00;;;;;;;;;;;;;;;;;;;;;;;;;;;;;;;;;;;;;;37.00;52.00;35.00;7.00;;;;33.00;34.00;32.00;;;;;;;;;1407.30;1132.80;-14.700;-30.600;;;;;;;;;;;;;2000.100;0.000;;;;;;;;;;71.00;69.00;71.00;;;;;;;;;69723;;;;;;;;;;;;;;504.100;;;;;;;;;;;;31.00;38.00;;;;;;;;;;;;;;0;0.00;0.00;;233.30;;3.00;-1.10;-1.30;;3.30;0.80;;;;-3.20;;;;6.60;;;;0.50;6.60;4.00;8.40;0.60;6.70;4.60;8.80;0.70;-2.20;-2.00;0.00;21.00;;;;16.00;;;;32.00;;;;;;;;28.00;;;;;;;;;;;;53.00;;;;;;;;;;;;;;;;;;;;;;;;;;;;;;;;;;;;;;;;;;;;;;;;;;;;;;;;;;;;;;;;;;;;;;;;;;;;;;;;;;;;;;;;;;;;;;;;;;;;;;;;;;;;;;;;;;;;;;;;;;;;;;;;;;;;;;;;;;;;;;;;;;;;;;;;;;;;;;;;;;;;;;;;;;;;;;;;;;;;;;;;;;;;;;;;;;;;;;;;;;;;;;;;;;;;;;50.00;;;;;;;;;;;;;;;;;;;;;;;;;;;;;;;;;;;35.00;35.00;35.00;;;;;;;;;;;;;;44.00;44.00;44.00;;;;57.30;;;;;;;;;;;334.30;693.00;60.40;0.00;0.00;60.00;;;;;;;;;;;;;;;;;;;;;;2000.10;2000.10;1;1;;;;;;;;;;;;;;;;;;;;;;;;0.60;0;0;0.00;0.00;;;;;77.00;77.00;78.00;;83.00;83.00;83.00;;74.00;74.00;74.00;;;;;;;;;;;;;0;6.70;7.70;5.30;12.50;13.40;10.70;504;687;338;236;234;1315.10;;;26484212;6.00;;;;;;21.00
1576689000000;2019-12-18T18:10:00.000+0100;;;;;;;;;1.00;-22.40;376.60;375.80;376.60;454.00;448.00;447.00;-2.10;;;;;-2.10;-2.10;;;;;;;;;1.0;;;;;;;;;;;;;;;;;;;;;;;;;;;;;;;;;;;;;;;;;;;;50.00;;;;;;;;;;;;;;;;;;;;;;;;;;;;;;;;;;;;;;37.00;52.00;35.00;7.00;;;;32.00;34.00;32.00;;;;;;;;;1459.00;1083.20;-14.300;-30.700;;;;;;;;;;;;;2000.100;0.000;;;;;;;;;;70.00;68.00;71.00;;;;;;;;;69723;;;;;;;;;;;;;;507.100;;;;;;;;;;;;31.00;37.00;;;;;;;;;;;;;;0;0.00;0.00;;234.90;;3.00;0.80;-1.20;;0.80;2.40;;;;-1.20;;;;6.60;;;;0.60;6.50;4.10;8.70;0.80;6.50;3.90;8.70;0.90;-2.20;-2.00;0.10;21.00;;;;16.00;;;;33.00;;;;;;;;28.00;;;;;;;;;;;;53.00;;;;;;;;;;;;;;;;;;;;;;;;;;;;;;;;;;;;;;;;;;;;;;;;;;;;;;;;;;;;;;;;;;;;;;;;;;;;;;;;;;;;;;;;;;;;;;;;;;;;;;;;;;;;;;;;;;;;;;;;;;;;;;;;;;;;;;;;;;;;;;;;;;;;;;;;;;;;;;;;;;;;;;;;;;;;;;;;;;;;;;;;;;;;;;;;;;;;;;;;;;;;;;;;;;;;;;50.00;;;;;;;;;;;;;;;;;;;;;;;;;;;;;;;;;;;35.00;34.00;35.00;;;;;;;;;;;;;;44.00;44.00;44.00;;;;90.10;;;;;;;;;;;324.60;698.80;73.00;0.00;0.00;72.70;;;;;;;;;;;;;;;;;;;;;;2000.10;2000.10;1;1;;;;;;;;;;;;;;;;;;;;;;;;0.90;0;0;0.00;0.00;;;;;77.00;77.00;77.00;;83.00;82.00;83.00;;74.00;74.00;74.00;;;;;;;;;;;;;0;6.50;7.80;4.90;12.20;14.00;10.40;507;690;331;236;237;1280.50;;;26484296;6.00;;;;;;21.00
1576689600000;2019-12-18T18:20:00.000+0100;;;;;;;;;1.00;-25.90;377.20;376.50;377.20;524.00;517.00;517.00;-2.10;;;;;-2.10;-2.10;;;;;;;;;1.0;;;;;;;;;;;;;;;;;;;;;;;;;;;;;;;;;;;;;;;;;;;;50.00;;;;;;;;;;;;;;;;;;;;;;;;;;;;;;;;;;;;;;37.00;52.00;35.00;7.00;;;;32.00;34.00;31.00;;;;;;;;;1545.20;1169.20;-17.000;-39.400;;;;;;;;;;;;;2000.100;0.000;;;;;;;;;;70.00;68.00;70.00;;;;;;;;;69723;;;;;;;;;;;;;;586.400;;;;;;;;;;;;31.00;37.00;;;;;;;;;;;;;;0;0.00;0.00;;238.60;;3.00;-0.20;-7.00;;0.80;1.70;;;;-1.60;;;;7.00;;;;0.70;6.90;4.60;9.60;0.80;6.90;4.80;9.70;0.80;-2.20;-1.80;0.10;21.00;;;;16.00;;;;34.00;;;;;;;;28.00;;;;;;;;;;;;53.00;;;;;;;;;;;;;;;;;;;;;;;;;;;;;;;;;;;;;;;;;;;;;;;;;;;;;;;;;;;;;;;;;;;;;;;;;;;;;;;;;;;;;;;;;;;;;;;;;;;;;;;;;;;;;;;;;;;;;;;;;;;;;;;;;;;;;;;;;;;;;;;;;;;;;;;;;;;;;;;;;;;;;;;;;;;;;;;;;;;;;;;;;;;;;;;;;;;;;;;;;;;;;;;;;;;;;;50.00;;;;;;;;;;;;;;;;;;;;;;;;;;;;;;;;;;;35.00;35.00;35.00;;;;;;;;;;;;;;44.00;43.00;44.00;;;;83.60;;;;;;;;;;;384.30;895.20;94.20;0.00;0.00;94.00;;;;;;;;;;;;;;;;;;;;;;2000.10;2000.10;1;1;;;;;;;;;;;;;;;;;;;;;;;;0.90;0;0;0.00;0.00;;;;;77.00;77.00;77.00;;82.00;82.00;83.00;;74.00;74.00;74.00;;;;;;;;;;;;;0;6.90;8.80;5.20;13.10;14.90;11.30;586;880;387;236;236;1353.90;;;26484394;6.00;;;;;;21.00
1576690200000;2019-12-18T18:30:00.000+0100;;;;;;;;;1.00;-33.20;377.70;377.00;377.70;670.00;662.00;661.00;-2.10;;;;;-2.10;-2.10;;;;;;;;;1.0;;;;;;;;;;;;;;;;;;;;;;;;;;;;;;;;;;;;;;;;;;;;50.00;;;;;;;;;;;;;;;;;;;;;;;;;;;;;;;;;;;;;;37.00;53.00;36.00;7.00;;;;32.00;33.00;31.00;;;;;;;;;1558.30;1268.00;-17.700;-46.700;;;;;;;;;;;;;2000.100;0.000;;;;;;;;;;72.00;70.00;72.00;;;;;;;;;69724;;;;;;;;;;;;;;751.200;;;;;;;;;;;;31.00;37.00;;;;;;;;;;;;;;0;0.00;0.00;;235.10;;3.00;-1.10;-1.10;;1.20;-0.10;;;;-2.90;;;;7.50;;;;0.60;7.50;4.90;10.00;0.80;7.50;4.60;10.10;0.90;-2.30;-2.00;0.10;21.00;;;;16.00;;;;34.00;;;;;;;;28.00;;;;;;;;;;;;53.00;;;;;;;;;;;;;;;;;;;;;;;;;;;;;;;;;;;;;;;;;;;;;;;;;;;;;;;;;;;;;;;;;;;;;;;;;;;;;;;;;;;;;;;;;;;;;;;;;;;;;;;;;;;;;;;;;;;;;;;;;;;;;;;;;;;;;;;;;;;;;;;;;;;;;;;;;;;;;;;;;;;;;;;;;;;;;;;;;;;;;;;;;;;;;;;;;;;;;;;;;;;;;;;;;;;;;;51.00;;;;;;;;;;;;;;;;;;;;;;;;;;;;;;;;;;;35.00;35.00;35.00;;;;;;;;;;;;;;44.00;44.00;45.00;;;;78.80;;;;;;;;;;;398.50;1063.40;131.80;0.00;0.00;131.60;;;;;;;;;;;;;;;;;;;;;;2000.10;2000.10;1;1;;;;;;;;;;;;;;;;;;;;;;;;0.90;0;0;0.00;0.00;;;;;77.00;77.00;77.00;;82.00;82.00;82.00;;73.00;73.00;74.00;;;;;;;;;;;;;0;7.50;9.10;5.60;14.00;14.90;12.20;751;1059;409;236;235;1457.80;;;26484520;6.00;;;;;;22.00
1576690800000;2019-12-18T18:40:00.000+0100;;;;;;;;;1.00;-35.10;377.70;377.00;377.80;711.00;704.00;700.00;-2.10;;;;;-2.10;-2.10;;;;;;;;;1.0;;;;;;;;;;;;;;;;;;;;;;;;;;;;;;;;;;;;;;;;;;;;50.00;;;;;;;;;;;;;;;;;;;;;;;;;;;;;;;;;;;;;;38.00;53.00;36.00;7.00;;;;32.00;34.00;32.00;;;;;;;;;1554.70;1443.10;-29.800;-43.500;;;;;;;;;;;;;2000.100;0.000;;;;;;;;;;74.00;72.00;74.00;;;;;;;;;69724;;;;;;;;;;;;;;797.000;;;;;;;;;;;;31.00;37.00;;;;;;;;;;;;;;0;0.00;0.00;;234.00;;3.00;-2.10;-5.80;;0.60;-0.30;;;;-4.10;;;;7.70;;;;0.30;7.60;5.70;9.80;0.60;7.70;5.50;9.70;0.60;-2.20;-2.10;0.00;21.00;;;;15.00;;;;31.00;;;;;;;;28.00;;;;;;;;;;;;54.00;;;;;;;;;;;;;;;;;;;;;;;;;;;;;;;;;;;;;;;;;;;;;;;;;;;;;;;;;;;;;;;;;;;;;;;;;;;;;;;;;;;;;;;;;;;;;;;;;;;;;;;;;;;;;;;;;;;;;;;;;;;;;;;;;;;;;;;;;;;;;;;;;;;;;;;;;;;;;;;;;;;;;;;;;;;;;;;;;;;;;;;;;;;;;;;;;;;;;;;;;;;;;;;;;;;;;;52.00;;;;;;;;;;;;;;;;;;;;;;;;;;;;;;;;;;;35.00;35.00;35.00;;;;;;;;;;;;;;45.00;44.00;45.00;;;;29.50;;;;;;;;;;;670.50;986.20;56.10;0.00;0.00;55.70;;;;;;;;;;;;;;;;;;;;;;2000.10;2000.10;1;1;;;;;;;;;;;;;;;;;;;;;;;;0.30;0;0;0.00;0.00;;;;;77.00;77.00;77.00;;82.00;82.00;82.00;;73.00;73.00;73.00;;;;;;;;;;;;;0;7.60;8.80;6.70;14.30;14.90;13.70;797;977;677;235;233;1504.60;;;26484652;7.00;;;;;;23.00
1576691400000;2019-12-18T18:50:00.000+0100;;;;;;;;;1.00;-39.20;377.70;377.10;377.70;790.00;781.00;781.00;-2.20;;;;;-2.20;-2.20;;;;;;;;;1.0;;;;;;;;;;;;;;;;;;;;;;;;;;;;;;;;;;;;;;;;;;;;50.00;;;;;;;;;;;;;;;;;;;;;;;;;;;;;;;;;;;;;;38.00;54.00;36.00;8.00;;;;33.00;34.00;32.00;;;;;;;;;1557.70;1347.00;-26.900;-48.600;;;;;;;;;;;;;2000.100;0.000;;;;;;;;;;75.00;73.00;75.00;;;;;;;;;69724;;;;;;;;;;;;;;886.200;;;;;;;;;;;;31.00;37.00;;;;;;;;;;;;;;0;0.00;0.00;;232.60;;3.00;-1.50;-1.70;;0.60;-0.10;;;;-3.10;;;;7.90;;;;0.50;7.70;5.70;9.70;0.60;7.90;5.30;9.50;0.60;-2.20;-2.10;0.10;21.00;;;;15.00;;;;31.00;;;;;;;;28.00;;;;;;;;;;;;55.00;;;;;;;;;;;;;;;;;;;;;;;;;;;;;;;;;;;;;;;;;;;;;;;;;;;;;;;;;;;;;;;;;;;;;;;;;;;;;;;;;;;;;;;;;;;;;;;;;;;;;;;;;;;;;;;;;;;;;;;;;;;;;;;;;;;;;;;;;;;;;;;;;;;;;;;;;;;;;;;;;;;;;;;;;;;;;;;;;;;;;;;;;;;;;;;;;;;;;;;;;;;;;;;;;;;;;;52.00;;;;;;;;;;;;;;;;;;;;;;;;;;;;;;;;;;;35.00;35.00;35.00;;;;;;;;;;;;;;45.00;45.00;45.00;;;;63.00;;;;;;;;;;;609.10;1092.20;135.60;0.00;0.00;135.40;;;;;;;;;;;;;;;;;;;;;;2000.10;2000.10;1;1;;;;;;;;;;;;;;;;;;;;;;;;0.60;0;0;0.00;0.00;;;;;77.00;77.00;77.00;;82.00;82.00;82.00;;73.00;73.00;73.00;;;;;;;;;;;;;0;7.80;8.70;6.60;14.60;14.90;12.80;887;1091;609;231;230;1517.40;;;26484800;7.00;;;;;;21.00
1576692000000;2019-12-18T19:00:00.000+0100;;;;;;;;;1.00;-31.10;378.10;377.40;378.10;627.00;620.00;620.00;-2.10;;;;;-2.10;-2.10;;;;;;;;;1.0;;;;;;;;;;;;;;;;;;;;;;;;;;;;;;;;;;;;;;;;;;;;50.00;;;;;;;;;;;;;;;;;;;;;;;;;;;;;;;;;;;;;;38.00;53.00;36.00;8.00;;;;33.00;35.00;33.00;;;;;;;;;1535.00;1363.80;-27.100;-40.700;;;;;;;;;;;;;2000.100;0.000;;;;;;;;;;75.00;73.00;75.00;;;;;;;;;69724;;;;;;;;;;;;;;704.600;;;;;;;;;;;;31.00;38.00;;;;;;;;;;;;;;0;0.00;0.00;;224.40;;3.00;-2.20;-2.40;;1.00;0.10;;;;-3.90;;;;7.40;;;;0.20;7.30;5.70;9.50;0.50;7.30;5.70;8.90;0.50;-2.20;-2.10;0.00;21.00;;;;15.00;;;;33.00;;;;;;;;28.00;;;;;;;;;;;;54.00;;;;;;;;;;;;;;;;;;;;;;;;;;;;;;;;;;;;;;;;;;;;;;;;;;;;;;;;;;;;;;;;;;;;;;;;;;;;;;;;;;;;;;;;;;;;;;;;;;;;;;;;;;;;;;;;;;;;;;;;;;;;;;;;;;;;;;;;;;;;;;;;;;;;;;;;;;;;;;;;;;;;;;;;;;;;;;;;;;;;;;;;;;;;;;;;;;;;;;;;;;;;;;;;;;;;;;52.00;;;;;;;;;;;;;;;;;;;;;;;;;;;;;;;;;;;35.00;35.00;35.00;;;;;;;;;;;;;;45.00;45.00;45.00;;;;35.50;;;;;;;;;;;612.30;932.00;48.40;0.00;0.00;48.30;;;;;;;;;;;;;;;;;;;;;;2000.10;2000.10;1;1;;;;;;;;;;;;;;;;;;;;;;;;0.30;0;0;0.00;0.00;;;;;77.00;77.00;77.00;;82.00;82.00;82.00;;73.00;73.00;73.00;;;;;;;;;;;;;0;7.30;8.00;6.50;13.70;14.60;13.10;705;925;613;224;222;1440.20;;;26484916;7.00;;;;;;20.00
1576692600000;2019-12-18T19:10:00.000+0100;;;;;;;;;1.00;-32.60;378.50;377.80;378.50;658.00;651.00;650.00;-2.10;;;;;-2.10;-2.10;;;;;;;;;1.0;;;;;;;;;;;;;;;;;;;;;;;;;;;;;;;;;;;;;;;;;;;;50.00;;;;;;;;;;;;;;;;;;;;;;;;;;;;;;;;;;;;;;38.00;54.00;36.00;7.00;;;;33.00;35.00;33.00;;;;;;;;;1515.40;1390.90;-26.800;-39.400;;;;;;;;;;;;;2000.100;0.000;;;;;;;;;;75.00;73.00;75.00;;;;;;;;;69724;;;;;;;;;;;;;;739.700;;;;;;;;;;;;32.00;38.00;;;;;;;;;;;;;;0;0.00;0.00;;217.00;;3.00;1.80;1.10;;0.50;4.30;;;;-0.50;;;;7.50;;;;0.20;7.40;6.20;9.30;0.50;7.40;5.60;9.40;0.50;-2.20;-2.10;0.00;21.00;;;;15.00;;;;34.00;;;;;;;;28.00;;;;;;;;;;;;54.00;;;;;;;;;;;;;;;;;;;;;;;;;;;;;;;;;;;;;;;;;;;;;;;;;;;;;;;;;;;;;;;;;;;;;;;;;;;;;;;;;;;;;;;;;;;;;;;;;;;;;;;;;;;;;;;;;;;;;;;;;;;;;;;;;;;;;;;;;;;;;;;;;;;;;;;;;;;;;;;;;;;;;;;;;;;;;;;;;;;;;;;;;;;;;;;;;;;;;;;;;;;;;;;;;;;;;;52.00;;;;;;;;;;;;;;;;;;;;;;;;;;;;;;;;;;;35.00;35.00;35.00;;;;;;;;;;;;;;45.00;45.00;45.00;;;;25.70;;;;;;;;;;;604.80;899.10;50.10;0.00;0.00;49.50;;;;;;;;;;;;;;;;;;;;;;2000.10;2000.10;1;1;;;;;;;;;;;;;;;;;;;;;;;;0.30;0;0;0.00;0.00;;;;;77.00;77.00;77.00;;82.00;82.00;82.00;;73.00;73.00;73.00;;;;;;;;;;;;;0;7.40;8.00;6.70;14.00;14.60;13.40;740;897;611;219;221;1456.60;;;26485040;7.00;;;;;;20.00
1576693200000;2019-12-18T19:20:00.000+0100;;;;;;;;;1.00;-23.30;379.00;378.30;379.00;469.00;463.00;463.00;-2.10;;;;;-2.10;-2.10;;;;;;;;;1.0;;;;;;;;;;;;;;;;;;;;;;;;;;;;;;;;;;;;;;;;;;;;50.00;;;;;;;;;;;;;;;;;;;;;;;;;;;;;;;;;;;;;;38.00;53.00;35.00;7.00;;;;33.00;35.00;33.00;;;;;;;;;1459.80;1094.60;-12.400;-33.800;;;;;;;;;;;;;2000.100;0.000;;;;;;;;;;74.00;72.00;74.00;;;;;;;;;69724;;;;;;;;;;;;;;527.400;;;;;;;;;;;;32.00;38.00;;;;;;;;;;;;;;0;0.00;0.00;;221.90;;3.00;-2.00;-3.70;;0.80;0.20;;;;-3.70;;;;6.70;;;;0.60;6.60;4.20;8.50;0.80;6.70;4.10;8.80;0.80;-2.20;-2.00;0.00;20.00;;;;15.00;;;;35.00;;;;;;;;28.00;;;;;;;;;;;;54.00;;;;;;;;;;;;;;;;;;;;;;;;;;;;;;;;;;;;;;;;;;;;;;;;;;;;;;;;;;;;;;;;;;;;;;;;;;;;;;;;;;;;;;;;;;;;;;;;;;;;;;;;;;;;;;;;;;;;;;;;;;;;;;;;;;;;;;;;;;;;;;;;;;;;;;;;;;;;;;;;;;;;;;;;;;;;;;;;;;;;;;;;;;;;;;;;;;;;;;;;;;;;;;;;;;;;;;51.00;;;;;;;;;;;;;;;;;;;;;;;;;;;;;;;;;;;35.00;35.00;35.00;;;;;;;;;;;;;;45.00;44.00;45.00;;;;111.00;;;;;;;;;;;281.70;764.80;116.20;0.00;0.00;116.20;;;;;;;;;;;;;;;;;;;;;;2000.10;2000.10;1;1;;;;;;;;;;;;;;;;;;;;;;;;1.20;0;0;0.00;0.00;;;;;77.00;77.00;77.00;;82.00;82.00;82.00;;73.00;73.00;73.00;;;;;;;;;;;;;0;6.60;7.70;4.80;12.50;14.00;10.40;528;762;288;218;216;1313.30;;;26485128;6.00;;;;;;20.00
1576693800000;2019-12-18T19:30:00.000+0100;;;;;;;;;1.00;-26.20;379.70;378.90;379.60;527.00;520.00;520.00;-2.10;;;;;-2.10;-2.10;;;;;;;;;1.0;;;;;;;;;;;;;;;;;;;;;;;;;;;;;;;;;;;;;;;;;;;;50.00;;;;;;;;;;;;;;;;;;;;;;;;;;;;;;;;;;;;;;38.00;53.00;36.00;7.00;;;;33.00;34.00;32.00;;;;;;;;;1490.60;1268.90;-17.400;-33.600;;;;;;;;;;;;;2000.100;0.000;;;;;;;;;;73.00;70.00;73.00;;;;;;;;;69725;;;;;;;;;;;;;;593.000;;;;;;;;;;;;32.00;38.00;;;;;;;;;;;;;;0;0.00;0.00;;212.90;;3.00;1.40;-3.60;;1.00;3.80;;;;-0.70;;;;7.00;;;;0.30;7.00;5.20;8.90;0.60;7.00;5.20;9.00;0.60;-2.20;-2.10;0.00;20.00;;;;15.00;;;;33.00;;;;;;;;28.00;;;;;;;;;;;;54.00;;;;;;;;;;;;;;;;;;;;;;;;;;;;;;;;;;;;;;;;;;;;;;;;;;;;;;;;;;;;;;;;;;;;;;;;;;;;;;;;;;;;;;;;;;;;;;;;;;;;;;;;;;;;;;;;;;;;;;;;;;;;;;;;;;;;;;;;;;;;;;;;;;;;;;;;;;;;;;;;;;;;;;;;;;;;;;;;;;;;;;;;;;;;;;;;;;;;;;;;;;;;;;;;;;;;;;51.00;;;;;;;;;;;;;;;;;;;;;;;;;;;;;;;;;;;35.00;35.00;35.00;;;;;;;;;;;;;;44.00;44.00;45.00;;;;51.00;;;;;;;;;;;397.90;756.30;68.10;0.00;0.00;67.80;;;;;;;;;;;;;;;;;;;;;;2000.10;2000.10;1;1;;;;;;;;;;;;;;;;;;;;;;;;0.60;0;0;0.00;0.00;;;;;77.00;76.00;77.00;;82.00;82.00;82.00;;73.00;73.00;73.00;;;;;;;;;;;;;0;7.00;7.90;6.20;13.40;14.30;12.20;593;757;404;214;216;1384.90;;;26485228;6.00;;;;;;20.00
1576694400000;2019-12-18T19:40:00.000+0100;;;;;;;;;1.00;-27.80;378.70;378.00;378.70;561.00;555.00;554.00;-2.10;;;;;-2.10;-2.10;;;;;;;;;1.0;;;;;;;;;;;;;;;;;;;;;;;;;;;;;;;;;;;;;;;;;;;;50.00;;;;;;;;;;;;;;;;;;;;;;;;;;;;;;;;;;;;;;38.00;53.00;36.00;7.00;;;;32.00;34.00;32.00;;;;;;;;;1484.30;1274.50;-19.400;-36.900;;;;;;;;;;;;;2000.100;0.000;;;;;;;;;;73.00;70.00;73.00;;;;;;;;;69725;;;;;;;;;;;;;;630.600;;;;;;;;;;;;32.00;38.00;;;;;;;;;;;;;;0;0.00;0.00;;216.50;;3.00;1.80;1.80;;0.60;4.10;;;;-1.00;;;;7.10;;;;0.30;7.10;5.30;9.10;0.60;7.10;5.20;9.10;0.60;-2.20;-2.10;0.00;20.00;;;;15.00;;;;30.00;;;;;;;;28.00;;;;;;;;;;;;54.00;;;;;;;;;;;;;;;;;;;;;;;;;;;;;;;;;;;;;;;;;;;;;;;;;;;;;;;;;;;;;;;;;;;;;;;;;;;;;;;;;;;;;;;;;;;;;;;;;;;;;;;;;;;;;;;;;;;;;;;;;;;;;;;;;;;;;;;;;;;;;;;;;;;;;;;;;;;;;;;;;;;;;;;;;;;;;;;;;;;;;;;;;;;;;;;;;;;;;;;;;;;;;;;;;;;;;;51.00;;;;;;;;;;;;;;;;;;;;;;;;;;;;;;;;;;;35.00;35.00;35.00;;;;;;;;;;;;;;45.00;44.00;45.00;;;;39.70;;;;;;;;;;;438.30;838.00;68.80;0.00;0.00;68.50;;;;;;;;;;;;;;;;;;;;;;2000.10;2000.10;1;1;;;;;;;;;;;;;;;;;;;;;;;;0.30;0;0;0.00;0.00;;;;;76.00;76.00;77.00;;82.00;82.00;82.00;;73.00;73.00;73.00;;;;;;;;;;;;;0;7.10;7.90;6.10;13.40;14.30;12.20;631;835;442;214;216;1403.40;;;26485334;6.00;;;;;;20.00
1576695000000;2019-12-18T19:50:00.000+0100;;;;;;;;;1.00;-19.70;378.50;377.70;378.40;398.00;391.00;391.00;-2.10;;;;;-2.10;-2.10;;;;;;;;;1.0;;;;;;;;;;;;;;;;;;;;;;;;;;;;;;;;;;;;;;;;;;;;50.00;;;;;;;;;;;;;;;;;;;;;;;;;;;;;;;;;;;;;;38.00;53.00;35.00;7.00;;;;32.00;34.00;32.00;;;;;;;;;1374.20;1087.10;-13.600;-25.900;;;;;;;;;;;;;2000.100;0.000;;;;;;;;;;72.00;69.00;72.00;;;;;;;;;69725;;;;;;;;;;;;;;445.500;;;;;;;;;;;;32.00;38.00;;;;;;;;;;;;;;0;0.00;0.00;;215.30;;3.00;1.30;0.30;;0.30;3.70;;;;-1.20;;;;6.40;;;;0.40;6.30;3.70;8.20;0.70;6.40;4.10;8.10;0.60;-2.20;-2.00;0.00;20.00;;;;15.00;;;;32.00;;;;;;;;28.00;;;;;;;;;;;;54.00;;;;;;;;;;;;;;;;;;;;;;;;;;;;;;;;;;;;;;;;;;;;;;;;;;;;;;;;;;;;;;;;;;;;;;;;;;;;;;;;;;;;;;;;;;;;;;;;;;;;;;;;;;;;;;;;;;;;;;;;;;;;;;;;;;;;;;;;;;;;;;;;;;;;;;;;;;;;;;;;;;;;;;;;;;;;;;;;;;;;;;;;;;;;;;;;;;;;;;;;;;;;;;;;;;;;;;50.00;;;;;;;;;;;;;;;;;;;;;;;;;;;;;;;;;;;35.00;35.00;35.00;;;;;;;;;;;;;;44.00;44.00;44.00;;;;63.90;;;;;;;;;;;298.10;582.10;62.70;0.00;0.00;62.40;;;;;;;;;;;;;;;;;;;;;;2000.10;2000.10;1;1;;;;;;;;;;;;;;;;;;;;;;;;0.60;0;0;0.00;0.00;;;;;76.00;76.00;76.00;;82.00;81.00;82.00;;73.00;73.00;73.00;;;;;;;;;;;;;0;6.40;7.30;5.00;11.90;13.10;10.40;446;579;302;214;216;1253.30;;;26485408;6.00;;;;;;20.00
1576695600000;2019-12-18T20:00:00.000+0100;;;;;;;;;1.00;-23.90;378.70;378.00;378.70;481.00;475.00;474.00;-2.10;;;;;-2.10;-2.10;;;;;;;;;1.0;;;;;;;;;;;;;;;;;;;;;;;;;;;;;;;;;;;;;;;;;;;;50.00;;;;;;;;;;;;;;;;;;;;;;;;;;;;;;;;;;;;;;37.00;52.00;35.00;7.00;;;;32.00;33.00;31.00;;;;;;;;;1420.50;1231.30;-16.500;-30.900;;;;;;;;;;;;;2000.100;0.000;;;;;;;;;;71.00;69.00;71.00;;;;;;;;;69725;;;;;;;;;;;;;;539.700;;;;;;;;;;;;32.00;38.00;;;;;;;;;;;;;;0;0.00;0.00;;215.80;;3.00;2.40;1.80;;0.40;4.40;;;;0.30;;;;6.80;;;;0.30;6.80;4.90;9.50;0.60;6.80;5.20;8.70;0.50;-2.20;-2.00;0.00;20.00;;;;15.00;;;;33.00;;;;;;;;28.00;;;;;;;;;;;;53.00;;;;;;;;;;;;;;;;;;;;;;;;;;;;;;;;;;;;;;;;;;;;;;;;;;;;;;;;;;;;;;;;;;;;;;;;;;;;;;;;;;;;;;;;;;;;;;;;;;;;;;;;;;;;;;;;;;;;;;;;;;;;;;;;;;;;;;;;;;;;;;;;;;;;;;;;;;;;;;;;;;;;;;;;;;;;;;;;;;;;;;;;;;;;;;;;;;;;;;;;;;;;;;;;;;;;;;50.00;;;;;;;;;;;;;;;;;;;;;;;;;;;;;;;;;;;35.00;35.00;35.00;;;;;;;;;;;;;;44.00;44.00;44.00;;;;43.30;;;;;;;;;;;373.40;701.10;72.00;0.00;0.00;71.80;;;;;;;;;;;;;;;;;;;;;;2000.10;2000.10;1;1;;;;;;;;;;;;;;;;;;;;;;;;0.30;0;0;0.00;0.00;;;;;76.00;76.00;76.00;;81.00;81.00;81.00;;73.00;73.00;73.00;;;;;;;;;;;;;0;6.80;7.50;5.70;12.80;13.70;11.90;540;697;378;214;217;1342.30;;;26485496;6.00;;;;;;20.00
1576696200000;2019-12-18T20:10:00.000+0100;;;;;;;;;1.00;-26.10;376.90;376.20;376.70;529.00;523.00;521.00;-2.10;;;;;-2.10;-2.10;;;;;;;;;1.0;;;;;;;;;;;;;;;;;;;;;;;;;;;;;;;;;;;;;;;;;;;;50.00;;;;;;;;;;;;;;;;;;;;;;;;;;;;;;;;;;;;;;37.00;53.00;36.00;7.00;;;;31.00;33.00;31.00;;;;;;;;;1478.10;1262.00;-19.100;-34.600;;;;;;;;;;;;;2000.100;0.000;;;;;;;;;;71.00;69.00;71.00;;;;;;;;;69725;;;;;;;;;;;;;;591.300;;;;;;;;;;;;31.00;38.00;;;;;;;;;;;;;;0;0.00;0.00;;216.00;;3.00;2.50;0.10;;0.40;5.00;;;;-0.10;;;;7.00;;;;0.30;7.00;4.50;8.60;0.60;7.00;4.70;8.60;0.60;-2.20;-2.00;0.00;20.00;;;;15.00;;;;34.00;;;;;;;;28.00;;;;;;;;;;;;53.00;;;;;;;;;;;;;;;;;;;;;;;;;;;;;;;;;;;;;;;;;;;;;;;;;;;;;;;;;;;;;;;;;;;;;;;;;;;;;;;;;;;;;;;;;;;;;;;;;;;;;;;;;;;;;;;;;;;;;;;;;;;;;;;;;;;;;;;;;;;;;;;;;;;;;;;;;;;;;;;;;;;;;;;;;;;;;;;;;;;;;;;;;;;;;;;;;;;;;;;;;;;;;;;;;;;;;;50.00;;;;;;;;;;;;;;;;;;;;;;;;;;;;;;;;;;;35.00;35.00;35.00;;;;;;;;;;;;;;44.00;44.00;44.00;;;;46.00;;;;;;;;;;;426.00;788.70;72.60;0.00;0.00;72.30;;;;;;;;;;;;;;;;;;;;;;2000.10;2000.10;1;1;;;;;;;;;;;;;;;;;;;;;;;;0.30;0;0;0.00;0.00;;;;;76.00;76.00;76.00;;81.00;81.00;81.00;;73.00;73.00;73.00;;;;;;;;;;;;;0;7.00;7.90;5.30;13.10;14.30;12.20;591;785;433;214;217;1375.10;;;26485594;6.00;;;;;;20.00
1576696800000;2019-12-18T20:20:00.000+0100;;;;;;;;;1.00;-28.90;377.80;377.10;377.70;584.00;577.00;576.00;-2.10;;;;;-2.10;-2.10;;;;;;;;;1.0;;;;;;;;;;;;;;;;;;;;;;;;;;;;;;;;;;;;;;;;;;;;50.00;;;;;;;;;;;;;;;;;;;;;;;;;;;;;;;;;;;;;;37.00;53.00;36.00;7.00;;;;31.00;33.00;31.00;;;;;;;;;1503.40;1344.70;-20.300;-35.400;;;;;;;;;;;;;2000.100;0.000;;;;;;;;;;72.00;69.00;72.00;;;;;;;;;69725;;;;;;;;;;;;;;654.300;;;;;;;;;;;;31.00;38.00;;;;;;;;;;;;;;0;0.00;0.00;;218.50;;3.00;1.30;0.80;;1.30;3.50;;;;-0.80;;;;7.20;;;;0.30;7.20;5.30;9.10;0.50;7.20;4.90;9.10;0.50;-2.20;-2.00;0.00;20.00;;;;15.00;;;;35.00;;;;;;;;28.00;;;;;;;;;;;;54.00;;;;;;;;;;;;;;;;;;;;;;;;;;;;;;;;;;;;;;;;;;;;;;;;;;;;;;;;;;;;;;;;;;;;;;;;;;;;;;;;;;;;;;;;;;;;;;;;;;;;;;;;;;;;;;;;;;;;;;;;;;;;;;;;;;;;;;;;;;;;;;;;;;;;;;;;;;;;;;;;;;;;;;;;;;;;;;;;;;;;;;;;;;;;;;;;;;;;;;;;;;;;;;;;;;;;;;51.00;;;;;;;;;;;;;;;;;;;;;;;;;;;;;;;;;;;35.00;35.00;35.00;;;;;;;;;;;;;;44.00;44.00;44.00;;;;34.00;;;;;;;;;;;462.00;805.10;56.00;0.00;0.00;55.60;;;;;;;;;;;;;;;;;;;;;;2000.10;2000.10;1;1;;;;;;;;;;;;;;;;;;;;;;;;0.30;0;0;0.00;0.00;;;;;76.00;76.00;76.00;;81.00;81.00;81.00;;73.00;72.00;73.00;;;;;;;;;;;;;0;7.20;8.10;6.50;13.40;14.30;12.80;654;801;458;221;222;1414.80;;;26485704;7.00;;;;;;20.00
1576697400000;2019-12-18T20:30:00.000+0100;;;;;;;;;1.00;-28.20;378.90;378.20;378.80;568.00;561.00;560.00;-2.10;;;;;-2.10;-2.10;;;;;;;;;1.0;;;;;;;;;;;;;;;;;;;;;;;;;;;;;;;;;;;;;;;;;;;;50.00;;;;;;;;;;;;;;;;;;;;;;;;;;;;;;;;;;;;;;38.00;53.00;36.00;7.00;;;;32.00;33.00;31.00;;;;;;;;;1505.80;1298.70;-17.000;-38.800;;;;;;;;;;;;;2000.100;0.000;;;;;;;;;;72.00;70.00;72.00;;;;;;;;;69726;;;;;;;;;;;;;;638.300;;;;;;;;;;;;31.00;38.00;;;;;;;;;;;;;;0;0.00;0.00;;222.60;;3.00;1.50;1.50;;0.50;3.60;;;;-0.50;;;;7.10;;;;0.30;7.00;5.00;8.90;0.60;7.00;4.60;8.60;0.50;-2.20;-2.10;0.00;20.00;;;;15.00;;;;32.00;;;;;;;;28.00;;;;;;;;;;;;54.00;;;;;;;;;;;;;;;;;;;;;;;;;;;;;;;;;;;;;;;;;;;;;;;;;;;;;;;;;;;;;;;;;;;;;;;;;;;;;;;;;;;;;;;;;;;;;;;;;;;;;;;;;;;;;;;;;;;;;;;;;;;;;;;;;;;;;;;;;;;;;;;;;;;;;;;;;;;;;;;;;;;;;;;;;;;;;;;;;;;;;;;;;;;;;;;;;;;;;;;;;;;;;;;;;;;;;;51.00;;;;;;;;;;;;;;;;;;;;;;;;;;;;;;;;;;;35.00;35.00;35.00;;;;;;;;;;;;;;44.00;44.00;45.00;;;;61.80;;;;;;;;;;;379.10;879.70;114.60;0.00;0.00;114.50;;;;;;;;;;;;;;;;;;;;;;2000.10;2000.10;1;1;;;;;;;;;;;;;;;;;;;;;;;;0.60;0;0;0.00;0.00;;;;;76.00;76.00;76.00;;81.00;81.00;81.00;;72.00;72.00;73.00;;;;;;;;;;;;;0;7.00;7.80;6.20;13.40;14.30;12.50;639;877;386;223;225;1385.80;;;26485812;6.00;;;;;;21.00
1576698000000;2019-12-18T20:40:00.000+0100;;;;;;;;;1.00;-20.30;378.90;378.20;378.70;408.00;403.00;402.00;-2.10;;;;;-2.10;-2.10;;;;;;;;;1.0;;;;;;;;;;;;;;;;;;;;;;;;;;;;;;;;;;;;;;;;;;;;50.00;;;;;;;;;;;;;;;;;;;;;;;;;;;;;;;;;;;;;;38.00;52.00;35.00;7.00;;;;31.00;33.00;31.00;;;;;;;;;1370.90;1029.20;-14.800;-26.000;;;;;;;;;;;;;2000.100;0.000;;;;;;;;;;71.00;69.00;71.00;;;;;;;;;69726;;;;;;;;;;;;;;458.600;;;;;;;;;;;;31.00;38.00;;;;;;;;;;;;;;0;0.00;0.00;;223.20;;3.00;-3.30;-6.90;;1.00;-1.40;;;;-5.90;;;;6.40;;;;0.60;6.30;3.70;8.80;0.80;6.50;3.70;8.50;0.70;-2.20;-2.00;0.00;20.00;;;;15.00;;;;31.00;;;;;;;;28.00;;;;;;;;;;;;53.00;;;;;;;;;;;;;;;;;;;;;;;;;;;;;;;;;;;;;;;;;;;;;;;;;;;;;;;;;;;;;;;;;;;;;;;;;;;;;;;;;;;;;;;;;;;;;;;;;;;;;;;;;;;;;;;;;;;;;;;;;;;;;;;;;;;;;;;;;;;;;;;;;;;;;;;;;;;;;;;;;;;;;;;;;;;;;;;;;;;;;;;;;;;;;;;;;;;;;;;;;;;;;;;;;;;;;;50.00;;;;;;;;;;;;;;;;;;;;;;;;;;;;;;;;;;;35.00;35.00;35.00;;;;;;;;;;;;;;44.00;44.00;44.00;;;;93.10;;;;;;;;;;;334.80;591.60;42.80;0.00;0.00;41.90;;;;;;;;;;;;;;;;;;;;;;2000.10;2000.10;1;1;;;;;;;;;;;;;;;;;;;;;;;;0.90;0;0;0.00;0.00;;;;;76.00;76.00;76.00;;81.00;81.00;81.00;;72.00;72.00;72.00;;;;;;;;;;;;;0;6.40;7.20;4.50;12.20;13.10;9.80;459;587;339;221;217;1260.20;;;26485888;6.00;;;;;;21.00
1576698600000;2019-12-18T20:50:00.000+0100;;;;;;;;;1.00;-20.00;377.90;377.20;377.80;402.00;398.00;396.00;-2.10;;;;;-2.10;-2.10;;;;;;;;;1.0;;;;;;;;;;;;;;;;;;;;;;;;;;;;;;;;;;;;;;;;;;;;50.00;;;;;;;;;;;;;;;;;;;;;;;;;;;;;;;;;;;;;;37.00;52.00;35.00;7.00;;;;31.00;33.00;31.00;;;;;;;;;1414.50;1163.50;-11.500;-26.200;;;;;;;;;;;;;2000.100;0.000;;;;;;;;;;70.00;68.00;70.00;;;;;;;;;69726;;;;;;;;;;;;;;451.500;;;;;;;;;;;;31.00;37.00;;;;;;;;;;;;;;0;0.00;0.00;;216.40;;3.00;-2.00;-7.60;;0.70;0.10;;;;-4.00;;;;6.40;;;;0.40;6.40;4.50;8.20;0.60;6.60;3.80;8.20;0.60;-2.20;-2.10;0.00;20.00;;;;15.00;;;;32.00;;;;;;;;28.00;;;;;;;;;;;;53.00;;;;;;;;;;;;;;;;;;;;;;;;;;;;;;;;;;;;;;;;;;;;;;;;;;;;;;;;;;;;;;;;;;;;;;;;;;;;;;;;;;;;;;;;;;;;;;;;;;;;;;;;;;;;;;;;;;;;;;;;;;;;;;;;;;;;;;;;;;;;;;;;;;;;;;;;;;;;;;;;;;;;;;;;;;;;;;;;;;;;;;;;;;;;;;;;;;;;;;;;;;;;;;;;;;;;;;50.00;;;;;;;;;;;;;;;;;;;;;;;;;;;;;;;;;;;35.00;35.00;35.00;;;;;;;;;;;;;;44.00;44.00;44.00;;;;63.60;;;;;;;;;;;255.00;596.90;69.90;0.00;0.00;69.60;;;;;;;;;;;;;;;;;;;;;;2000.10;2000.10;1;1;;;;;;;;;;;;;;;;;;;;;;;;0.60;0;0;0.00;0.00;;;;;76.00;76.00;76.00;;81.00;81.00;81.00;;72.00;72.00;72.00;;;;;;;;;;;;;0;6.50;7.40;5.40;12.20;13.40;11.00;452;592;258;220;218;1283.50;;;26485962;6.00;;;;;;20.00
1576699200000;2019-12-18T21:00:00.000+0100;;;;;;;;;1.00;-16.00;377.70;376.90;377.40;325.00;320.00;318.00;-2.10;;;;;-2.10;-2.10;;;;;;;;;1.0;;;;;;;;;;;;;;;;;;;;;;;;;;;;;;;;;;;;;;;;;;;;50.00;;;;;;;;;;;;;;;;;;;;;;;;;;;;;;;;;;;;;;37.00;52.00;35.00;7.00;;;;30.00;32.00;30.00;;;;;;;;;1267.40;1135.50;-9.600;-21.600;;;;;;;;;;;;;2000.100;0.000;;;;;;;;;;69.00;67.00;69.00;;;;;;;;;69726;;;;;;;;;;;;;;362.600;;;;;;;;;;;;31.00;37.00;;;;;;;;;;;;;;0;0.00;0.00;;217.50;;3.00;-2.50;-2.80;;0.80;-0.30;;;;-5.60;;;;6.00;;;;0.20;6.10;4.80;7.80;0.50;6.20;4.20;7.60;0.50;-2.20;-2.10;0.00;20.00;;;;15.00;;;;33.00;;;;;;;;28.00;;;;;;;;;;;;52.00;;;;;;;;;;;;;;;;;;;;;;;;;;;;;;;;;;;;;;;;;;;;;;;;;;;;;;;;;;;;;;;;;;;;;;;;;;;;;;;;;;;;;;;;;;;;;;;;;;;;;;;;;;;;;;;;;;;;;;;;;;;;;;;;;;;;;;;;;;;;;;;;;;;;;;;;;;;;;;;;;;;;;;;;;;;;;;;;;;;;;;;;;;;;;;;;;;;;;;;;;;;;;;;;;;;;;;49.00;;;;;;;;;;;;;;;;;;;;;;;;;;;;;;;;;;;35.00;35.00;35.00;;;;;;;;;;;;;;43.00;43.00;44.00;;;;29.50;;;;;;;;;;;225.90;490.30;47.20;0.00;0.00;47.00;;;;;;;;;;;;;;;;;;;;;;2000.10;2000.10;1;1;;;;;;;;;;;;;;;;;;;;;;;;0.30;0;0;0.00;0.00;;;;;76.00;75.00;76.00;;81.00;81.00;81.00;;72.00;72.00;72.00;;;;;;;;;;;;;0;6.10;6.70;5.40;11.60;12.20;11.00;363;488;228;220;217;1211.00;;;26486024;6.00;;;;;;20.00
1576699800000;2019-12-18T21:10:00.000+0100;;;;;;;;;1.00;-20.50;377.00;376.20;376.90;417.00;411.00;410.00;-2.10;;;;;-2.10;-2.10;;;;;;;;;1.0;;;;;;;;;;;;;;;;;;;;;;;;;;;;;;;;;;;;;;;;;;;;50.00;;;;;;;;;;;;;;;;;;;;;;;;;;;;;;;;;;;;;;37.00;51.00;35.00;7.00;;;;30.00;32.00;30.00;;;;;;;;;1372.10;1172.50;-13.500;-28.500;;;;;;;;;;;;;2000.100;0.000;;;;;;;;;;68.00;66.00;68.00;;;;;;;;;69726;;;;;;;;;;;;;;465.100;;;;;;;;;;;;31.00;37.00;;;;;;;;;;;;;;0;0.00;0.00;;217.10;;3.00;0.50;-5.50;;2.00;3.20;;;;-2.70;;;;6.50;;;;0.30;6.40;4.60;8.40;0.60;6.50;4.40;8.30;0.60;-2.20;-2.00;0.00;20.00;;;;15.00;;;;34.00;;;;;;;;28.00;;;;;;;;;;;;52.00;;;;;;;;;;;;;;;;;;;;;;;;;;;;;;;;;;;;;;;;;;;;;;;;;;;;;;;;;;;;;;;;;;;;;;;;;;;;;;;;;;;;;;;;;;;;;;;;;;;;;;;;;;;;;;;;;;;;;;;;;;;;;;;;;;;;;;;;;;;;;;;;;;;;;;;;;;;;;;;;;;;;;;;;;;;;;;;;;;;;;;;;;;;;;;;;;;;;;;;;;;;;;;;;;;;;;;49.00;;;;;;;;;;;;;;;;;;;;;;;;;;;;;;;;;;;35.00;35.00;35.00;;;;;;;;;;;;;;43.00;43.00;44.00;;;;47.70;;;;;;;;;;;301.50;646.20;71.70;0.00;0.00;71.20;;;;;;;;;;;;;;;;;;;;;;2000.10;2000.10;1;1;;;;;;;;;;;;;;;;;;;;;;;;0.60;0;0;0.00;0.00;;;;;75.00;75.00;76.00;;81.00;80.00;81.00;;72.00;72.00;72.00;;;;;;;;;;;;;0;6.50;7.20;5.30;12.20;13.10;11.30;465;642;314;216;216;1271.80;;;26486100;6.00;;;;;;20.00
1576700400000;2019-12-18T21:20:00.000+0100;;;;;;;;;1.00;-24.30;373.20;372.40;373.10;495.00;489.00;488.00;-2.10;;;;;-2.10;-2.10;;;;;;;;;1.0;;;;;;;;;;;;;;;;;;;;;;;;;;;;;;;;;;;;;;;;;;;;50.00;;;;;;;;;;;;;;;;;;;;;;;;;;;;;;;;;;;;;;37.00;52.00;36.00;7.00;;;;30.00;31.00;29.00;;;;;;;;;1380.80;1189.50;-13.600;-29.900;;;;;;;;;;;;;2000.100;0.000;;;;;;;;;;69.00;67.00;69.00;;;;;;;;;69726;;;;;;;;;;;;;;548.400;;;;;;;;;;;;31.00;37.00;;;;;;;;;;;;;;0;0.00;0.00;;220.50;;3.00;2.70;-4.60;;1.90;4.90;;;;0.60;;;;6.80;;;;0.30;6.70;4.70;8.60;0.60;6.60;4.80;8.60;0.60;-2.20;-2.00;0.00;19.00;;;;15.00;;;;34.00;;;;;;;;28.00;;;;;;;;;;;;53.00;;;;;;;;;;;;;;;;;;;;;;;;;;;;;;;;;;;;;;;;;;;;;;;;;;;;;;;;;;;;;;;;;;;;;;;;;;;;;;;;;;;;;;;;;;;;;;;;;;;;;;;;;;;;;;;;;;;;;;;;;;;;;;;;;;;;;;;;;;;;;;;;;;;;;;;;;;;;;;;;;;;;;;;;;;;;;;;;;;;;;;;;;;;;;;;;;;;;;;;;;;;;;;;;;;;;;;50.00;;;;;;;;;;;;;;;;;;;;;;;;;;;;;;;;;;;35.00;35.00;35.00;;;;;;;;;;;;;;43.00;43.00;44.00;;;;43.90;;;;;;;;;;;311.30;676.90;81.30;0.00;0.00;81.10;;;;;;;;;;;;;;;;;;;;;;2000.10;2000.10;1;1;;;;;;;;;;;;;;;;;;;;;;;;0.30;0;0;0.00;0.00;;;;;75.00;75.00;75.00;;80.00;80.00;81.00;;72.00;72.00;72.00;;;;;;;;;;;;;0;6.70;7.40;5.60;12.50;13.10;11.30;549;676;315;225;228;1320.50;;;26486190;6.00;;;;;;21.00
1576701000000;2019-12-18T21:30:00.000+0100;;;;;;;;;1.00;-15.60;373.10;372.30;373.00;320.00;315.00;314.00;-2.10;;;;;-2.10;-2.10;;;;;;;;;1.0;;;;;;;;;;;;;;;;;;;;;;;;;;;;;;;;;;;;;;;;;;;;50.00;;;;;;;;;;;;;;;;;;;;;;;;;;;;;;;;;;;;;;37.00;51.00;35.00;7.00;;;;29.00;31.00;29.00;;;;;;;;;1365.50;951.10;-7.900;-26.600;;;;;;;;;;;;;2000.100;0.000;;;;;;;;;;68.00;66.00;68.00;;;;;;;;;69727;;;;;;;;;;;;;;352.300;;;;;;;;;;;;31.00;36.00;;;;;;;;;;;;;;0;0.00;0.00;;233.40;;3.00;1.20;1.20;;0.90;2.80;;;;-1.00;;;;5.90;;;;0.60;5.90;3.60;8.30;0.70;6.00;3.60;7.90;0.70;-2.20;-2.00;0.00;19.00;;;;15.00;;;;31.00;;;;;;;;28.00;;;;;;;;;;;;52.00;;;;;;;;;;;;;;;;;;;;;;;;;;;;;;;;;;;;;;;;;;;;;;;;;;;;;;;;;;;;;;;;;;;;;;;;;;;;;;;;;;;;;;;;;;;;;;;;;;;;;;;;;;;;;;;;;;;;;;;;;;;;;;;;;;;;;;;;;;;;;;;;;;;;;;;;;;;;;;;;;;;;;;;;;;;;;;;;;;;;;;;;;;;;;;;;;;;;;;;;;;;;;;;;;;;;;;48.00;;;;;;;;;;;;;;;;;;;;;;;;;;;;;;;;;;;35.00;34.00;35.00;;;;;;;;;;;;;;43.00;43.00;44.00;;;;89.20;;;;;;;;;;;179.30;599.70;93.40;0.00;0.00;93.20;;;;;;;;;;;;;;;;;;;;;;2000.10;2000.10;1;1;;;;;;;;;;;;;;;;;;;;;;;;0.90;0;0;0.00;0.00;;;;;75.00;75.00;75.00;;80.00;80.00;80.00;;72.00;71.00;72.00;;;;;;;;;;;;;0;6.00;7.10;4.40;11.30;13.10;9.30;352;598;179;233;234;1171.00;;;26486252;7.00;;;;;;21.00
1576701600000;2019-12-18T21:40:00.000+0100;;;;;;;;;1.00;-19.50;373.00;372.00;372.70;400.00;394.00;393.00;-2.10;;;;;-2.10;-2.10;;;;;;;;;1.0;;;;;;;;;;;;;;;;;;;;;;;;;;;;;;;;;;;;;;;;;;;;50.00;;;;;;;;;;;;;;;;;;;;;;;;;;;;;;;;;;;;;;37.00;51.00;35.00;7.00;;;;29.00;31.00;29.00;;;;;;;;;1401.10;1111.90;-12.900;-26.200;;;;;;;;;;;;;2000.100;0.000;;;;;;;;;;68.00;66.00;68.00;;;;;;;;;69727;;;;;;;;;;;;;;441.500;;;;;;;;;;;;30.00;36.00;;;;;;;;;;;;;;0;0.00;0.00;;227.90;;3.00;1.90;-11.00;;2.30;4.40;;;;0.00;;;;6.30;;;;0.40;6.40;4.40;8.20;0.60;6.40;4.40;8.40;0.60;-2.20;-2.10;0.00;19.00;;;;15.00;;;;31.00;;;;;;;;28.00;;;;;;;;;;;;52.00;;;;;;;;;;;;;;;;;;;;;;;;;;;;;;;;;;;;;;;;;;;;;;;;;;;;;;;;;;;;;;;;;;;;;;;;;;;;;;;;;;;;;;;;;;;;;;;;;;;;;;;;;;;;;;;;;;;;;;;;;;;;;;;;;;;;;;;;;;;;;;;;;;;;;;;;;;;;;;;;;;;;;;;;;;;;;;;;;;;;;;;;;;;;;;;;;;;;;;;;;;;;;;;;;;;;;;49.00;;;;;;;;;;;;;;;;;;;;;;;;;;;;;;;;;;;35.00;34.00;35.00;;;;;;;;;;;;;;43.00;43.00;44.00;;;;74.30;;;;;;;;;;;301.80;592.30;60.90;0.00;0.00;60.70;;;;;;;;;;;;;;;;;;;;;;2000.10;2000.10;1;1;;;;;;;;;;;;;;;;;;;;;;;;0.60;0;0;0.00;0.00;;;;;75.00;75.00;75.00;;80.00;80.00;80.00;;72.00;71.00;72.00;;;;;;;;;;;;;0;6.40;7.40;5.40;12.20;13.40;10.70;442;586;302;221;223;1261.40;;;26486324;6.00;;;;;;21.00
1576702200000;2019-12-18T21:50:00.000+0100;;;;;;;;;1.00;-15.20;373.20;372.20;372.90;313.00;307.00;306.00;-2.10;;;;;-2.10;-2.10;;;;;;;;;1.0;;;;;;;;;;;;;;;;;;;;;;;;;;;;;;;;;;;;;;;;;;;;50.00;;;;;;;;;;;;;;;;;;;;;;;;;;;;;;;;;;;;;;37.00;51.00;35.00;7.00;;;;29.00;31.00;29.00;;;;;;;;;1220.80;1096.40;-9.600;-20.000;;;;;;;;;;;;;2000.100;0.000;;;;;;;;;;67.00;65.00;67.00;;;;;;;;;69727;;;;;;;;;;;;;;344.600;;;;;;;;;;;;30.00;36.00;;;;;;;;;;;;;;0;0.00;0.00;;224.80;;3.00;-2.20;-2.60;;2.90;0.10;;;;-4.90;;;;5.90;;;;0.20;5.80;4.00;7.30;0.50;6.00;4.50;7.70;0.50;-2.20;-2.10;0.00;19.00;;;;15.00;;;;32.00;;;;;;;;28.00;;;;;;;;;;;;52.00;;;;;;;;;;;;;;;;;;;;;;;;;;;;;;;;;;;;;;;;;;;;;;;;;;;;;;;;;;;;;;;;;;;;;;;;;;;;;;;;;;;;;;;;;;;;;;;;;;;;;;;;;;;;;;;;;;;;;;;;;;;;;;;;;;;;;;;;;;;;;;;;;;;;;;;;;;;;;;;;;;;;;;;;;;;;;;;;;;;;;;;;;;;;;;;;;;;;;;;;;;;;;;;;;;;;;;48.00;;;;;;;;;;;;;;;;;;;;;;;;;;;;;;;;;;;35.00;34.00;35.00;;;;;;;;;;;;;;43.00;43.00;43.00;;;;26.90;;;;;;;;;;;220.50;452.60;47.20;0.00;0.00;47.10;;;;;;;;;;;;;;;;;;;;;;2000.10;2000.10;1;1;;;;;;;;;;;;;;;;;;;;;;;;0.30;0;0;0.00;0.00;;;;;75.00;75.00;75.00;;80.00;80.00;80.00;;71.00;71.00;71.00;;;;;;;;;;;;;0;5.90;6.50;5.30;11.00;11.60;10.40;345;451;221;226;223;1163.50;;;26486382;6.00;;;;;;20.00
1576702800000;2019-12-18T22:00:00.000+0100;;;;;;;;;1.00;-14.70;373.20;372.30;372.90;302.00;297.00;295.00;-2.10;;;;;-2.10;-2.10;;;;;;;;;1.0;;;;;;;;;;;;;;;;;;;;;;;;;;;;;;;;;;;;;;;;;;;;50.00;;;;;;;;;;;;;;;;;;;;;;;;;;;;;;;;;;;;;;37.00;50.00;35.00;7.00;;;;28.00;30.00;28.00;;;;;;;;;1224.70;1081.50;-10.400;-18.700;;;;;;;;;;;;;2000.100;0.000;;;;;;;;;;66.00;64.00;66.00;;;;;;;;;69727;;;;;;;;;;;;;;332.700;;;;;;;;;;;;30.00;36.00;;;;;;;;;;;;;;0;0.00;0.00;;217.70;;3.00;3.00;-2.40;;1.30;5.50;;;;0.20;;;;5.80;;;;0.30;5.90;4.00;7.90;0.50;5.90;4.10;7.50;0.50;-2.20;-2.00;0.00;19.00;;;;15.00;;;;33.00;;;;;;;;28.00;;;;;;;;;;;;51.00;;;;;;;;;;;;;;;;;;;;;;;;;;;;;;;;;;;;;;;;;;;;;;;;;;;;;;;;;;;;;;;;;;;;;;;;;;;;;;;;;;;;;;;;;;;;;;;;;;;;;;;;;;;;;;;;;;;;;;;;;;;;;;;;;;;;;;;;;;;;;;;;;;;;;;;;;;;;;;;;;;;;;;;;;;;;;;;;;;;;;;;;;;;;;;;;;;;;;;;;;;;;;;;;;;;;;;47.00;;;;;;;;;;;;;;;;;;;;;;;;;;;;;;;;;;;35.00;34.00;35.00;;;;;;;;;;;;;;43.00;42.00;43.00;;;;31.60;;;;;;;;;;;235.40;421.00;36.00;0.00;0.00;35.80;;;;;;;;;;;;;;;;;;;;;;2000.10;2000.10;1;1;;;;;;;;;;;;;;;;;;;;;;;;0.30;0;0;0.00;0.00;;;;;75.00;75.00;75.00;;80.00;80.00;80.00;;71.00;71.00;71.00;;;;;;;;;;;;;0;5.90;6.70;5.20;11.30;11.60;10.40;333;419;236;219;222;1166.20;;;26486438;6.00;;;;;;20.00
1576703400000;2019-12-18T22:10:00.000+0100;;;;;;;;;1.00;-12.90;373.80;372.90;373.60;265.00;260.00;258.00;-2.10;;;;;-2.10;-2.10;;;;;;;;;1.0;;;;;;;;;;;;;;;;;;;;;;;;;;;;;;;;;;;;;;;;;;;;50.00;;;;;;;;;;;;;;;;;;;;;;;;;;;;;;;;;;;;;;37.00;50.00;35.00;7.00;;;;28.00;30.00;28.00;;;;;;;;;1231.30;1005.10;-7.900;-18.400;;;;;;;;;;;;;2000.100;0.000;;;;;;;;;;65.00;64.00;66.00;;;;;;;;;69727;;;;;;;;;;;;;;291.600;;;;;;;;;;;;30.00;35.00;;;;;;;;;;;;;;0;0.00;0.00;;223.10;;3.00;0.30;-2.90;;1.10;2.80;;;;-2.30;;;;5.60;;;;0.30;5.70;2.70;7.80;0.60;5.80;3.00;7.70;0.60;-2.20;-1.70;0.10;19.00;;;;15.00;;;;34.00;;;;;;;;28.00;;;;;;;;;;;;51.00;;;;;;;;;;;;;;;;;;;;;;;;;;;;;;;;;;;;;;;;;;;;;;;;;;;;;;;;;;;;;;;;;;;;;;;;;;;;;;;;;;;;;;;;;;;;;;;;;;;;;;;;;;;;;;;;;;;;;;;;;;;;;;;;;;;;;;;;;;;;;;;;;;;;;;;;;;;;;;;;;;;;;;;;;;;;;;;;;;;;;;;;;;;;;;;;;;;;;;;;;;;;;;;;;;;;;;47.00;;;;;;;;;;;;;;;;;;;;;;;;;;;;;;;;;;;35.00;34.00;35.00;;;;;;;;;;;;;;42.00;42.00;43.00;;;;45.10;;;;;;;;;;;179.30;416.70;46.50;0.00;0.00;46.30;;;;;;;;;;;;;;;;;;;;;;2000.10;2000.10;1;1;;;;;;;;;;;;;;;;;;;;;;;;0.30;0;0;0.00;0.00;;;;;75.00;74.00;75.00;;80.00;79.00;80.00;;71.00;71.00;71.00;;;;;;;;;;;;;0;5.80;6.60;3.70;11.00;11.90;9.50;292;413;185;218;219;1139.10;;;26486486;6.00;;;;;;20.00
1576704000000;2019-12-18T22:20:00.000+0100;;;;;;;;;1.00;-12.90;378.00;377.10;377.80;262.00;257.00;256.00;-2.10;;;;;-2.10;-2.10;;;;;;;;;1.0;;;;;;;;;;;;;;;;;;;;;;;;;;;;;;;;;;;;;;;;;;;;50.00;;;;;;;;;;;;;;;;;;;;;;;;;;;;;;;;;;;;;;37.00;49.00;35.00;7.00;;;;28.00;29.00;27.00;;;;;;;;;1288.60;1017.30;-6.900;-21.200;;;;;;;;;;;;;2000.100;0.000;;;;;;;;;;65.00;63.00;65.00;;;;;;;;;69727;;;;;;;;;;;;;;292.000;;;;;;;;;;;;30.00;35.00;;;;;;;;;;;;;;0;0.00;0.00;;218.10;;3.00;0.10;-0.80;;2.50;2.50;;;;-2.30;;;;5.60;;;;0.40;5.70;2.60;7.70;0.60;5.90;3.50;7.70;0.60;-2.20;-2.00;0.00;19.00;;;;15.00;;;;34.00;;;;;;;;28.00;;;;;;;;;;;;50.00;;;;;;;;;;;;;;;;;;;;;;;;;;;;;;;;;;;;;;;;;;;;;;;;;;;;;;;;;;;;;;;;;;;;;;;;;;;;;;;;;;;;;;;;;;;;;;;;;;;;;;;;;;;;;;;;;;;;;;;;;;;;;;;;;;;;;;;;;;;;;;;;;;;;;;;;;;;;;;;;;;;;;;;;;;;;;;;;;;;;;;;;;;;;;;;;;;;;;;;;;;;;;;;;;;;;;;47.00;;;;;;;;;;;;;;;;;;;;;;;;;;;;;;;;;;;35.00;34.00;35.00;;;;;;;;;;;;;;42.00;42.00;42.00;;;;68.60;;;;;;;;;;;154.20;475.20;78.60;0.00;0.00;78.50;;;;;;;;;;;;;;;;;;;;;;2000.10;2000.10;1;1;;;;;;;;;;;;;;;;;;;;;;;;0.60;0;0;0.00;0.00;;;;;74.00;74.00;75.00;;79.00;79.00;80.00;;71.00;71.00;71.00;;;;;;;;;;;;;0;5.80;6.80;4.20;11.00;12.20;9.80;292;472;157;221;222;1140.50;;;26486534;6.00;;;;;;20.00
1576704600000;2019-12-18T22:30:00.000+0100;;;;;;;;;1.00;-21.40;377.50;376.70;377.30;433.00;427.00;426.00;-2.10;;;;;-2.10;-2.10;;;;;;;;;1.0;;;;;;;;;;;;;;;;;;;;;;;;;;;;;;;;;;;;;;;;;;;;50.00;;;;;;;;;;;;;;;;;;;;;;;;;;;;;;;;;;;;;;37.00;50.00;35.00;7.00;;;;27.00;29.00;27.00;;;;;;;;;1375.70;1159.00;-15.300;-30.100;;;;;;;;;;;;;2000.100;0.000;;;;;;;;;;65.00;64.00;66.00;;;;;;;;;69728;;;;;;;;;;;;;;483.800;;;;;;;;;;;;30.00;35.00;;;;;;;;;;;;;;0;0.00;0.00;;223.10;;3.00;2.70;0.10;;0.60;4.40;;;;0.30;;;;6.50;;;;0.40;6.40;3.70;9.70;0.60;6.40;4.10;9.10;0.60;-2.20;-2.10;0.00;19.00;;;;15.00;;;;31.00;;;;;;;;28.00;;;;;;;;;;;;51.00;;;;;;;;;;;;;;;;;;;;;;;;;;;;;;;;;;;;;;;;;;;;;;;;;;;;;;;;;;;;;;;;;;;;;;;;;;;;;;;;;;;;;;;;;;;;;;;;;;;;;;;;;;;;;;;;;;;;;;;;;;;;;;;;;;;;;;;;;;;;;;;;;;;;;;;;;;;;;;;;;;;;;;;;;;;;;;;;;;;;;;;;;;;;;;;;;;;;;;;;;;;;;;;;;;;;;;48.00;;;;;;;;;;;;;;;;;;;;;;;;;;;;;;;;;;;35.00;35.00;35.00;;;;;;;;;;;;;;42.00;42.00;43.00;;;;61.20;;;;;;;;;;;343.20;682.90;88.30;0.00;0.00;88.30;;;;;;;;;;;;;;;;;;;;;;2000.10;2000.10;1;1;;;;;;;;;;;;;;;;;;;;;;;;0.60;0;0;0.00;0.00;;;;;74.00;74.00;74.00;;79.00;79.00;79.00;;71.00;71.00;71.00;;;;;;;;;;;;;0;6.40;7.40;5.50;12.20;13.10;11.00;484;675;349;222;225;1261.10;;;26486614;6.00;;;;;;21.00
1576705200000;2019-12-18T22:40:00.000+0100;;;;;;;;;1.00;-22.10;377.50;376.70;377.40;446.00;440.00;439.00;-2.10;;;;;-2.10;-2.10;;;;;;;;;1.0;;;;;;;;;;;;;;;;;;;;;;;;;;;;;;;;;;;;;;;;;;;;50.00;;;;;;;;;;;;;;;;;;;;;;;;;;;;;;;;;;;;;;37.00;50.00;36.00;7.00;;;;28.00;29.00;27.00;;;;;;;;;1397.50;1264.10;-15.600;-28.100;;;;;;;;;;;;;2000.100;0.000;;;;;;;;;;67.00;65.00;67.00;;;;;;;;;69728;;;;;;;;;;;;;;498.900;;;;;;;;;;;;29.00;35.00;;;;;;;;;;;;;;0;0.00;0.00;;223.40;;3.00;-0.60;-0.60;;0.80;1.70;;;;-2.70;;;;6.60;;;;0.20;6.80;5.20;8.70;0.50;6.80;4.90;8.40;0.50;-2.20;-2.10;0.00;19.00;;;;15.00;;;;31.00;;;;;;;;28.00;;;;;;;;;;;;51.00;;;;;;;;;;;;;;;;;;;;;;;;;;;;;;;;;;;;;;;;;;;;;;;;;;;;;;;;;;;;;;;;;;;;;;;;;;;;;;;;;;;;;;;;;;;;;;;;;;;;;;;;;;;;;;;;;;;;;;;;;;;;;;;;;;;;;;;;;;;;;;;;;;;;;;;;;;;;;;;;;;;;;;;;;;;;;;;;;;;;;;;;;;;;;;;;;;;;;;;;;;;;;;;;;;;;;;49.00;;;;;;;;;;;;;;;;;;;;;;;;;;;;;;;;;;;35.00;35.00;35.00;;;;;;;;;;;;;;43.00;42.00;43.00;;;;29.20;;;;;;;;;;;348.70;629.80;55.20;0.00;0.00;54.90;;;;;;;;;;;;;;;;;;;;;;2000.10;2000.10;1;1;;;;;;;;;;;;;;;;;;;;;;;;0.30;0;0;0.00;0.00;;;;;74.00;74.00;74.00;;79.00;79.00;79.00;;71.00;71.00;71.00;;;;;;;;;;;;;0;6.80;7.50;6.00;12.80;13.40;12.20;499;627;355;222;222;1337.50;;;26486698;6.00;;;;;;21.00
1576705800000;2019-12-18T22:50:00.000+0100;;;;;;;;;1.00;-24.10;377.60;376.80;377.50;488.00;482.00;481.00;-2.10;;;;;-2.10;-2.10;;;;;;;;;1.0;;;;;;;;;;;;;;;;;;;;;;;;;;;;;;;;;;;;;;;;;;;;50.00;;;;;;;;;;;;;;;;;;;;;;;;;;;;;;;;;;;;;;37.00;50.00;36.00;7.00;;;;28.00;29.00;27.00;;;;;;;;;1331.50;1225.60;-15.500;-30.800;;;;;;;;;;;;;2000.100;0.000;;;;;;;;;;68.00;66.00;68.00;;;;;;;;;69728;;;;;;;;;;;;;;546.600;;;;;;;;;;;;29.00;35.00;;;;;;;;;;;;;;0;0.00;0.00;;219.60;;3.00;2.30;-4.10;;1.60;4.30;;;;-0.10;;;;6.80;;;;0.20;6.50;4.90;8.40;0.50;6.50;4.30;8.20;0.50;-2.20;-2.10;0.00;19.00;;;;15.00;;;;32.00;;;;;;;;28.00;;;;;;;;;;;;51.00;;;;;;;;;;;;;;;;;;;;;;;;;;;;;;;;;;;;;;;;;;;;;;;;;;;;;;;;;;;;;;;;;;;;;;;;;;;;;;;;;;;;;;;;;;;;;;;;;;;;;;;;;;;;;;;;;;;;;;;;;;;;;;;;;;;;;;;;;;;;;;;;;;;;;;;;;;;;;;;;;;;;;;;;;;;;;;;;;;;;;;;;;;;;;;;;;;;;;;;;;;;;;;;;;;;;;;49.00;;;;;;;;;;;;;;;;;;;;;;;;;;;;;;;;;;;35.00;35.00;35.00;;;;;;;;;;;;;;43.00;43.00;43.00;;;;26.00;;;;;;;;;;;356.90;698.40;82.30;0.00;0.00;82.20;;;;;;;;;;;;;;;;;;;;;;2000.10;2000.10;1;1;;;;;;;;;;;;;;;;;;;;;;;;0.30;0;0;0.00;0.00;;;;;74.00;74.00;74.00;;79.00;79.00;79.00;;71.00;71.00;71.00;;;;;;;;;;;;;0;6.50;7.10;5.80;12.20;12.80;11.60;547;695;358;222;225;1278.70;;;26486790;6.00;;;;;;21.00
1576706400000;2019-12-18T23:00:00.000+0100;;;;;;;;;1.00;-26.90;377.50;376.70;377.30;544.00;537.00;536.00;-2.10;;;;;-2.10;-2.10;;;;;;;;;1.0;;;;;;;;;;;;;;;;;;;;;;;;;;;;;;;;;;;;;;;;;;;;50.00;;;;;;;;;;;;;;;;;;;;;;;;;;;;;;;;;;;;;;37.00;51.00;36.00;7.00;;;;28.00;30.00;28.00;;;;;;;;;1410.60;1286.80;-22.100;-31.000;;;;;;;;;;;;;2000.100;0.000;;;;;;;;;;69.00;67.00;69.00;;;;;;;;;69728;;;;;;;;;;;;;;608.700;;;;;;;;;;;;29.00;35.00;;;;;;;;;;;;;;0;0.00;0.00;;226.90;;3.00;-1.50;-1.50;;2.10;0.10;;;;-3.20;;;;7.00;;;;0.20;6.70;5.10;8.50;0.50;6.80;4.00;8.70;0.60;-2.20;-2.10;0.00;19.00;;;;15.00;;;;33.00;;;;;;;;28.00;;;;;;;;;;;;52.00;;;;;;;;;;;;;;;;;;;;;;;;;;;;;;;;;;;;;;;;;;;;;;;;;;;;;;;;;;;;;;;;;;;;;;;;;;;;;;;;;;;;;;;;;;;;;;;;;;;;;;;;;;;;;;;;;;;;;;;;;;;;;;;;;;;;;;;;;;;;;;;;;;;;;;;;;;;;;;;;;;;;;;;;;;;;;;;;;;;;;;;;;;;;;;;;;;;;;;;;;;;;;;;;;;;;;;49.00;;;;;;;;;;;;;;;;;;;;;;;;;;;;;;;;;;;35.00;35.00;35.00;;;;;;;;;;;;;;43.00;43.00;43.00;;;;30.40;;;;;;;;;;;498.70;702.60;40.30;0.00;0.00;40.20;;;;;;;;;;;;;;;;;;;;;;2000.10;2000.10;1;1;;;;;;;;;;;;;;;;;;;;;;;;0.30;0;0;0.00;0.00;;;;;74.00;74.00;74.00;;79.00;79.00;79.00;;70.00;70.00;71.00;;;;;;;;;;;;;0;6.80;7.50;6.20;12.80;13.40;12.20;609;701;500;229;227;1336.90;;;26486890;6.00;;;;;;21.00
1576707000000;2019-12-18T23:10:00.000+0100;;;;;;;;;1.00;-24.30;377.20;376.30;377.00;492.00;486.00;484.00;-2.10;;;;;-2.10;-2.10;;;;;;;;;1.0;;;;;;;;;;;;;;;;;;;;;;;;;;;;;;;;;;;;;;;;;;;;50.00;;;;;;;;;;;;;;;;;;;;;;;;;;;;;;;;;;;;;;37.00;51.00;36.00;7.00;;;;28.00;30.00;28.00;;;;;;;;;1411.80;1235.40;-20.800;-27.600;;;;;;;;;;;;;2000.100;0.000;;;;;;;;;;69.00;67.00;69.00;;;;;;;;;69728;;;;;;;;;;;;;;549.800;;;;;;;;;;;;29.00;35.00;;;;;;;;;;;;;;0;0.00;0.00;;227.00;;3.00;-1.20;-3.80;;0.80;1.10;;;;-3.40;;;;6.80;;;;0.30;6.60;5.20;8.20;0.50;6.80;5.00;8.60;0.50;-2.20;-2.10;0.00;19.00;;;;15.00;;;;34.00;;;;;;;;28.00;;;;;;;;;;;;52.00;;;;;;;;;;;;;;;;;;;;;;;;;;;;;;;;;;;;;;;;;;;;;;;;;;;;;;;;;;;;;;;;;;;;;;;;;;;;;;;;;;;;;;;;;;;;;;;;;;;;;;;;;;;;;;;;;;;;;;;;;;;;;;;;;;;;;;;;;;;;;;;;;;;;;;;;;;;;;;;;;;;;;;;;;;;;;;;;;;;;;;;;;;;;;;;;;;;;;;;;;;;;;;;;;;;;;;49.00;;;;;;;;;;;;;;;;;;;;;;;;;;;;;;;;;;;35.00;35.00;35.00;;;;;;;;;;;;;;43.00;43.00;43.00;;;;42.40;;;;;;;;;;;477.70;619.50;29.30;0.00;0.00;29.10;;;;;;;;;;;;;;;;;;;;;;2000.10;2000.10;1;1;;;;;;;;;;;;;;;;;;;;;;;;0.30;0;0;0.00;0.00;;;;;74.00;74.00;74.00;;79.00;79.00;79.00;;70.00;70.00;71.00;;;;;;;;;;;;;0;6.70;7.40;6.00;12.80;13.40;11.90;550;618;479;227;226;1326.50;;;26486984;6.00;;;;;;21.00
1576707600000;2019-12-18T23:20:00.000+0100;;;;;;;;;1.00;-22.50;377.60;376.70;377.40;454.00;448.00;447.00;-2.10;;;;;-2.10;-2.10;;;;;;;;;1.0;;;;;;;;;;;;;;;;;;;;;;;;;;;;;;;;;;;;;;;;;;;;50.00;;;;;;;;;;;;;;;;;;;;;;;;;;;;;;;;;;;;;;37.00;51.00;36.00;7.00;;;;28.00;30.00;28.00;;;;;;;;;1302.30;1212.80;-19.900;-25.100;;;;;;;;;;;;;2000.100;0.000;;;;;;;;;;69.00;67.00;69.00;;;;;;;;;69728;;;;;;;;;;;;;;507.800;;;;;;;;;;;;30.00;36.00;;;;;;;;;;;;;;0;0.00;0.00;;226.90;;3.00;-0.10;-1.20;;1.80;2.20;;;;-2.60;;;;6.70;;;;0.20;6.40;5.00;8.60;0.40;6.40;4.90;8.60;0.50;-2.20;-2.10;0.00;19.00;;;;15.00;;;;35.00;;;;;;;;28.00;;;;;;;;;;;;52.00;;;;;;;;;;;;;;;;;;;;;;;;;;;;;;;;;;;;;;;;;;;;;;;;;;;;;;;;;;;;;;;;;;;;;;;;;;;;;;;;;;;;;;;;;;;;;;;;;;;;;;;;;;;;;;;;;;;;;;;;;;;;;;;;;;;;;;;;;;;;;;;;;;;;;;;;;;;;;;;;;;;;;;;;;;;;;;;;;;;;;;;;;;;;;;;;;;;;;;;;;;;;;;;;;;;;;;49.00;;;;;;;;;;;;;;;;;;;;;;;;;;;;;;;;;;;35.00;35.00;35.00;;;;;;;;;;;;;;43.00;43.00;43.00;;;;19.10;;;;;;;;;;;449.90;566.60;21.10;0.00;0.00;20.90;;;;;;;;;;;;;;;;;;;;;;2000.10;2000.10;1;1;;;;;;;;;;;;;;;;;;;;;;;;0.30;0;0;0.00;0.00;;;;;74.00;74.00;74.00;;79.00;79.00;79.00;;70.00;70.00;70.00;;;;;;;;;;;;;0;6.40;7.00;5.70;12.20;12.50;11.60;508;565;456;229;228;1265.60;;;26487068;6.00;;;;;;21.00
1576708200000;2019-12-18T23:30:00.000+0100;;;;;;;;;1.00;-21.70;378.30;377.40;378.10;438.00;432.00;431.00;-2.10;;;;;-2.10;-2.10;;;;;;;;;1.0;;;;;;;;;;;;;;;;;;;;;;;;;;;;;;;;;;;;;;;;;;;;50.00;;;;;;;;;;;;;;;;;;;;;;;;;;;;;;;;;;;;;;37.00;51.00;35.00;7.00;;;;28.00;30.00;28.00;;;;;;;;;1325.30;1177.80;-17.300;-26.900;;;;;;;;;;;;;2000.100;0.000;;;;;;;;;;69.00;67.00;69.00;;;;;;;;;69729;;;;;;;;;;;;;;490.800;;;;;;;;;;;;30.00;36.00;;;;;;;;;;;;;;0;0.00;0.00;;226.30;;3.00;2.20;-6.90;;2.40;4.10;;;;0.60;;;;6.60;;;;0.20;6.30;4.50;8.20;0.50;6.30;4.50;8.20;0.50;-2.20;-2.10;0.00;19.00;;;;15.00;;;;32.00;;;;;;;;28.00;;;;;;;;;;;;52.00;;;;;;;;;;;;;;;;;;;;;;;;;;;;;;;;;;;;;;;;;;;;;;;;;;;;;;;;;;;;;;;;;;;;;;;;;;;;;;;;;;;;;;;;;;;;;;;;;;;;;;;;;;;;;;;;;;;;;;;;;;;;;;;;;;;;;;;;;;;;;;;;;;;;;;;;;;;;;;;;;;;;;;;;;;;;;;;;;;;;;;;;;;;;;;;;;;;;;;;;;;;;;;;;;;;;;;49.00;;;;;;;;;;;;;;;;;;;;;;;;;;;;;;;;;;;35.00;35.00;35.00;;;;;;;;;;;;;;43.00;43.00;43.00;;;;39.70;;;;;;;;;;;395.60;601.40;56.30;0.00;0.00;56.20;;;;;;;;;;;;;;;;;;;;;;2000.10;2000.10;1;1;;;;;;;;;;;;;;;;;;;;;;;;0.30;0;0;0.00;0.00;;;;;74.00;74.00;74.00;;79.00;79.00;79.00;;70.00;70.00;70.00;;;;;;;;;;;;;0;6.30;7.00;5.70;11.90;12.80;11.30;491;599;396;225;227;1244.10;;;26487148;7.00;;;;;;21.00
1576708800000;2019-12-18T23:40:00.000+0100;;;;;;;;;1.00;-15.50;377.70;376.70;377.30;314.00;310.00;308.00;-2.10;;;;;-2.10;-2.10;;;;;;;;;1.0;;;;;;;;;;;;;;;;;;;;;;;;;;;;;;;;;;;;;;;;;;;;50.00;;;;;;;;;;;;;;;;;;;;;;;;;;;;;;;;;;;;;;37.00;50.00;35.00;7.00;;;;28.00;30.00;28.00;;;;;;;;;1308.60;1008.00;-8.800;-21.400;;;;;;;;;;;;;2000.100;0.000;;;;;;;;;;68.00;66.00;68.00;;;;;;;;;69729;;;;;;;;;;;;;;350.500;;;;;;;;;;;;30.00;35.00;;;;;;;;;;;;;;0;0.00;0.00;;232.90;;3.00;3.30;-2.40;;1.20;4.60;;;;1.50;;;;5.90;;;;0.50;6.00;3.20;8.30;0.70;6.00;4.20;8.10;0.70;-2.20;-2.00;0.10;19.00;;;;15.00;;;;31.00;;;;;;;;28.00;;;;;;;;;;;;51.00;;;;;;;;;;;;;;;;;;;;;;;;;;;;;;;;;;;;;;;;;;;;;;;;;;;;;;;;;;;;;;;;;;;;;;;;;;;;;;;;;;;;;;;;;;;;;;;;;;;;;;;;;;;;;;;;;;;;;;;;;;;;;;;;;;;;;;;;;;;;;;;;;;;;;;;;;;;;;;;;;;;;;;;;;;;;;;;;;;;;;;;;;;;;;;;;;;;;;;;;;;;;;;;;;;;;;;48.00;;;;;;;;;;;;;;;;;;;;;;;;;;;;;;;;;;;35.00;34.00;35.00;;;;;;;;;;;;;;43.00;42.00;43.00;;;;76.70;;;;;;;;;;;198.50;484.50;63.60;0.00;0.00;63.60;;;;;;;;;;;;;;;;;;;;;;2000.10;2000.10;1;1;;;;;;;;;;;;;;;;;;;;;;;;0.60;0;0;0.00;0.00;;;;;74.00;74.00;74.00;;79.00;79.00;79.00;;70.00;70.00;70.00;;;;;;;;;;;;;0;6.00;7.20;4.50;11.30;12.50;9.50;351;482;201;234;237;1184.40;;;26487206;7.00;;;;;;21.00
1576709400000;2019-12-18T23:50:00.000+0100;;;;;;;;;1.00;-20.30;377.10;376.20;376.90;411.00;405.00;404.00;-2.10;;;;;-2.10;-2.10;;;;;;;;;1.0;;;;;;;;;;;;;;;;;;;;;;;;;;;;;;;;;;;;;;;;;;;;50.00;;;;;;;;;;;;;;;;;;;;;;;;;;;;;;;;;;;;;;37.00;50.00;35.00;7.00;;;;28.00;29.00;27.00;;;;;;;;;1384.30;1129.50;-14.500;-30.700;;;;;;;;;;;;;2000.100;0.000;;;;;;;;;;67.00;66.00;68.00;;;;;;;;;69729;;;;;;;;;;;;;;458.500;;;;;;;;;;;;30.00;35.00;;;;;;;;;;;;;;0;0.00;0.00;;236.60;;3.00;-0.70;-4.20;;1.30;1.20;;;;-2.70;;;;6.40;;;;0.40;6.50;4.60;8.00;0.60;6.50;4.10;8.30;0.60;-2.20;-2.00;0.00;19.00;;;;15.00;;;;32.00;;;;;;;;28.00;;;;;;;;;;;;51.00;;;;;;;;;;;;;;;;;;;;;;;;;;;;;;;;;;;;;;;;;;;;;;;;;;;;;;;;;;;;;;;;;;;;;;;;;;;;;;;;;;;;;;;;;;;;;;;;;;;;;;;;;;;;;;;;;;;;;;;;;;;;;;;;;;;;;;;;;;;;;;;;;;;;;;;;;;;;;;;;;;;;;;;;;;;;;;;;;;;;;;;;;;;;;;;;;;;;;;;;;;;;;;;;;;;;;;48.00;;;;;;;;;;;;;;;;;;;;;;;;;;;;;;;;;;;35.00;35.00;35.00;;;;;;;;;;;;;;43.00;43.00;43.00;;;;56.10;;;;;;;;;;;331.30;709.10;84.90;0.00;0.00;84.70;;;;;;;;;;;;;;;;;;;;;;2000.10;2000.10;1;1;;;;;;;;;;;;;;;;;;;;;;;;0.60;0;0;0.00;0.00;;;;;74.00;74.00;74.00;;79.00;78.00;79.00;;70.00;70.00;70.00;;;;;;;;;;;;;0;6.50;7.30;5.30;12.20;13.40;10.70;458;703;335;234;233;1279.00;;;26487284;7.00;;;;;;20.00
