Timestamp;DateTime;T Generatorkuehlluft;T Gear Bearing Temperatur HS-ROT;T Wellenlager;Scheinleistung;U ac;I ac;Operation Mode;Turmauslenkung;Grid Production CosPhi (avg);Blindleistung;Spannung L1-N;Spannung L2-N;Spannung L3-N;Strom L1;Strom L2;Strom L3;Pitch Angle 1 (avg);Gondelumdrehung;Generatordrehzahl;DC Modules;Windabweichung 1 sek;Pitch Angle 2 (avg);Pitch Angle 3 (avg);Blattwinkel 1 (Soll);Blattwinkel 2 (Soll);Blattwinkel 3 (Soll);cos phi (Soll);n-Soll 1;n-Soll 2;Drehmoment;Drehmoment (Soll);Max. Operatingstate;Gondelbild;Windabweichung 10 sek;Schnelllaufzahl;Digital 1;Digital 2;Leistungsschalter Zuschaltungen;Triebstr.beschleunigung;Turmbeschleunigung;Anlagenzustand;Gear Bearing High Speed Shaft Generator Temperature (avg);Hydraulikvordruck;T.1(202);T.2(205);T.3(208);T.4(211);T.5(214);T.6(217);T.7(220);T.8(224);T.9(227);T.10(231);T.11(234);Int.Temp.;T.Sub1(202);T.Sub2(205);T.Sub3(208);T.Sub4(211);T.Sub5(214);T.Sub6(217);T.Sub7(220);T.Sub8(224);T.Sub9(227);T.Sub10(231);T.Sub11(234);Intern T.Sub;Windg. 1+2;T. SAMI;A.Ein(236);A.Ein(239);A.Ein(242);A.Ein(245);A.Aus(400);A.Aus(404);Netz Freq.;Grid voltage;Drehstromsteller Soll;Deviation Wind Direction To Nacelle Direction (avg);Leistungsmittelwert 5 Sek;Leistungsmittelwert 30 Sek;zugeschaltete Blindleistung;Leistungsklasse;Zustand Blatt;Anzahl Komp. Stufen;T Stator;Subtotal Energy Generator 1;Subtotal Energy Generator 2;Subtotal Production Time Generator 1;Subtotal Production Time Generator 2;Subtotal Availability Total Hours;Subtotal Availability Total Error;Subtotal Availability;Subtotal Wind Average;Subtotal Wind Maximum;Subtotal Availability Wind OK Hours;Subtotal Availability Braked Hours;Subtotal Availability External Error Hours;Subtotal Availability Grid Error Hours;Total Energy Generator 1;Total Energy Generator 2;Total Production Time Generator 1;Total Production Time Generator 2;Total Availability Total Hours;Total Availability Total Error;Total Availability;Total Wind Average;Total Wind Maximum;Total Availability Wind OK Hours;Total Availability Braked Hours;Total Availability External Error Hours;Total Availability Grid Error Hours;Blattwinkel;T Hydraulic Oil;T Gear Oil;T Generator Cooling Water;T Spin;Generator Slip Ring Top Temperature (avg);FreeForReuse;T Spin Slip Ring;High Voltage Trafo Phase 1 Temperature (avg);High Voltage Trafo Phase 2 Temperature (avg);High Voltage Trafo Phase 3 Temperature (avg);Event;Event Modul;Air Pressure;Niederschlag;Wingeschwindigkeit (Extern);Windrichtungsabweichung Max;Windrichtungsabweichung Min;Windrichtungsabweichung (Extern);Generatordrehzahl Max;Generatordrehzahl Min;Blindleistung Max;Blindleistung Min;Netzspannung Max;Netzspannung Min;Netzstrom;Netzstrom Max;Netzstrom Min;Statorstrom;Blattwinkel Durchschnitt;Blattwinkel Max;Blattwinkel Min;Leistung Bezug;Scheinleistung Bezug;Scheinleistung Bezug Max;Active Power Reference Value;Reactive Power Reference Value;Schwingungssensor 1 X Achse Max;Schwingungssensor 1 Y Achse Max;Schwingungssensor 2 X Achse Max;Schwingungssensor 2 Y Achse Max;Energie Produktion;Energie Bezug;Blindenergie Produktion;Blindenergie Bezug;Gondelposition Sensor;Statortemperatur L1;Statortemperatur L2;Statortemperatur L3;Blatt1 Motortemperatur;Blatt2 Motortemperatur;Blatt3 Motortemperatur;Umrichter (Generator zu Gleich) Temperatur;Umrichter (Gleich zu Netz) Temperatur;Produktionsstunden;Bezugszaehler;Setpoint frequenzy;t (Total);t (Produktionsbetrieb);t (Innerhalb Windgrenzen);Setpoint voltage;Produktion Zaehler-Lebenszeit kWh;Exported active energy;Exported active energy (red. op-mode);Setpoint in percent;Setpoint active power in percent;Internal setpoint max power;Internal setpoint stop WTG;Internal setpoint start WTG;Betriebsstunden Gen. 1;Betriebsstunden Gen. 2;Grid Possible Power (avg);Air Density;Max. Grid Active Power (Setpoint);Min. Grid Active Power (Setpoint);Max. Possible Grid Active Power (Setpoint);Full Power Operation Time;Power Reduced Operation Time;Min. Operatingstate;Wind Speed 2;Wind Speed 3;Wind Direction 2;Relative Humidity;T Generator Bearing DE;T Generator Bearing NDE;Radiation Module [W/m2];Radiation Horizontal [W/m2];Module Temperature;Wind Speed 4;Wind Speed 5;Wind Speed 6;Wind Speed 7;Wind Speed 8;Wind Direction 3;Wind Direction 4;Temperature Outside 2;Availability Wind Sensor 1;Availability Wind Sensor 2;Active Wind Sector In Period LaPM / Boost);Sector Angle Begin In Period (LaPM / Boost);Sector Angle End In Period (LaPM / Boost);Sector Time In Period (LaPM / Boost);Wind Direction Leading To Power Management (LaPM / Boost);Number Of Currently Main Wind Sensor;Active Wind Sensor;Relative Wind Direction (avg);Relative Wind Direction (min);Relative Wind Direction (max);Relative Wind Direction (stddev);Relative Wind Direction Sensor 1 (avg);Relative Wind Direction Sensor 1 (min);Relative Wind Direction Sensor 1 (max);Relative Wind Direction Sensor 1 (stddev);Relative Wind Direction Sensor 2 (avg);Relative Wind Direction Sensor 2 (min);Relative Wind Direction Sensor 2 (max);Relative Wind Direction Sensor 2 (stddev);Estimated Wind Speed (avg);Estimated Wind Speed (min);Estimated Wind Speed (max);Estimated Wind Speed (stddev);Wind Speed (stddev);Wind Speed Sensor 1 (avg);Wind Speed Sensor 1 (min);Wind Speed Sensor 1 (max);Wind Speed Sensor 1 (stddev);Wind Speed Sensor 2 (avg);Wind Speed Sensor 2 (min);Wind Speed Sensor 2 (max);Wind Speed Sensor 2 (stddev);Pitch Angle 1 (min);Pitch Angle 1 (max);Pitch Angle 1 (stddev);Ground Controller Temperature (avg);Ground Controller Temperature (min);Ground Controller Temperature (max);Ground Controller Temperature (std);Hub Controller Temperature (avg);Hub Controller Temperature (min);Hub Controller Temperature (max);Hub Controller Temperature (stddev);Top Controller Temperature (avg);Top Controller Temperature (min);Top Controller Temperature (max);Top Controller Temperature (stddev);VCP Choke Coil Temperature (avg);VCP Choke Coil Temperature (min);VCP Choke Coil Temperature (max);VCP Choke Coil Temperature (stddev);VCP Temperature (avg);VCP Temperature (min);VCP Temperature (max);VCP Temperature (stddev);VCP Wtr Temperatur (avg);VCP Wtr Temperatur (min);VCP Wtr Temperatur (max);VCP Wtr Temperatur (stddev);Gear Bearing Temperature A (avg);Gear Bearing Temperature A (min);Gear Bearing Temperature A (max);Gear Bearing Temperature A (stddev);Gear Bearing Temperature B (avg);Gear Bearing Temperature B (min);Gear Bearing Temperature B (max);Fermenter Niveau;Fermenter Druck;Fermenter ph-Wert;Fermenter Redoxpotential;Fermenter Temperatur 1;Fermenter Gasanalyse CO2;Fermenter Gasanalyse H2S;Fermenter Gasanalyse CH4;Fermenter Gasanalyse O2;Fermenter TS-Gehalt;Fermenter oTS-Gehalt;Fermenter1 Niveau;Fermenter1 Druck;Fermenter1 ph-Wert;Fermenter1 Redoxpotential;Fermenter1 Temperatur 1;Fermenter1 Gasanalyse CO2;Fermenter1 Gasanalyse H2S;Fermenter1 Gasanalyse CH4;Fermenter1 Gasanalyse O2;Fermenter1 TS-Gehalt;Fermenter1 oTS-Gehalt;Fermenter2 Niveau;Fermenter2 Druck;Fermenter2 ph-Wert;Fermenter2 Redoxpotential;Fermenter2 Temperatur 1;Fermenter2 Gasanalyse CO2;Fermenter2 Gasanalyse H2S;Fermenter2 Gasanalyse CH4;Fermenter2 Gasanalyse O2;Fermenter2 TS-Gehalt;Fermenter2 oTS-Gehalt;Fermenter3 Niveau;Fermenter3 Druck;Fermenter3 ph-Wert;Fermenter3 Redoxpotential;Fermenter3 Temperatur 1;Fermenter3 Gasanalyse CO2;Fermenter3 Gasanalyse H2S;Fermenter3 Gasanalyse CH4;Fermenter3 Gasanalyse O2;Fermenter3 TS-Gehalt;Fermenter3 oTS-Gehalt;Fermenter4 Niveau;Fermenter4 Druck;Fermenter4 ph-Wert;Fermenter4 Redoxpotential;Fermenter4 Temperatur 1;Fermenter4 Gasanalyse CO2;Fermenter4 Gasanalyse H2S;Fermenter4 Gasanalyse CH4;Fermenter4 Gasanalyse O2;Fermenter4 TS-Gehalt;Fermenter4 oTS-Gehalt;Fermenter5 Niveau;Fermenter5 Druck;Fermenter5 ph-Wert;Fermenter5 Redoxpotential;Fermenter5 Temperatur 1;Fermenter5 Gasanalyse CO2;Fermenter5 Gasanalyse H2S;Fermenter5 Gasanalyse CH4;Fermenter5 Gasanalyse O2;Fermenter5 TS-Gehalt;Fermenter5 oTS-Gehalt;Nachgaerer Niveau;Nachgaerer Kopfdruckmessung;Nachgaerer Temperatur 1;Nachgaerer TS-Gehalt;Nachgaerer oTS-Gehalt;Nachgaerer1 Niveau;Nachgaerer1 Kopfdruckmessung;Nachgaerer1 Temperatur 1;Nachgaerer1 TS-Gehalt;Nachgaerer1 oTS-Gehalt;Nachgaerer2 Niveau;Nachgaerer2 Kopfdruckmessung;Nachgaerer2 Temperatur 1;Nachgaerer2 TS-Gehalt;Nachgaerer2 oTS-Gehalt;Nachgaerer3 Niveau;Nachgaerer3 Kopfdruckmessung;Nachgaerer3 Temperatur 1;Nachgaerer3 TS-Gehalt;Nachgaerer3 oTS-Gehalt;Nachgaerer4 Niveau;Nachgaerer4 Kopfdruckmessung;Nachgaerer4 Temperatur 1;Nachgaerer4 TS-Gehalt;Nachgaerer4 oTS-Gehalt;Nachgaerer5 Niveau;Nachgaerer5 Kopfdruckmessung;Nachgaerer5 Temperatur 1;Nachgaerer5 TS-Gehalt;Nachgaerer5 oTS-Gehalt;Rohstofflager Fuellstand;Rohstofflager TS-Gehalt;Rohstofflager oTS-Gehalt;Gasspeicher Fuellstand 1;Gasspeicher Gasdruck;Gasspeicher Temperatur;Gasspeicher1 Fuellstand 1;Gasspeicher1 Gasdruck;Gasspeicher1 Temperatur;Gasspeicher2 Fuellstand 1;Gasspeicher2 Gasdruck;Gasspeicher2 Temperatur;Gasspeicher3 Fuellstand 1;Gasspeicher3 Gasdruck;Gasspeicher3 Temperatur;Gasspeicher4 Fuellstand 1;Gasspeicher4 Gasdruck;Gasspeicher4 Temperatur;Gasspeicher5 Fuellstand 1;Gasspeicher5 Gasdruck;Gasspeicher5 Temperatur;BHKW Leistung;BHKW Gasdurchfluss;BHKW Vorlauftemperatur Fermenter;BHKW Ruecklauftemperatur Fermenter;BHKW Gasanalyse CO2;BHKW Gasanalyse H2S;BHKW Gasanalyse O2;BHKW Gasanalyse CH4;BHKW Gasanalyse H2;BHKW1 Leistung;BHKW1 Gasdurchfluss;BHKW1 Vorlauftemperatur Fermenter;BHKW1 Ruecklauftemperatur Fermenter;BHKW1 Gasanalyse CO2;BHKW1 Gasanalyse H2S;BHKW1 Gasanalyse O2;BHKW1 Gasanalyse CH4;BHKW1 Gasanalyse H2;BHKW2 Leistung;BHKW2 Gasdurchfluss;BHKW2 Vorlauftemperatur Fermenter;BHKW2 Ruecklauftemperatur Fermenter;BHKW2 Gasanalyse CO2;BHKW2 Gasanalyse H2S;BHKW2 Gasanalyse O2;BHKW2 Gasanalyse CH4;BHKW2 Gasanalyse H2;BHKW3 Leistung;BHKW3 Gasdurchfluss;BHKW3 Vorlauftemperatur Fermenter;BHKW3 Ruecklauftemperatur Fermenter;BHKW3 Gasanalyse CO2;BHKW3 Gasanalyse H2S;BHKW3 Gasanalyse O2;BHKW3 Gasanalyse CH4;BHKW3 Gasanalyse H2;BHKW4 Leistung;BHKW4 Gasdurchfluss;BHKW4 Vorlauftemperatur Fermenter;BHKW4 Ruecklauftemperatur Fermenter;BHKW4 Gasanalyse CO2;BHKW4 Gasanalyse H2S;BHKW4 Gasanalyse O2;BHKW4 Gasanalyse CH4;BHKW4 Gasanalyse H2;BHKW5 Leistung;BHKW5 Gasdurchfluss;BHKW5 Vorlauftemperatur Fermenter;BHKW5 Ruecklauftemperatur Fermenter;BHKW5 Gasanalyse CO2;BHKW5 Gasanalyse H2S;BHKW5 Gasanalyse O2;BHKW5 Gasanalyse CH4;BHKW5 Gasanalyse H2;ZM-Pumpe Druckmessung;ZM-Pumpe Temperatur;ZM-Pumpe Durchflussmessung;Durchflussmenge;Leitapparat;Oberpegel;Pegel;BHKW Gesamtleistungsbezug Eigenbedarf;BHKW Gasverbrauch heute;BHKW Gasverbrauch gesamt;Fuellstand Vorgrube;Niederschlag max;Niederschlag min;T Mittelspannungstrafo Windung U ;T Mittelspannungstrafo Windung V;T Mittelspannungstrafo Windung W ;T Mittelspannungstrafo Umbegung;Ice Level;External setpoint power factor;Free For Reuse;Water Flow Rate;Upstream Water Level;Downstream Water Level;Weir Water Level;Setpoint power from grid operator;Setpoint power from direct marketer;Setpoint power from customer;Vmin;Vmax;Vout;Iout;%Wout;Freq;%Cap;Vbat;TupsC;%VAout;Setpoint active power controller;Wind Average of Running plants;Gear Bearing Temperature B (stddev);Gear Bearing Temperature C (avg);Gear Bearing Temperature C (min);Gear Bearing Temperature C (max);Gear Bearing Temperature C (stddev);Gear Bearing Hollow Shaft Generator Temperature (avg);Gear Bearing Hollow Shaft Generator Temperature (min);Gear Bearing Hollow Shaft Generator Temperature (max);Gear Bearing Hollow Shaft Generator Temperature (stddev);Gear Bearing Hollow Shaft Rotor Temperature (avg);Gear Bearing Hollow Shaft Rotor Temperature (min);Gear Bearing Hollow Shaft Rotor Temperature (max);Gear Bearing Hollow Shaft Rotor Temperature (stddev);Gear Bearing High Speed Generator Temperature (min);Gear Bearing High Speed Generator Temperature (max);Gear Bearing High Speed Generator Temperature (stddev);Gear Bearing High Speed Middle Temperature (avg);Gear Bearing High Speed Middle Temperature (min);Gear Bearing High Speed Middle Temperature (max);Gear Bearing High Speed Middle Temperature (stddev);Gear Bearing High Speed Rotor Temperature (avg);Gear Bearing High Speed Rotor Temperature (min);Gear Bearing High Speed Rotor Temperature (max);Gear Bearing High Speed Rotor Temperature (stddev);Gear Bearing Intermediate Shaft 1 Temperature (avg);Gear Bearing Intermediate Shaft 1 Temperature (min);Gear Bearing Intermediate Shaft 1 Temperature (max);Gear Bearing Intermediate Shaft 1 Temperature (stddev);Gear Bearing Intermediate Shaft 2 Temperature (avg);Gear Bearing Intermediate Shaft 2 Temperature (min);Gear Bearing Intermediate Shaft 2 Temperature (max);Gear Bearing Intermediate Shaft 2 Temperature (stddev);Gear Bearing Intermediate Shaft 3 Temperature (avg);Gear Bearing Intermediate Shaft 3 Temperature (min);Gear Bearing Intermediate Shaft 3 Temperature (max);Gear Bearing Intermediate Shaft 3 Temperature (stddev);Gear Cooling Water Temperature (avg);Gear Cooling Water Temperature (min);Gear Cooling Water Temperature (max);Gear Cooling Water Temperature (stddev);Gear Lubrication Oil Temperature (avg);Gear Lubrication Oil Temperature (min);Gear Lubrication Oil Temperature (max);Gear Lubrication Oil Temperature (stddev);Gear Main Bearing Temperature (avg);Gear Main Bearing Temperature (min);Gear Main Bearing Temperature (max);Gear Main Bearing Temperature (stddev);Gear Main Tank Oil Temperature (avg);Gear Main Tank Oil Temperature (min);Gear Main Tank Oil Temperature (max);Gear Main Tank Oil Temperature (stddev);Gear Oil Inlet Temperature (avg);Gear Oil Inlet Temperature (min);Gear Oil Inlet Temperature (max);Gear Oil Inlet Temperature (stddev);Generator RPM (min);Generator RPM (max);Generator RPM (stddev);Generator Slip Ring Top Temperature (min);Generator Slip Ring Top Temperature (max);Generator Slip Ring Top Temperature (stddev);Grid Busbar Temperature (avg);Grid Busbar Temperature (min);Grid Busbar Temperature (max);Grid Busbar Temperature (stddev);Grid Production CosPhi (min);Grid Production CosPhi (max);Grid Production CosPhi (stddev);Grid Possible Power (min);Grid Possible Power (max);Grid Possible Power (stddev);Grid Produced Power Internal Derate State;Grid Produced Power Internal Derate Time;Grid Produced Power Standard Deviation;Grid Rotor (Inverter) Phase 1 Current (avg);Grid Rotor (Inverter) Phase 1 Current (min);Grid Rotor (Inverter) Phase 1 Current (max);Grid Rotor (Inverter) Phase 1 Current (stddec);Grid Rotor (Inverter) Phase 1 Temperature (avg);Grid Rotor (Inverter) Phase 2 Current (avg);Grid Rotor (Inverter) Phase 2 Current (min);Grid Rotor (Inverter) Phase 2 Current (max);Grid Rotor (Inverter) Phase 2 Current (stddev);Grid Rotor (Inverter) Phase 2 Temperature (avg);Grid Rotor (Inverter) Phase 2 Temperature (min);Grid Rotor (Inverter) Phase 2 Temperature (max);Grid Rotor (Inverter) Phase 2 Temperature (stddev);Grid Rotor (Inverter) Phase 3 Current (avg);Grid Rotor (Inverter) Phase 3 Current (min);Grid Rotor (Inverter) Phase 3 Current (max);Grid Rotor (Inverter) Phase 3 Current (stddev);Grid Rotor (Inverter) Phase 3 Temperature (avg);Grid Rotor (Inverter) Phase 3 Temperature (min);Grid Rotor (Inverter) Phase 3 Temperature (max);Grid Rotor (Inverter) Phase 3 Temperature (stddev);Active Power Reference Value (min);Active Power Reference Value (max);Active Power Setting Source;Reactive Power Setting Source;VCRS Chopper Temperature (avg);High Voltage Trafo Air Outlet Temperature (avg);High Voltage Trafo Core Temperature 1 (avg);High Voltage Trafo Core Temperature 1 (min);High Voltage Trafo Core Temperature 1 (max);High Voltage Trafo Core Temperature 1 (stddev);High Voltage Trafo Core Temperature 2 (avg);High Voltage Trafo Core Temperature 2 (min);High Voltage Trafo Core Temperature 2 (max);High Voltage Trafo Core Temperature 2 (stddev);High Voltage Trafo Phase 1 Temperature (min);High Voltage Trafo Phase 1 Temperature (max);High Voltage Trafo Phase 1 Temperature (stddev);High Voltage Trafo Phase 2 Temperature (min);High Voltage Trafo Phase 2 Temperature (max);High Voltage Trafo Phase 2 Temperature (stddev);High Voltage Trafo Phase 3 Temperature (min);High Voltage Trafo Phase 3 Temperature (max);High Voltage Trafo Phase 3 Temperature (stddev);Nacelle Damper Temperature (avg);Nacelle Damper Temperature (min);Nacelle Damper Temperature (max);Nacelle Damper Temperature (stddev);Rotor RPM (stddev);First Active Alarm Parameter 1;First Active Alarm Parameter 2;Tower Acceleration X Axis;Tower Acceleration Y Axis;Yaw Motors Temperature (avg);Yaw Motors Temperature (min);Yaw Motors Temperature (max);Yaw Motors Temperature (stddev);High Voltage Trafo Phase 1 Core Temperature (avg);High Voltage Trafo Phase 1 Core Temperature (min);High Voltage Trafo Phase 1 Core Temperature (max);High Voltage Trafo Phase 1 Core Temperature (stddev);High Voltage Trafo Phase 2 Core Temperature (avg);High Voltage Trafo Phase 2 Core Temperature (min);High Voltage Trafo Phase 2 Core Temperature (max);High Voltage Trafo Phase 2 Core Temperature (stddev);High Voltage Trafo Phase 3 Core Temperature (avg);High Voltage Trafo Phase 3 Core Temperature (min);High Voltage Trafo Phase 3 Core Temperature (max);High Voltage Trafo Phase 3 Core Temperature (stddev);PowerBoost gain (absolute) [kWh];Nacelle Orientation (max) [degrees];Nacelle Orientation (min) [degrees];Regulator power reference [kW];DMI power demand [kW];Utility power demand [kW];Visibility Range (avg);Visibility Range (min);Visibility Range (max);T Outside Ground Level (avg);Calculated By ROTORsoft;Fehlernummer;Windgeschwindigkeit;Windgeschwindigkeit Max;Windgeschwindigkeit Min;Rotor RPM (avg);Rotor RPM (max);Rotor RPM (min);Leistung;Leistung Max;Leistung Min;Gondelposition;Windrichtung;Generator RPM (avg);Stop Fault;Schwingung;Produktion Zaehler;T Outside Nacelle Level (avg);T Gen1;T Gen2;T Getriebe;T Lager A;T Lager B;T Inside Nacelle (avg)
1576364400000;2019-12-15T00:00:00.000+0100;;;;;;;;;1.00;118.40;382.00;382.20;382.20;1072.00;1066.00;1063.00;-2.00;;;;;-2.00;-2.00;;;;;;;;;1.0;;;;;;;;;;;;;;;;;;;;;;;;;;;;;;;;;;;;;;;;;;;;50.00;;;;;;;;;;;;;;;;;;;;;;;;;;;;;;;;;;;;;;37.00;55.00;36.00;6.00;;;;53.00;55.00;51.00;;;;;;;;;1657.10;1168.60;205.400;37.800;;;;;;;;;;;;;2000.100;0.000;;;;;;;;;;80.00;79.00;82.00;;;;;;;;;68598;;;;;;;;;;;;;;1209.800;;;;;;;;;;;;35.00;47.00;;;;;;;;;;;;;;0;0.00;0.00;;247.50;;3.00;0.30;-5.90;;1.50;2.10;;;;-1.40;;;;8.80;;;;1.40;8.50;4.40;12.60;1.60;8.30;3.80;13.00;1.60;-2.40;4.60;0.80;18.00;;;;14.00;;;;34.00;;;;;;;;40.00;;;;;;;;;;;;65.00;;;;;;;;;;;;;;;;;;;;;;;;;;;;;;;;;;;;;;;;;;;;;;;;;;;;;;;;;;;;;;;;;;;;;;;;;;;;;;;;;;;;;;;;;;;;;;;;;;;;;;;;;;;;;;;;;;;;;;;;;;;;;;;;;;;;;;;;;;;;;;;;;;;;;;;;;;;;;;;;;;;;;;;;;;;;;;;;;;;;;;;;;;;;;;;;;;;;;;;;;;;;;;;;;;;;;;71.00;;;;;;;;;;;;;;;;;;;;;;;;;;;;;;;;;;;36.00;35.00;36.00;;;;;;;;;;;;;;46.00;45.00;46.00;;;;100.30;;;;;;;;;;;382.50;2000.00;408.00;0.00;0.00;419.90;;;;;;;;;;;;;;;;;;;;;;2000.10;2000.10;1;1;;;;;;;;;;;;;;;;;;;;;;;;0.90;0;0;0.00;0.00;;;;;80.00;79.00;80.00;;87.00;87.00;88.00;;82.00;82.00;82.00;;;;;;;;;;;;;0;8.40;12.10;5.20;14.30;15.80;11.30;1217;2110;390;252;252;1497.70;;;30135104;5.00;;;;;;22.00
1576365000000;2019-12-15T00:10:00.000+0100;;;;;;;;;1.00;98.60;378.90;379.10;379.00;900.00;895.00;892.00;-2.20;;;;;-2.20;-2.20;;;;;;;;;1.0;;;;;;;;;;;;;;;;;;;;;;;;;;;;;;;;;;;;;;;;;;;;50.00;;;;;;;;;;;;;;;;;;;;;;;;;;;;;;;;;;;;;;37.00;56.00;36.00;6.00;;;;53.00;56.00;51.00;;;;;;;;;1571.80;1114.30;179.800;43.800;;;;;;;;;;;;;2000.100;0.000;;;;;;;;;;79.00;78.00;82.00;;;;;;;;;68598;;;;;;;;;;;;;;1013.000;;;;;;;;;;;;36.00;47.00;;;;;;;;;;;;;;0;0.00;0.00;;254.80;;3.00;-0.10;-2.80;;3.60;1.80;;;;-1.90;;;;8.20;;;;1.10;7.50;3.60;13.40;1.30;7.50;3.40;11.50;1.30;-2.40;-1.70;0.10;18.00;;;;14.00;;;;32.00;;;;;;;;40.00;;;;;;;;;;;;64.00;;;;;;;;;;;;;;;;;;;;;;;;;;;;;;;;;;;;;;;;;;;;;;;;;;;;;;;;;;;;;;;;;;;;;;;;;;;;;;;;;;;;;;;;;;;;;;;;;;;;;;;;;;;;;;;;;;;;;;;;;;;;;;;;;;;;;;;;;;;;;;;;;;;;;;;;;;;;;;;;;;;;;;;;;;;;;;;;;;;;;;;;;;;;;;;;;;;;;;;;;;;;;;;;;;;;;;71.00;;;;;;;;;;;;;;;;;;;;;;;;;;;;;;;;;;;36.00;35.00;36.00;;;;;;;;;;;;;;46.00;46.00;46.00;;;;109.20;;;;;;;;;;;444.60;1858.20;316.70;0.00;0.00;316.50;;;;;;;;;;;;;;;;;;;;;;2000.10;2000.10;1;1;;;;;;;;;;;;;;;;;;;;;;;;1.20;0;0;0.00;1.00;;;;;80.00;80.00;80.00;;88.00;88.00;88.00;;82.00;82.00;82.00;;;;;;;;;;;;;0;7.50;10.10;4.70;13.70;15.20;10.70;1013;1851;452;256;256;1435.70;;;30135274;5.00;;;;;;24.00
1576365600000;2019-12-15T00:20:00.000+0100;;;;;;;;;1.00;147.10;380.50;380.60;380.50;1339.00;1331.00;1329.00;-1.60;;;;;-1.60;-1.60;;;;;;;;;1.0;;;;;;;;;;;;;;;;;;;;;;;;;;;;;;;;;;;;;;;;;;;;50.00;;;;;;;;;;;;;;;;;;;;;;;;;;;;;;;;;;;;;;37.00;56.00;36.00;6.00;;;;54.00;56.00;52.00;;;;;;;;;1635.60;1285.30;205.400;56.600;;;;;;;;;;;;;2000.100;0.000;;;;;;;;;;80.00;80.00;83.00;;;;;;;;;68599;;;;;;;;;;;;;;1494.100;;;;;;;;;;;;37.00;48.00;;;;;;;;;;;;;;0;0.00;0.00;;257.30;;3.00;-1.30;-6.80;;1.10;0.00;;;;-2.90;;;;9.60;;;;1.20;9.00;4.40;13.10;1.50;9.00;4.70;13.10;1.40;-2.50;4.30;1.20;18.00;;;;14.00;;;;31.00;;;;;;;;40.00;;;;;;;;;;;;65.00;;;;;;;;;;;;;;;;;;;;;;;;;;;;;;;;;;;;;;;;;;;;;;;;;;;;;;;;;;;;;;;;;;;;;;;;;;;;;;;;;;;;;;;;;;;;;;;;;;;;;;;;;;;;;;;;;;;;;;;;;;;;;;;;;;;;;;;;;;;;;;;;;;;;;;;;;;;;;;;;;;;;;;;;;;;;;;;;;;;;;;;;;;;;;;;;;;;;;;;;;;;;;;;;;;;;;;71.00;;;;;;;;;;;;;;;;;;;;;;;;;;;;;;;;;;;36.00;36.00;37.00;;;;;;;;;;;;;;47.00;46.00;48.00;;;;54.30;;;;;;;;;;;558.10;2000.00;383.10;0.00;0.00;404.50;;;;;;;;;;;;;;;;;;;;;;2000.10;2000.10;1;1;;;;;;;;;;;;;;;;;;;;;;;;0.60;0;0;0.00;0.00;;;;;80.00;80.00;80.00;;88.00;88.00;88.00;;82.00;82.00;82.00;;;;;;;;;;;;;0;9.00;12.00;5.50;14.60;15.80;12.20;1513;2112;581;258;257;1529.10;;;30135526;5.00;;;;;;24.00
1576366200000;2019-12-15T00:30:00.000+0100;;;;;;;;;1.00;153.70;381.20;381.30;381.20;1394.00;1383.00;1380.00;-1.40;;;;;-1.40;-1.40;;;;;;;;;1.0;;;;;;;;;;;;;;;;;;;;;;;;;;;;;;;;;;;;;;;;;;;;50.00;;;;;;;;;;;;;;;;;;;;;;;;;;;;;;;;;;;;;;37.00;53.00;37.00;6.00;;;;58.00;60.00;55.00;;;;;;;;;1671.10;1390.30;205.700;64.200;;;;;;;;;;;;;2000.100;0.000;;;;;;;;;;84.00;83.00;86.00;;;;;;;;;68599;;;;;;;;;;;;;;1554.400;;;;;;;;;;;;37.00;48.00;;;;;;;;;;;;;;0;0.00;0.00;;257.20;;3.00;-1.30;-1.60;;0.60;1.00;;;;-2.80;;;;9.80;;;;1.30;9.10;4.90;13.80;1.50;9.10;4.50;13.00;1.50;-2.50;6.60;1.60;18.00;;;;14.00;;;;33.00;;;;;;;;40.00;;;;;;;;;;;;66.00;;;;;;;;;;;;;;;;;;;;;;;;;;;;;;;;;;;;;;;;;;;;;;;;;;;;;;;;;;;;;;;;;;;;;;;;;;;;;;;;;;;;;;;;;;;;;;;;;;;;;;;;;;;;;;;;;;;;;;;;;;;;;;;;;;;;;;;;;;;;;;;;;;;;;;;;;;;;;;;;;;;;;;;;;;;;;;;;;;;;;;;;;;;;;;;;;;;;;;;;;;;;;;;;;;;;;;72.00;;;;;;;;;;;;;;;;;;;;;;;;;;;;;;;;;;;37.00;36.00;37.00;;;;;;;;;;;;;;47.00;47.00;47.00;;;;39.70;;;;;;;;;;;639.40;2000.00;365.70;0.00;0.00;391.40;;;;;;;;;;;;;;;;;;;;;;2000.10;2000.10;1;1;;;;;;;;;;;;;;;;;;;;;;;;0.30;0;0;0.00;0.00;;;;;80.00;80.00;80.00;;88.00;88.00;88.00;;82.00;82.00;83.00;;;;;;;;;;;;;0;9.10;12.30;6.10;14.90;16.10;13.40;1579;2116;661;258;257;1539.80;;;30135788;5.00;;;;;;24.00
1576366800000;2019-12-15T00:40:00.000+0100;;;;;;;;;1.00;110.90;379.00;379.40;379.30;1012.00;1006.00;1004.00;-2.10;;;;;-2.10;-2.10;;;;;;;;;1.0;;;;;;;;;;;;;;;;;;;;;;;;;;;;;;;;;;;;;;;;;;;;50.00;;;;;;;;;;;;;;;;;;;;;;;;;;;;;;;;;;;;;;37.00;53.00;36.00;6.00;;;;60.00;62.00;57.00;;;;;;;;;1599.80;1343.80;204.400;39.500;;;;;;;;;;;;;2000.100;0.000;;;;;;;;;;84.00;83.00;86.00;;;;;;;;;68599;;;;;;;;;;;;;;1135.700;;;;;;;;;;;;38.00;48.00;;;;;;;;;;;;;;0;0.00;0.00;;257.10;;3.00;-0.60;-10.00;;2.10;1.30;;;;-2.70;;;;8.60;;;;1.20;8.10;4.00;12.30;1.40;8.00;4.00;14.30;1.40;-2.40;-0.10;0.30;18.00;;;;14.00;;;;34.00;;;;;;;;40.00;;;;;;;;;;;;65.00;;;;;;;;;;;;;;;;;;;;;;;;;;;;;;;;;;;;;;;;;;;;;;;;;;;;;;;;;;;;;;;;;;;;;;;;;;;;;;;;;;;;;;;;;;;;;;;;;;;;;;;;;;;;;;;;;;;;;;;;;;;;;;;;;;;;;;;;;;;;;;;;;;;;;;;;;;;;;;;;;;;;;;;;;;;;;;;;;;;;;;;;;;;;;;;;;;;;;;;;;;;;;;;;;;;;;;72.00;;;;;;;;;;;;;;;;;;;;;;;;;;;;;;;;;;;37.00;36.00;37.00;;;;;;;;;;;;;;46.00;46.00;47.00;;;;65.70;;;;;;;;;;;384.10;2000.00;406.30;0.00;0.00;413.60;;;;;;;;;;;;;;;;;;;;;;2000.10;2000.10;1;1;;;;;;;;;;;;;;;;;;;;;;;;0.60;0;0;0.00;0.00;;;;;81.00;80.00;81.00;;88.00;88.00;88.00;;83.00;82.00;83.00;;;;;;;;;;;;;0;8.10;11.00;5.70;14.30;15.50;12.80;1140;2111;403;256;255;1489.70;;;30135978;5.00;;;;;;24.00
1576367400000;2019-12-15T00:50:00.000+0100;;;;;;;;;1.00;64.10;378.40;379.30;379.00;585.00;580.00;578.00;-2.10;;;;;-2.10;-2.10;;;;;;;;;1.0;;;;;;;;;;;;;;;;;;;;;;;;;;;;;;;;;;;;;;;;;;;;50.00;;;;;;;;;;;;;;;;;;;;;;;;;;;;;;;;;;;;;;38.00;51.00;36.00;6.00;;;;58.00;60.00;56.00;;;;;;;;;1564.00;1026.50;122.300;24.700;;;;;;;;;;;;;2000.100;0.000;;;;;;;;;;80.00;79.00;83.00;;;;;;;;;68599;;;;;;;;;;;;;;657.700;;;;;;;;;;;;37.00;48.00;;;;;;;;;;;;;;0;0.00;0.00;;253.70;;3.00;-0.40;-2.50;;1.80;1.60;;;;-2.80;;;;7.10;;;;1.10;6.60;3.40;12.00;1.40;6.60;3.00;10.10;1.30;-2.30;-1.70;0.10;18.00;;;;14.00;;;;31.00;;;;;;;;40.00;;;;;;;;;;;;64.00;;;;;;;;;;;;;;;;;;;;;;;;;;;;;;;;;;;;;;;;;;;;;;;;;;;;;;;;;;;;;;;;;;;;;;;;;;;;;;;;;;;;;;;;;;;;;;;;;;;;;;;;;;;;;;;;;;;;;;;;;;;;;;;;;;;;;;;;;;;;;;;;;;;;;;;;;;;;;;;;;;;;;;;;;;;;;;;;;;;;;;;;;;;;;;;;;;;;;;;;;;;;;;;;;;;;;;71.00;;;;;;;;;;;;;;;;;;;;;;;;;;;;;;;;;;;36.00;36.00;37.00;;;;;;;;;;;;;;46.00;45.00;46.00;;;;152.80;;;;;;;;;;;256.30;1278.00;243.30;0.00;0.00;242.90;;;;;;;;;;;;;;;;;;;;;;2000.10;2000.10;1;1;;;;;;;;;;;;;;;;;;;;;;;;1.50;0;0;0.00;0.00;;;;;81.00;80.00;81.00;;88.00;88.00;88.00;;83.00;83.00;83.00;;;;;;;;;;;;;0;6.60;9.80;4.30;12.50;14.90;9.80;658;1259;259;252;252;1297.80;;;30136088;5.00;;;;;;23.00
1576368000000;2019-12-15T01:00:00.000+0100;;;;;;;;;1.00;34.40;376.90;377.80;377.80;317.00;313.00;313.00;-2.00;;;;;-2.00;-2.00;;;;;;;;;1.0;;;;;;;;;;;;;;;;;;;;;;;;;;;;;;;;;;;;;;;;;;;;50.00;;;;;;;;;;;;;;;;;;;;;;;;;;;;;;;;;;;;;;38.00;52.00;35.00;6.00;;;;53.00;56.00;51.00;;;;;;;;;1305.60;901.50;61.400;13.300;;;;;;;;;;;;;2000.100;0.000;;;;;;;;;;74.00;73.00;77.00;;;;;;;;;68599;;;;;;;;;;;;;;353.700;;;;;;;;;;;;37.00;47.00;;;;;;;;;;;;;;0;0.00;0.00;;248.20;;3.00;0.70;-3.40;;2.50;2.60;;;;-0.80;;;;5.90;;;;0.80;5.60;2.50;8.90;1.10;5.60;2.30;8.80;1.10;-2.40;-1.20;0.20;18.00;;;;14.00;;;;31.00;;;;;;;;39.00;;;;;;;;;;;;61.00;;;;;;;;;;;;;;;;;;;;;;;;;;;;;;;;;;;;;;;;;;;;;;;;;;;;;;;;;;;;;;;;;;;;;;;;;;;;;;;;;;;;;;;;;;;;;;;;;;;;;;;;;;;;;;;;;;;;;;;;;;;;;;;;;;;;;;;;;;;;;;;;;;;;;;;;;;;;;;;;;;;;;;;;;;;;;;;;;;;;;;;;;;;;;;;;;;;;;;;;;;;;;;;;;;;;;;65.00;;;;;;;;;;;;;;;;;;;;;;;;;;;;;;;;;;;35.00;35.00;36.00;;;;;;;;;;;;;;44.00;44.00;45.00;;;;108.30;;;;;;;;;;;133.20;638.10;99.40;0.00;0.00;99.20;;;;;;;;;;;;;;;;;;;;;;2000.10;2000.10;1;1;;;;;;;;;;;;;;;;;;;;;;;;0.90;0;0;0.00;0.00;;;;;80.00;80.00;80.00;;88.00;88.00;88.00;;83.00;83.00;83.00;;;;;;;;;;;;;0;5.60;7.70;3.40;10.70;12.50;8.70;354;634;135;252;253;1106.80;;;30136148;5.00;;;;;;23.00
1576368600000;2019-12-15T01:10:00.000+0100;;;;;;;;;1.00;50.20;377.00;377.90;377.70;462.00;457.00;457.00;-2.10;;;;;-2.10;-2.10;;;;;;;;;1.0;;;;;;;;;;;;;;;;;;;;;;;;;;;;;;;;;;;;;;;;;;;;50.00;;;;;;;;;;;;;;;;;;;;;;;;;;;;;;;;;;;;;;37.00;53.00;35.00;6.00;;;;50.00;52.00;48.00;;;;;;;;;1517.70;971.00;124.200;18.100;;;;;;;;;;;;;2000.100;0.000;;;;;;;;;;71.00;70.00;74.00;;;;;;;;;68599;;;;;;;;;;;;;;516.400;;;;;;;;;;;;36.00;46.00;;;;;;;;;;;;;;0;0.00;0.00;;252.70;;3.00;2.10;-7.90;;1.00;3.80;;;;0.20;;;;6.60;;;;0.90;6.10;2.10;10.40;1.20;6.00;2.50;9.90;1.10;-2.40;-1.70;0.10;18.00;;;;14.00;;;;34.00;;;;;;;;39.00;;;;;;;;;;;;61.00;;;;;;;;;;;;;;;;;;;;;;;;;;;;;;;;;;;;;;;;;;;;;;;;;;;;;;;;;;;;;;;;;;;;;;;;;;;;;;;;;;;;;;;;;;;;;;;;;;;;;;;;;;;;;;;;;;;;;;;;;;;;;;;;;;;;;;;;;;;;;;;;;;;;;;;;;;;;;;;;;;;;;;;;;;;;;;;;;;;;;;;;;;;;;;;;;;;;;;;;;;;;;;;;;;;;;;63.00;;;;;;;;;;;;;;;;;;;;;;;;;;;;;;;;;;;36.00;35.00;36.00;;;;;;;;;;;;;;44.00;44.00;45.00;;;;130.10;;;;;;;;;;;178.60;1285.90;176.80;0.00;0.00;176.50;;;;;;;;;;;;;;;;;;;;;;2000.10;2000.10;1;1;;;;;;;;;;;;;;;;;;;;;;;;1.20;0;0;0.00;0.00;;;;;80.00;80.00;80.00;;88.00;88.00;88.00;;82.00;82.00;83.00;;;;;;;;;;;;;0;6.10;9.40;3.70;11.30;14.60;9.30;517;1274;187;254;256;1193.10;;;30136236;5.00;;;;;;22.00
1576369200000;2019-12-15T01:20:00.000+0100;;;;;;;;;1.00;101.20;377.00;377.70;377.60;930.00;924.00;922.00;-2.10;;;;;-2.10;-2.10;;;;;;;;;1.0;;;;;;;;;;;;;;;;;;;;;;;;;;;;;;;;;;;;;;;;;;;;50.00;;;;;;;;;;;;;;;;;;;;;;;;;;;;;;;;;;;;;;37.00;54.00;36.00;6.00;;;;47.00;50.00;45.00;;;;;;;;;1593.20;1066.80;204.800;35.100;;;;;;;;;;;;;2000.100;0.000;;;;;;;;;;72.00;71.00;75.00;;;;;;;;;68600;;;;;;;;;;;;;;1037.900;;;;;;;;;;;;35.00;45.00;;;;;;;;;;;;;;0;0.00;0.00;;257.80;;3.00;-1.10;-4.80;;1.50;1.00;;;;-3.40;;;;8.30;;;;1.50;7.90;3.10;12.10;1.70;7.80;2.30;12.40;1.70;-2.40;-1.30;0.20;18.00;;;;14.00;;;;33.00;;;;;;;;39.00;;;;;;;;;;;;63.00;;;;;;;;;;;;;;;;;;;;;;;;;;;;;;;;;;;;;;;;;;;;;;;;;;;;;;;;;;;;;;;;;;;;;;;;;;;;;;;;;;;;;;;;;;;;;;;;;;;;;;;;;;;;;;;;;;;;;;;;;;;;;;;;;;;;;;;;;;;;;;;;;;;;;;;;;;;;;;;;;;;;;;;;;;;;;;;;;;;;;;;;;;;;;;;;;;;;;;;;;;;;;;;;;;;;;;67.00;;;;;;;;;;;;;;;;;;;;;;;;;;;;;;;;;;;36.00;35.00;36.00;;;;;;;;;;;;;;45.00;44.00;46.00;;;;159.40;;;;;;;;;;;359.30;1977.20;414.70;0.00;0.00;422.50;;;;;;;;;;;;;;;;;;;;;;2000.10;2000.10;1;1;;;;;;;;;;;;;;;;;;;;;;;;1.50;0;0;0.00;0.00;;;;;80.00;80.00;80.00;;88.00;88.00;88.00;;82.00;82.00;82.00;;;;;;;;;;;;;0;7.80;11.50;4.50;13.40;15.20;10.10;1041;2107;369;260;259;1412.40;;;30136408;4.00;;;;;;21.00
1576369800000;2019-12-15T01:30:00.000+0100;;;;;;;;;1.00;156.70;376.30;376.40;376.40;1441.00;1431.00;1429.00;-1.50;;;;;-1.50;-1.50;;;;;;;;;1.0;;;;;;;;;;;;;;;;;;;;;;;;;;;;;;;;;;;;;;;;;;;;50.00;;;;;;;;;;;;;;;;;;;;;;;;;;;;;;;;;;;;;;37.00;56.00;36.00;6.00;;;;49.00;51.00;47.00;;;;;;;;;1635.00;1491.20;206.100;79.400;;;;;;;;;;;;;2000.100;0.000;;;;;;;;;;77.00;77.00;80.00;;;;;;;;;68600;;;;;;;;;;;;;;1585.700;;;;;;;;;;;;35.00;45.00;;;;;;;;;;;;;;0;0.00;0.00;;261.30;;3.00;-0.20;-1.10;;1.70;1.40;;;;-1.90;;;;9.80;;;;1.10;9.70;6.10;13.50;1.40;9.50;6.10;13.80;1.30;-2.40;5.00;1.20;18.00;;;;14.00;;;;31.00;;;;;;;;40.00;;;;;;;;;;;;65.00;;;;;;;;;;;;;;;;;;;;;;;;;;;;;;;;;;;;;;;;;;;;;;;;;;;;;;;;;;;;;;;;;;;;;;;;;;;;;;;;;;;;;;;;;;;;;;;;;;;;;;;;;;;;;;;;;;;;;;;;;;;;;;;;;;;;;;;;;;;;;;;;;;;;;;;;;;;;;;;;;;;;;;;;;;;;;;;;;;;;;;;;;;;;;;;;;;;;;;;;;;;;;;;;;;;;;;71.00;;;;;;;;;;;;;;;;;;;;;;;;;;;;;;;;;;;36.00;36.00;37.00;;;;;;;;;;;;;;46.00;46.00;47.00;;;;21.20;;;;;;;;;;;807.60;2000.00;303.20;0.00;0.00;331.30;;;;;;;;;;;;;;;;;;;;;;2000.10;2000.10;1;1;;;;;;;;;;;;;;;;;;;;;;;;0.30;0;0;0.00;0.00;;;;;80.00;80.00;80.00;;88.00;88.00;88.00;;82.00;82.00;82.00;;;;;;;;;;;;;0;9.60;12.60;6.80;14.90;15.80;14.30;1611;2115;819;263;263;1550.30;;;30136676;4.00;;;;;;22.00
1576370400000;2019-12-15T01:40:00.000+0100;;;;;;;;;1.00;180.40;379.90;379.80;379.90;1643.00;1631.00;1632.00;3.10;;;;;3.10;3.10;;;;;;;;;1.0;;;;;;;;;;;;;;;;;;;;;;;;;;;;;;;;;;;;;;;;;;;;50.00;;;;;;;;;;;;;;;;;;;;;;;;;;;;;;;;;;;;;;37.00;53.00;37.00;6.00;;;;55.00;57.00;52.00;;;;;;;;;1708.10;1460.70;205.300;77.900;;;;;;;;;;;;;2000.100;0.000;;;;;;;;;;83.00;82.00;85.00;;;;;;;;;68600;;;;;;;;;;;;;;1835.900;;;;;;;;;;;;35.00;46.00;;;;;;;;;;;;;;0;0.00;0.00;;263.30;;3.00;-0.90;-4.30;;1.40;1.00;;;;-2.80;;;;11.50;;;;1.70;11.40;6.10;19.00;2.10;11.10;6.30;18.60;1.90;-2.40;12.60;3.70;18.00;;;;14.00;;;;33.00;;;;;;;;40.00;;;;;;;;;;;;66.00;;;;;;;;;;;;;;;;;;;;;;;;;;;;;;;;;;;;;;;;;;;;;;;;;;;;;;;;;;;;;;;;;;;;;;;;;;;;;;;;;;;;;;;;;;;;;;;;;;;;;;;;;;;;;;;;;;;;;;;;;;;;;;;;;;;;;;;;;;;;;;;;;;;;;;;;;;;;;;;;;;;;;;;;;;;;;;;;;;;;;;;;;;;;;;;;;;;;;;;;;;;;;;;;;;;;;;72.00;;;;;;;;;;;;;;;;;;;;;;;;;;;;;;;;;;;37.00;36.00;37.00;;;;;;;;;;;;;;47.00;47.00;47.00;;;;41.80;;;;;;;;;;;786.70;2000.00;303.50;0.00;0.00;312.80;;;;;;;;;;;;;;;;;;;;;;2000.10;2000.10;1;1;;;;;;;;;;;;;;;;;;;;;;;;0.30;0;0;1.00;0.00;;;;;80.00;80.00;81.00;;88.00;88.00;88.00;;82.00;82.00;83.00;;;;;;;;;;;;;0;11.30;15.60;6.90;14.90;16.40;14.00;1855;2117;800;264;263;1549.70;;;30136986;4.00;;;;;;23.00
1576371000000;2019-12-15T01:50:00.000+0100;;;;;;;;;1.00;178.40;381.90;381.80;382.00;1617.00;1606.00;1605.00;0.80;;;;;0.80;0.80;;;;;;;;;1.0;;;;;;;;;;;;;;;;;;;;;;;;;;;;;;;;;;;;;;;;;;;;50.00;;;;;;;;;;;;;;;;;;;;;;;;;;;;;;;;;;;;;;37.00;53.00;37.00;6.00;;;;61.00;63.00;58.00;;;;;;;;;1648.70;1467.30;205.300;80.400;;;;;;;;;;;;;2000.100;0.000;;;;;;;;;;87.00;86.00;90.00;;;;;;;;;68600;;;;;;;;;;;;;;1808.400;;;;;;;;;;;;36.00;46.00;;;;;;;;;;;;;;0;0.00;0.00;;261.80;;3.00;-1.80;-4.30;;0.60;-0.40;;;;-3.90;;;;10.80;;;;1.30;10.50;5.80;14.80;1.60;10.30;5.90;13.70;1.50;-2.40;8.80;2.80;18.00;;;;14.00;;;;34.00;;;;;;;;40.00;;;;;;;;;;;;66.00;;;;;;;;;;;;;;;;;;;;;;;;;;;;;;;;;;;;;;;;;;;;;;;;;;;;;;;;;;;;;;;;;;;;;;;;;;;;;;;;;;;;;;;;;;;;;;;;;;;;;;;;;;;;;;;;;;;;;;;;;;;;;;;;;;;;;;;;;;;;;;;;;;;;;;;;;;;;;;;;;;;;;;;;;;;;;;;;;;;;;;;;;;;;;;;;;;;;;;;;;;;;;;;;;;;;;;72.00;;;;;;;;;;;;;;;;;;;;;;;;;;;;;;;;;;;37.00;36.00;37.00;;;;;;;;;;;;;;47.00;47.00;47.00;;;;33.40;;;;;;;;;;;815.00;2000.00;275.30;0.00;0.00;288.40;;;;;;;;;;;;;;;;;;;;;;2000.10;2000.10;1;1;;;;;;;;;;;;;;;;;;;;;;;;0.30;0;0;0.00;0.00;;;;;81.00;80.00;81.00;;89.00;88.00;89.00;;83.00;83.00;83.00;;;;;;;;;;;;;0;10.40;12.80;6.70;14.90;15.80;14.00;1835;2118;830;265;263;1549.40;;;30137290;5.00;;;;;;23.00
1576371600000;2019-12-15T02:00:00.000+0100;;;;;;;;;1.00;183.70;382.10;382.00;382.10;1665.00;1653.00;1652.00;1.10;;;;;1.20;1.10;;;;;;;;;1.0;;;;;;;;;;;;;;;;;;;;;;;;;;;;;;;;;;;;;;;;;;;;50.00;;;;;;;;;;;;;;;;;;;;;;;;;;;;;;;;;;;;;;37.00;53.00;37.00;6.00;;;;66.00;68.00;63.00;;;;;;;;;1696.50;1458.40;205.500;113.900;;;;;;;;;;;;;2000.100;0.000;;;;;;;;;;89.00;89.00;92.00;;;;;;;;;68600;;;;;;;;;;;;;;1864.100;;;;;;;;;;;;36.00;47.00;;;;;;;;;;;;;;0;0.00;0.00;;260.50;;3.00;-0.60;-0.60;;1.80;1.10;;;;-2.70;;;;11.00;;;;1.10;10.80;5.80;15.00;1.40;10.50;6.40;14.60;1.30;-2.40;8.30;2.70;18.00;;;;14.00;;;;32.00;;;;;;;;40.00;;;;;;;;;;;;66.00;;;;;;;;;;;;;;;;;;;;;;;;;;;;;;;;;;;;;;;;;;;;;;;;;;;;;;;;;;;;;;;;;;;;;;;;;;;;;;;;;;;;;;;;;;;;;;;;;;;;;;;;;;;;;;;;;;;;;;;;;;;;;;;;;;;;;;;;;;;;;;;;;;;;;;;;;;;;;;;;;;;;;;;;;;;;;;;;;;;;;;;;;;;;;;;;;;;;;;;;;;;;;;;;;;;;;;72.00;;;;;;;;;;;;;;;;;;;;;;;;;;;;;;;;;;;37.00;37.00;37.00;;;;;;;;;;;;;;47.00;47.00;47.00;;;;36.40;;;;;;;;;;;1163.80;2000.00;202.40;0.00;0.00;215.80;;;;;;;;;;;;;;;;;;;;;;2000.10;2000.10;1;1;;;;;;;;;;;;;;;;;;;;;;;;0.30;0;0;0.00;0.00;;;;;81.00;81.00;82.00;;89.00;89.00;90.00;;83.00;83.00;84.00;;;;;;;;;;;;;0;10.60;13.20;7.40;14.90;16.40;14.00;1889;2120;1167;264;263;1550.60;;;30137606;5.00;;;;;;24.00
1576372200000;2019-12-15T02:10:00.000+0100;;;;;;;;;1.00;177.70;381.70;381.40;381.70;1612.00;1601.00;1599.00;0.50;;;;;0.50;0.50;;;;;;;;;1.0;;;;;;;;;;;;;;;;;;;;;;;;;;;;;;;;;;;;;;;;;;;;50.00;;;;;;;;;;;;;;;;;;;;;;;;;;;;;;;;;;;;;;37.00;53.00;37.00;6.00;;;;70.00;72.00;66.00;;;;;;;;;1683.40;1474.20;205.200;110.400;;;;;;;;;;;;;2000.100;0.000;;;;;;;;;;90.00;90.00;93.00;;;;;;;;;68600;;;;;;;;;;;;;;1799.200;;;;;;;;;;;;37.00;47.00;;;;;;;;;;;;;;0;0.00;0.00;;264.30;;3.00;0.10;-6.50;;1.70;2.10;;;;-2.30;;;;10.70;;;;1.20;10.60;6.40;15.90;1.50;10.30;6.10;13.90;1.40;-2.50;8.20;2.50;18.00;;;;14.00;;;;31.00;;;;;;;;41.00;;;;;;;;;;;;66.00;;;;;;;;;;;;;;;;;;;;;;;;;;;;;;;;;;;;;;;;;;;;;;;;;;;;;;;;;;;;;;;;;;;;;;;;;;;;;;;;;;;;;;;;;;;;;;;;;;;;;;;;;;;;;;;;;;;;;;;;;;;;;;;;;;;;;;;;;;;;;;;;;;;;;;;;;;;;;;;;;;;;;;;;;;;;;;;;;;;;;;;;;;;;;;;;;;;;;;;;;;;;;;;;;;;;;;72.00;;;;;;;;;;;;;;;;;;;;;;;;;;;;;;;;;;;37.00;37.00;37.00;;;;;;;;;;;;;;47.00;47.00;47.00;;;;31.60;;;;;;;;;;;1124.20;2000.00;230.70;0.00;0.00;249.70;;;;;;;;;;;;;;;;;;;;;;2000.10;2000.10;1;1;;;;;;;;;;;;;;;;;;;;;;;;0.30;0;0;0.00;0.00;;;;;82.00;82.00;82.00;;90.00;90.00;90.00;;84.00;84.00;84.00;;;;;;;;;;;;;0;10.40;13.10;7.10;14.90;16.10;14.00;1827;2120;1136;263;263;1550.00;;;30137910;5.00;;;;;;24.00
1576372800000;2019-12-15T02:20:00.000+0100;;;;;;;;;1.00;184.40;382.30;382.30;382.50;1670.00;1658.00;1657.00;1.00;;;;;1.00;1.00;;;;;;;;;1.0;;;;;;;;;;;;;;;;;;;;;;;;;;;;;;;;;;;;;;;;;;;;50.00;;;;;;;;;;;;;;;;;;;;;;;;;;;;;;;;;;;;;;37.00;54.00;37.00;6.00;;;;73.00;75.00;69.00;;;;;;;;;1656.50;1465.50;205.700;124.400;;;;;;;;;;;;;2000.100;0.000;;;;;;;;;;91.00;91.00;94.00;;;;;;;;;68601;;;;;;;;;;;;;;1874.600;;;;;;;;;;;;38.00;48.00;;;;;;;;;;;;;;0;0.00;0.00;;263.50;;3.00;-1.00;-4.00;;0.70;0.30;;;;-2.70;;;;11.00;;;;0.90;10.80;7.50;15.90;1.30;10.50;6.80;14.50;1.20;-2.10;7.80;2.70;18.00;;;;14.00;;;;33.00;;;;;;;;41.00;;;;;;;;;;;;66.00;;;;;;;;;;;;;;;;;;;;;;;;;;;;;;;;;;;;;;;;;;;;;;;;;;;;;;;;;;;;;;;;;;;;;;;;;;;;;;;;;;;;;;;;;;;;;;;;;;;;;;;;;;;;;;;;;;;;;;;;;;;;;;;;;;;;;;;;;;;;;;;;;;;;;;;;;;;;;;;;;;;;;;;;;;;;;;;;;;;;;;;;;;;;;;;;;;;;;;;;;;;;;;;;;;;;;;72.00;;;;;;;;;;;;;;;;;;;;;;;;;;;;;;;;;;;37.00;37.00;37.00;;;;;;;;;;;;;;47.00;47.00;47.00;;;;29.80;;;;;;;;;;;1263.40;2000.00;162.80;0.00;0.00;176.50;;;;;;;;;;;;;;;;;;;;;;2000.10;2000.10;1;1;;;;;;;;;;;;;;;;;;;;;;;;0.30;0;0;0.00;1.00;;;;;83.00;82.00;83.00;;90.00;90.00;91.00;;85.00;84.00;85.00;;;;;;;;;;;;;0;10.70;13.20;8.80;14.90;15.80;14.00;1897;2112;1271;264;263;1551.80;;;30138224;5.00;;;;;;25.00
1576373400000;2019-12-15T02:30:00.000+0100;;;;;;;;;1.00;181.80;380.80;381.20;381.20;1652.00;1640.00;1640.00;1.00;;;;;1.00;1.00;;;;;;;;;1.0;;;;;;;;;;;;;;;;;;;;;;;;;;;;;;;;;;;;;;;;;;;;50.00;;;;;;;;;;;;;;;;;;;;;;;;;;;;;;;;;;;;;;37.00;54.00;37.00;6.00;;;;75.00;77.00;71.00;;;;;;;;;1676.20;1469.70;205.500;121.000;;;;;;;;;;;;;2000.100;0.000;;;;;;;;;;92.00;91.00;95.00;;;;;;;;;68601;;;;;;;;;;;;;;1841.300;;;;;;;;;;;;37.00;48.00;;;;;;;;;;;;;;0;0.00;0.00;;262.60;;3.00;-0.50;-1.30;;0.70;1.70;;;;-2.50;;;;10.90;;;;1.10;10.80;7.10;15.60;1.40;10.50;6.50;14.60;1.30;-2.50;8.60;2.70;18.00;;;;14.00;;;;33.00;;;;;;;;41.00;;;;;;;;;;;;66.00;;;;;;;;;;;;;;;;;;;;;;;;;;;;;;;;;;;;;;;;;;;;;;;;;;;;;;;;;;;;;;;;;;;;;;;;;;;;;;;;;;;;;;;;;;;;;;;;;;;;;;;;;;;;;;;;;;;;;;;;;;;;;;;;;;;;;;;;;;;;;;;;;;;;;;;;;;;;;;;;;;;;;;;;;;;;;;;;;;;;;;;;;;;;;;;;;;;;;;;;;;;;;;;;;;;;;;72.00;;;;;;;;;;;;;;;;;;;;;;;;;;;;;;;;;;;37.00;37.00;37.00;;;;;;;;;;;;;;47.00;47.00;47.00;;;;32.80;;;;;;;;;;;1226.00;2000.00;206.00;0.00;0.00;222.60;;;;;;;;;;;;;;;;;;;;;;2000.10;2000.10;1;1;;;;;;;;;;;;;;;;;;;;;;;;0.30;0;0;0.00;0.00;;;;;83.00;83.00;83.00;;91.00;91.00;91.00;;85.00;85.00;85.00;;;;;;;;;;;;;0;10.60;13.90;8.10;14.90;16.10;14.00;1870;2115;1245;263;263;1550.60;;;30138538;4.00;;;;;;22.00
1576374000000;2019-12-15T02:40:00.000+0100;;;;;;;;;1.00;161.80;381.00;381.40;381.40;1467.00;1457.00;1456.00;0.00;;;;;0.00;0.00;;;;;;;;;1.0;;;;;;;;;;;;;;;;;;;;;;;;;;;;;;;;;;;;;;;;;;;;50.00;;;;;;;;;;;;;;;;;;;;;;;;;;;;;;;;;;;;;;37.00;54.00;37.00;6.00;;;;76.00;79.00;72.00;;;;;;;;;1656.20;1406.10;205.100;46.700;;;;;;;;;;;;;2000.100;0.000;;;;;;;;;;92.00;91.00;95.00;;;;;;;;;68601;;;;;;;;;;;;;;1640.500;;;;;;;;;;;;37.00;48.00;;;;;;;;;;;;;;0;0.00;0.00;;262.10;;3.00;-0.60;-8.00;;1.10;1.30;;;;-2.90;;;;10.20;;;;1.50;10.00;5.40;15.10;1.70;9.80;5.70;14.80;1.60;-2.50;8.70;2.70;18.00;;;;14.00;;;;31.00;;;;;;;;41.00;;;;;;;;;;;;66.00;;;;;;;;;;;;;;;;;;;;;;;;;;;;;;;;;;;;;;;;;;;;;;;;;;;;;;;;;;;;;;;;;;;;;;;;;;;;;;;;;;;;;;;;;;;;;;;;;;;;;;;;;;;;;;;;;;;;;;;;;;;;;;;;;;;;;;;;;;;;;;;;;;;;;;;;;;;;;;;;;;;;;;;;;;;;;;;;;;;;;;;;;;;;;;;;;;;;;;;;;;;;;;;;;;;;;;72.00;;;;;;;;;;;;;;;;;;;;;;;;;;;;;;;;;;;37.00;36.00;37.00;;;;;;;;;;;;;;47.00;47.00;47.00;;;;34.60;;;;;;;;;;;455.00;2000.00;378.40;0.00;0.00;395.00;;;;;;;;;;;;;;;;;;;;;;2000.10;2000.10;1;1;;;;;;;;;;;;;;;;;;;;;;;;0.30;0;0;0.00;1.00;;;;;83.00;83.00;83.00;;91.00;91.00;92.00;;86.00;85.00;86.00;;;;;;;;;;;;;0;9.90;14.00;6.50;14.90;15.80;13.40;1663;2117;472;262;261;1546.40;;;30138814;4.00;;;;;;21.00
1576374600000;2019-12-15T02:50:00.000+0100;;;;;;;;;1.00;143.20;380.20;380.50;380.70;1302.00;1293.00;1291.00;-1.30;;;;;-1.30;-1.30;;;;;;;;;1.0;;;;;;;;;;;;;;;;;;;;;;;;;;;;;;;;;;;;;;;;;;;;50.00;;;;;;;;;;;;;;;;;;;;;;;;;;;;;;;;;;;;;;37.00;53.00;36.00;6.00;;;;75.00;77.00;71.00;;;;;;;;;1658.90;1395.10;205.100;35.000;;;;;;;;;;;;;2000.100;0.000;;;;;;;;;;90.00;89.00;93.00;;;;;;;;;68601;;;;;;;;;;;;;;1452.000;;;;;;;;;;;;37.00;48.00;;;;;;;;;;;;;;0;0.00;0.00;;259.20;;3.00;1.30;-14.30;;2.80;3.80;;;;-0.70;;;;9.50;;;;1.20;9.10;5.10;13.30;1.50;8.90;4.10;13.20;1.40;-2.50;6.40;1.70;18.00;;;;14.00;;;;33.00;;;;;;;;40.00;;;;;;;;;;;;66.00;;;;;;;;;;;;;;;;;;;;;;;;;;;;;;;;;;;;;;;;;;;;;;;;;;;;;;;;;;;;;;;;;;;;;;;;;;;;;;;;;;;;;;;;;;;;;;;;;;;;;;;;;;;;;;;;;;;;;;;;;;;;;;;;;;;;;;;;;;;;;;;;;;;;;;;;;;;;;;;;;;;;;;;;;;;;;;;;;;;;;;;;;;;;;;;;;;;;;;;;;;;;;;;;;;;;;;73.00;;;;;;;;;;;;;;;;;;;;;;;;;;;;;;;;;;;36.00;36.00;37.00;;;;;;;;;;;;;;47.00;46.00;47.00;;;;42.40;;;;;;;;;;;359.20;2000.00;369.40;0.00;0.00;395.50;;;;;;;;;;;;;;;;;;;;;;2000.10;2000.10;1;1;;;;;;;;;;;;;;;;;;;;;;;;0.30;0;0;0.00;0.00;;;;;84.00;83.00;84.00;;92.00;92.00;92.00;;86.00;86.00;86.00;;;;;;;;;;;;;0;9.00;12.20;5.70;14.60;15.80;13.40;1472;2113;360;257;258;1537.10;;;30139062;4.00;;;;;;20.00
1576375200000;2019-12-15T03:00:00.000+0100;;;;;;;;;1.00;145.70;379.80;379.50;380.00;1327.00;1318.00;1316.00;-1.40;;;;;-1.40;-1.40;;;;;;;;;1.0;;;;;;;;;;;;;;;;;;;;;;;;;;;;;;;;;;;;;;;;;;;;50.00;;;;;;;;;;;;;;;;;;;;;;;;;;;;;;;;;;;;;;37.00;53.00;36.00;6.00;;;;73.00;76.00;70.00;;;;;;;;;1649.90;1304.10;205.200;53.600;;;;;;;;;;;;;2000.100;0.000;;;;;;;;;;88.00;88.00;92.00;;;;;;;;;68601;;;;;;;;;;;;;;1472.400;;;;;;;;;;;;37.00;48.00;;;;;;;;;;;;;;0;0.00;0.00;;260.20;;3.00;0.90;-0.50;;1.40;2.80;;;;-0.40;;;;9.60;;;;1.30;9.20;4.40;14.70;1.70;9.00;5.00;13.10;1.40;-2.40;7.60;1.80;18.00;;;;14.00;;;;34.00;;;;;;;;40.00;;;;;;;;;;;;65.00;;;;;;;;;;;;;;;;;;;;;;;;;;;;;;;;;;;;;;;;;;;;;;;;;;;;;;;;;;;;;;;;;;;;;;;;;;;;;;;;;;;;;;;;;;;;;;;;;;;;;;;;;;;;;;;;;;;;;;;;;;;;;;;;;;;;;;;;;;;;;;;;;;;;;;;;;;;;;;;;;;;;;;;;;;;;;;;;;;;;;;;;;;;;;;;;;;;;;;;;;;;;;;;;;;;;;;72.00;;;;;;;;;;;;;;;;;;;;;;;;;;;;;;;;;;;36.00;36.00;37.00;;;;;;;;;;;;;;47.00;46.00;47.00;;;;56.70;;;;;;;;;;;543.00;2000.00;361.70;0.00;0.00;390.00;;;;;;;;;;;;;;;;;;;;;;2000.10;2000.10;1;1;;;;;;;;;;;;;;;;;;;;;;;;0.60;0;0;0.00;1.00;;;;;84.00;84.00;84.00;;92.00;92.00;92.00;;86.00;86.00;86.00;;;;;;;;;;;;;0;9.10;12.60;5.70;14.60;15.80;12.50;1498;2110;557;259;259;1530.60;;;30139310;4.00;;;;;;23.00
1576375800000;2019-12-15T03:10:00.000+0100;;;;;;;;;1.00;120.00;380.20;379.90;380.30;1091.00;1083.00;1083.00;-2.00;;;;;-2.00;-2.00;;;;;;;;;1.0;;;;;;;;;;;;;;;;;;;;;;;;;;;;;;;;;;;;;;;;;;;;50.00;;;;;;;;;;;;;;;;;;;;;;;;;;;;;;;;;;;;;;38.00;53.00;36.00;6.00;;;;73.00;75.00;70.00;;;;;;;;;1624.00;1152.80;205.500;36.200;;;;;;;;;;;;;2000.100;0.000;;;;;;;;;;87.00;86.00;90.00;;;;;;;;;68601;;;;;;;;;;;;;;1223.200;;;;;;;;;;;;37.00;48.00;;;;;;;;;;;;;;0;0.00;0.00;;262.40;;3.00;-1.00;-3.40;;0.80;0.40;;;;-2.40;;;;8.80;;;;1.40;8.30;4.50;12.70;1.60;8.10;3.40;11.40;1.50;-2.40;3.10;0.60;18.00;;;;14.00;;;;32.00;;;;;;;;40.00;;;;;;;;;;;;65.00;;;;;;;;;;;;;;;;;;;;;;;;;;;;;;;;;;;;;;;;;;;;;;;;;;;;;;;;;;;;;;;;;;;;;;;;;;;;;;;;;;;;;;;;;;;;;;;;;;;;;;;;;;;;;;;;;;;;;;;;;;;;;;;;;;;;;;;;;;;;;;;;;;;;;;;;;;;;;;;;;;;;;;;;;;;;;;;;;;;;;;;;;;;;;;;;;;;;;;;;;;;;;;;;;;;;;;72.00;;;;;;;;;;;;;;;;;;;;;;;;;;;;;;;;;;;36.00;36.00;37.00;;;;;;;;;;;;;;46.00;46.00;47.00;;;;119.10;;;;;;;;;;;370.30;2000.00;450.00;0.00;0.00;464.80;;;;;;;;;;;;;;;;;;;;;;2000.10;2000.10;1;1;;;;;;;;;;;;;;;;;;;;;;;;1.20;0;0;0.00;0.00;;;;;84.00;84.00;85.00;;92.00;92.00;93.00;;87.00;86.00;87.00;;;;;;;;;;;;;0;8.20;10.60;4.90;14.30;15.50;11.00;1234;2112;378;260;259;1477.50;;;30139516;4.00;;;;;;24.00
1576376400000;2019-12-15T03:20:00.000+0100;;;;;;;;;1.00;62.00;380.20;380.60;380.80;563.00;560.00;559.00;-2.10;;;;;-2.10;-2.10;;;;;;;;;1.0;;;;;;;;;;;;;;;;;;;;;;;;;;;;;;;;;;;;;;;;;;;;50.00;;;;;;;;;;;;;;;;;;;;;;;;;;;;;;;;;;;;;;38.00;51.00;36.00;6.00;;;;69.00;71.00;66.00;;;;;;;;;1546.10;1014.30;109.900;24.400;;;;;;;;;;;;;2000.100;0.000;;;;;;;;;;82.00;81.00;85.00;;;;;;;;;68602;;;;;;;;;;;;;;637.100;;;;;;;;;;;;38.00;48.00;;;;;;;;;;;;;;0;0.00;0.00;;257.20;;3.00;-1.10;-19.10;;3.40;0.70;;;;-3.40;;;;7.10;;;;0.80;6.70;3.60;10.00;1.10;6.60;3.40;10.00;1.10;-2.30;-1.90;0.10;18.00;;;;14.00;;;;31.00;;;;;;;;40.00;;;;;;;;;;;;63.00;;;;;;;;;;;;;;;;;;;;;;;;;;;;;;;;;;;;;;;;;;;;;;;;;;;;;;;;;;;;;;;;;;;;;;;;;;;;;;;;;;;;;;;;;;;;;;;;;;;;;;;;;;;;;;;;;;;;;;;;;;;;;;;;;;;;;;;;;;;;;;;;;;;;;;;;;;;;;;;;;;;;;;;;;;;;;;;;;;;;;;;;;;;;;;;;;;;;;;;;;;;;;;;;;;;;;;70.00;;;;;;;;;;;;;;;;;;;;;;;;;;;;;;;;;;;36.00;36.00;36.00;;;;;;;;;;;;;;46.00;45.00;46.00;;;;103.00;;;;;;;;;;;241.00;1145.90;196.90;0.00;0.00;196.50;;;;;;;;;;;;;;;;;;;;;;2000.10;2000.10;1;1;;;;;;;;;;;;;;;;;;;;;;;;0.90;0;0;0.00;0.00;;;;;84.00;84.00;85.00;;92.00;92.00;93.00;;87.00;87.00;87.00;;;;;;;;;;;;;0;6.70;8.90;4.50;12.50;14.90;9.80;637;1119;253;258;257;1319.60;;;30139624;4.00;;;;;;23.00
1576377000000;2019-12-15T03:30:00.000+0100;;;;;;;;;1.00;41.50;377.40;377.80;377.90;382.00;378.00;376.00;-2.10;;;;;-2.10;-2.10;;;;;;;;;1.0;;;;;;;;;;;;;;;;;;;;;;;;;;;;;;;;;;;;;;;;;;;;50.00;;;;;;;;;;;;;;;;;;;;;;;;;;;;;;;;;;;;;;38.00;52.00;35.00;6.00;;;;63.00;65.00;60.00;;;;;;;;;1288.00;910.80;66.600;18.900;;;;;;;;;;;;;2000.100;0.000;;;;;;;;;;76.00;75.00;79.00;;;;;;;;;68602;;;;;;;;;;;;;;426.200;;;;;;;;;;;;37.00;47.00;;;;;;;;;;;;;;0;0.00;0.00;;254.80;;3.00;1.00;-13.00;;3.10;2.70;;;;-0.80;;;;6.30;;;;0.60;5.80;2.80;9.90;1.00;5.70;2.70;8.60;0.90;-2.20;-1.90;0.10;18.00;;;;14.00;;;;33.00;;;;;;;;39.00;;;;;;;;;;;;61.00;;;;;;;;;;;;;;;;;;;;;;;;;;;;;;;;;;;;;;;;;;;;;;;;;;;;;;;;;;;;;;;;;;;;;;;;;;;;;;;;;;;;;;;;;;;;;;;;;;;;;;;;;;;;;;;;;;;;;;;;;;;;;;;;;;;;;;;;;;;;;;;;;;;;;;;;;;;;;;;;;;;;;;;;;;;;;;;;;;;;;;;;;;;;;;;;;;;;;;;;;;;;;;;;;;;;;;66.00;;;;;;;;;;;;;;;;;;;;;;;;;;;;;;;;;;;36.00;35.00;36.00;;;;;;;;;;;;;;45.00;44.00;45.00;;;;77.00;;;;;;;;;;;197.00;689.70;86.00;0.00;0.00;85.60;;;;;;;;;;;;;;;;;;;;;;2000.10;2000.10;1;1;;;;;;;;;;;;;;;;;;;;;;;;0.60;0;0;0.00;0.00;;;;;84.00;84.00;84.00;;92.00;92.00;92.00;;86.00;86.00;87.00;;;;;;;;;;;;;0;5.70;7.70;3.90;10.70;12.20;8.70;426;684;202;252;252;1131.00;;;30139692;4.00;;;;;;22.00
1576377600000;2019-12-15T03:40:00.000+0100;;;;;;;;;1.00;46.40;373.90;374.40;374.60;430.00;426.00;425.00;-2.10;;;;;-2.10;-2.10;;;;;;;;;1.0;;;;;;;;;;;;;;;;;;;;;;;;;;;;;;;;;;;;;;;;;;;;50.00;;;;;;;;;;;;;;;;;;;;;;;;;;;;;;;;;;;;;;37.00;54.00;35.00;6.00;;;;58.00;60.00;55.00;;;;;;;;;1442.20;1015.50;94.800;23.000;;;;;;;;;;;;;2000.100;0.000;;;;;;;;;;73.00;72.00;76.00;;;;;;;;;68602;;;;;;;;;;;;;;476.900;;;;;;;;;;;;36.00;45.00;;;;;;;;;;;;;;0;0.00;0.00;;253.10;;3.00;0.60;-2.00;;0.90;0.90;;;;-0.30;;;;6.50;;;;0.70;6.10;3.40;9.30;1.00;6.00;3.70;8.90;0.90;-2.20;-1.90;0.10;18.00;;;;14.00;;;;34.00;;;;;;;;39.00;;;;;;;;;;;;61.00;;;;;;;;;;;;;;;;;;;;;;;;;;;;;;;;;;;;;;;;;;;;;;;;;;;;;;;;;;;;;;;;;;;;;;;;;;;;;;;;;;;;;;;;;;;;;;;;;;;;;;;;;;;;;;;;;;;;;;;;;;;;;;;;;;;;;;;;;;;;;;;;;;;;;;;;;;;;;;;;;;;;;;;;;;;;;;;;;;;;;;;;;;;;;;;;;;;;;;;;;;;;;;;;;;;;;;65.00;;;;;;;;;;;;;;;;;;;;;;;;;;;;;;;;;;;35.00;35.00;36.00;;;;;;;;;;;;;;44.00;44.00;45.00;;;;109.50;;;;;;;;;;;233.50;978.30;143.00;0.00;0.00;142.70;;;;;;;;;;;;;;;;;;;;;;2000.10;2000.10;1;1;;;;;;;;;;;;;;;;;;;;;;;;1.20;0;0;0.00;0.00;;;;;84.00;83.00;84.00;;92.00;92.00;92.00;;86.00;86.00;86.00;;;;;;;;;;;;;0;6.10;8.20;4.60;11.60;13.70;9.80;477;973;237;251;252;1199.30;;;30139772;4.00;;;;;;22.00
1576378200000;2019-12-15T03:50:00.000+0100;;;;;;;;;1.00;62.30;374.90;375.40;375.70;575.00;571.00;570.00;-2.10;;;;;-2.10;-2.10;;;;;;;;;1.0;;;;;;;;;;;;;;;;;;;;;;;;;;;;;;;;;;;;;;;;;;;;50.00;;;;;;;;;;;;;;;;;;;;;;;;;;;;;;;;;;;;;;37.00;54.00;36.00;6.00;;;;53.00;56.00;51.00;;;;;;;;;1555.30;1127.70;105.000;30.100;;;;;;;;;;;;;2000.100;0.000;;;;;;;;;;71.00;71.00;74.00;;;;;;;;;68602;;;;;;;;;;;;;;640.600;;;;;;;;;;;;35.00;45.00;;;;;;;;;;;;;;0;0.00;0.00;;252.50;;3.00;-0.50;-13.30;;2.70;0.90;;;;-1.00;;;;7.10;;;;0.80;6.80;3.70;11.10;1.20;6.50;3.90;11.00;1.00;-2.40;-1.80;0.10;18.00;;;;14.00;;;;31.00;;;;;;;;39.00;;;;;;;;;;;;62.00;;;;;;;;;;;;;;;;;;;;;;;;;;;;;;;;;;;;;;;;;;;;;;;;;;;;;;;;;;;;;;;;;;;;;;;;;;;;;;;;;;;;;;;;;;;;;;;;;;;;;;;;;;;;;;;;;;;;;;;;;;;;;;;;;;;;;;;;;;;;;;;;;;;;;;;;;;;;;;;;;;;;;;;;;;;;;;;;;;;;;;;;;;;;;;;;;;;;;;;;;;;;;;;;;;;;;;66.00;;;;;;;;;;;;;;;;;;;;;;;;;;;;;;;;;;;36.00;35.00;36.00;;;;;;;;;;;;;;45.00;44.00;45.00;;;;107.70;;;;;;;;;;;303.60;1094.60;152.70;0.00;0.00;152.40;;;;;;;;;;;;;;;;;;;;;;2000.10;2000.10;1;1;;;;;;;;;;;;;;;;;;;;;;;;0.90;0;0;0.00;0.00;;;;;83.00;83.00;83.00;;91.00;91.00;92.00;;86.00;85.00;86.00;;;;;;;;;;;;;0;6.70;10.10;4.90;12.50;14.90;10.70;640;1076;306;248;248;1314.50;;;30139880;4.00;;;;;;21.00
1576378800000;2019-12-15T04:00:00.000+0100;;;;;;;;;1.00;53.20;379.20;379.50;379.70;487.00;482.00;480.00;-2.10;;;;;-2.10;-2.10;;;;;;;;;1.0;;;;;;;;;;;;;;;;;;;;;;;;;;;;;;;;;;;;;;;;;;;;50.00;;;;;;;;;;;;;;;;;;;;;;;;;;;;;;;;;;;;;;37.00;54.00;35.00;6.00;;;;50.00;53.00;49.00;;;;;;;;;1533.60;1068.90;87.700;23.400;;;;;;;;;;;;;2000.100;0.000;;;;;;;;;;70.00;70.00;73.00;;;;;;;;;68602;;;;;;;;;;;;;;547.100;;;;;;;;;;;;34.00;44.00;;;;;;;;;;;;;;0;0.00;0.00;;245.80;;3.00;0.00;-3.40;;2.20;1.30;;;;-1.50;;;;6.80;;;;0.90;6.70;3.80;12.40;1.20;6.40;3.50;11.60;1.10;-2.30;-1.80;0.10;18.00;;;;14.00;;;;32.00;;;;;;;;39.00;;;;;;;;;;;;62.00;;;;;;;;;;;;;;;;;;;;;;;;;;;;;;;;;;;;;;;;;;;;;;;;;;;;;;;;;;;;;;;;;;;;;;;;;;;;;;;;;;;;;;;;;;;;;;;;;;;;;;;;;;;;;;;;;;;;;;;;;;;;;;;;;;;;;;;;;;;;;;;;;;;;;;;;;;;;;;;;;;;;;;;;;;;;;;;;;;;;;;;;;;;;;;;;;;;;;;;;;;;;;;;;;;;;;;67.00;;;;;;;;;;;;;;;;;;;;;;;;;;;;;;;;;;;36.00;35.00;36.00;;;;;;;;;;;;;;45.00;45.00;45.00;;;;105.60;;;;;;;;;;;231.70;913.50;120.50;0.00;0.00;120.20;;;;;;;;;;;;;;;;;;;;;;2000.10;2000.10;1;1;;;;;;;;;;;;;;;;;;;;;;;;0.90;0;0;0.00;0.00;;;;;83.00;83.00;83.00;;91.00;91.00;91.00;;85.00;85.00;86.00;;;;;;;;;;;;;0;6.50;9.90;4.20;12.20;14.60;10.10;547;904;239;249;249;1278.10;;;30139970;4.00;;;;;;21.00
1576379400000;2019-12-15T04:10:00.000+0100;;;;;;;;;1.00;62.00;378.50;378.90;379.20;567.00;563.00;563.00;-2.10;;;;;-2.10;-2.10;;;;;;;;;1.0;;;;;;;;;;;;;;;;;;;;;;;;;;;;;;;;;;;;;;;;;;;;50.00;;;;;;;;;;;;;;;;;;;;;;;;;;;;;;;;;;;;;;37.00;54.00;36.00;6.00;;;;48.00;50.00;46.00;;;;;;;;;1562.50;1026.00;111.800;32.100;;;;;;;;;;;;;2000.100;0.000;;;;;;;;;;70.00;70.00;72.00;;;;;;;;;68602;;;;;;;;;;;;;;637.100;;;;;;;;;;;;34.00;43.00;;;;;;;;;;;;;;0;0.00;0.00;;248.90;;3.00;-0.30;-0.40;;1.90;1.50;;;;-1.50;;;;7.10;;;;1.20;6.90;3.40;12.00;1.40;6.70;2.90;10.90;1.40;-2.40;-1.80;0.10;18.00;;;;14.00;;;;34.00;;;;;;;;39.00;;;;;;;;;;;;62.00;;;;;;;;;;;;;;;;;;;;;;;;;;;;;;;;;;;;;;;;;;;;;;;;;;;;;;;;;;;;;;;;;;;;;;;;;;;;;;;;;;;;;;;;;;;;;;;;;;;;;;;;;;;;;;;;;;;;;;;;;;;;;;;;;;;;;;;;;;;;;;;;;;;;;;;;;;;;;;;;;;;;;;;;;;;;;;;;;;;;;;;;;;;;;;;;;;;;;;;;;;;;;;;;;;;;;;67.00;;;;;;;;;;;;;;;;;;;;;;;;;;;;;;;;;;;36.00;35.00;36.00;;;;;;;;;;;;;;45.00;44.00;45.00;;;;134.60;;;;;;;;;;;327.00;1159.60;162.90;0.00;0.00;162.60;;;;;;;;;;;;;;;;;;;;;;2000.10;2000.10;1;1;;;;;;;;;;;;;;;;;;;;;;;;1.20;0;0;0.00;0.00;;;;;82.00;82.00;83.00;;91.00;90.00;91.00;;85.00;85.00;85.00;;;;;;;;;;;;;0;6.80;10.30;4.10;12.50;14.90;9.80;637;1149;332;246;246;1308.60;;;30140078;4.00;;;;;;21.00
1576380000000;2019-12-15T04:20:00.000+0100;;;;;;;;;1.00;67.20;377.50;378.00;378.20;616.00;612.00;610.00;-2.10;;;;;-2.10;-2.10;;;;;;;;;1.0;;;;;;;;;;;;;;;;;;;;;;;;;;;;;;;;;;;;;;;;;;;;50.00;;;;;;;;;;;;;;;;;;;;;;;;;;;;;;;;;;;;;;37.00;55.00;36.00;6.00;;;;46.00;48.00;44.00;;;;;;;;;1533.30;1070.70;100.900;35.700;;;;;;;;;;;;;2000.100;0.000;;;;;;;;;;71.00;70.00;73.00;;;;;;;;;68603;;;;;;;;;;;;;;690.800;;;;;;;;;;;;33.00;43.00;;;;;;;;;;;;;;0;0.00;0.00;;243.40;;3.00;-0.20;-0.40;;2.70;0.60;;;;-1.80;;;;7.30;;;;0.90;6.90;3.00;11.00;1.20;6.60;3.40;10.80;1.20;-2.20;-1.70;0.10;18.00;;;;14.00;;;;33.00;;;;;;;;39.00;;;;;;;;;;;;63.00;;;;;;;;;;;;;;;;;;;;;;;;;;;;;;;;;;;;;;;;;;;;;;;;;;;;;;;;;;;;;;;;;;;;;;;;;;;;;;;;;;;;;;;;;;;;;;;;;;;;;;;;;;;;;;;;;;;;;;;;;;;;;;;;;;;;;;;;;;;;;;;;;;;;;;;;;;;;;;;;;;;;;;;;;;;;;;;;;;;;;;;;;;;;;;;;;;;;;;;;;;;;;;;;;;;;;;68.00;;;;;;;;;;;;;;;;;;;;;;;;;;;;;;;;;;;36.00;35.00;36.00;;;;;;;;;;;;;;45.00;45.00;45.00;;;;97.60;;;;;;;;;;;358.60;1049.90;118.80;0.00;0.00;118.10;;;;;;;;;;;;;;;;;;;;;;2000.10;2000.10;1;1;;;;;;;;;;;;;;;;;;;;;;;;0.90;0;0;0.00;0.00;;;;;82.00;82.00;82.00;;90.00;90.00;90.00;;85.00;84.00;85.00;;;;;;;;;;;;;0;6.70;9.30;4.60;12.80;14.60;10.10;691;1032;364;246;246;1326.20;;;30140192;4.00;;;;;;20.00
1576380600000;2019-12-15T04:30:00.000+0100;;;;;;;;;1.00;64.30;376.70;376.70;377.10;591.00;586.00;585.00;-2.10;;;;;-2.10;-2.10;;;;;;;;;1.0;;;;;;;;;;;;;;;;;;;;;;;;;;;;;;;;;;;;;;;;;;;;50.00;;;;;;;;;;;;;;;;;;;;;;;;;;;;;;;;;;;;;;37.00;55.00;36.00;6.00;;;;44.00;47.00;43.00;;;;;;;;;1544.60;1005.10;104.800;28.400;;;;;;;;;;;;;2000.100;0.000;;;;;;;;;;71.00;71.00;73.00;;;;;;;;;68603;;;;;;;;;;;;;;660.700;;;;;;;;;;;;32.00;42.00;;;;;;;;;;;;;;0;0.00;0.00;;244.70;;3.00;1.10;-18.10;;3.30;3.30;;;;-0.10;;;;7.20;;;;1.20;7.10;3.30;11.40;1.50;6.80;3.50;11.20;1.50;-2.30;-1.50;0.10;17.00;;;;14.00;;;;31.00;;;;;;;;39.00;;;;;;;;;;;;63.00;;;;;;;;;;;;;;;;;;;;;;;;;;;;;;;;;;;;;;;;;;;;;;;;;;;;;;;;;;;;;;;;;;;;;;;;;;;;;;;;;;;;;;;;;;;;;;;;;;;;;;;;;;;;;;;;;;;;;;;;;;;;;;;;;;;;;;;;;;;;;;;;;;;;;;;;;;;;;;;;;;;;;;;;;;;;;;;;;;;;;;;;;;;;;;;;;;;;;;;;;;;;;;;;;;;;;;69.00;;;;;;;;;;;;;;;;;;;;;;;;;;;;;;;;;;;36.00;35.00;36.00;;;;;;;;;;;;;;45.00;45.00;46.00;;;;134.60;;;;;;;;;;;290.40;1087.50;174.60;0.00;0.00;174.30;;;;;;;;;;;;;;;;;;;;;;2000.10;2000.10;1;1;;;;;;;;;;;;;;;;;;;;;;;;1.20;0;0;0.00;0.00;;;;;82.00;82.00;82.00;;90.00;90.00;90.00;;84.00;84.00;84.00;;;;;;;;;;;;;0;6.90;10.10;4.50;12.80;14.90;9.50;661;1074;302;240;241;1349.10;;;30140302;4.00;;;;;;21.00
1576381200000;2019-12-15T04:40:00.000+0100;;;;;;;;;1.00;67.60;378.00;377.70;378.20;620.00;615.00;614.00;-2.10;;;;;-2.10;-2.10;;;;;;;;;1.0;;;;;;;;;;;;;;;;;;;;;;;;;;;;;;;;;;;;;;;;;;;;50.00;;;;;;;;;;;;;;;;;;;;;;;;;;;;;;;;;;;;;;37.00;55.00;36.00;6.00;;;;43.00;46.00;42.00;;;;;;;;;1556.80;1109.50;120.900;30.900;;;;;;;;;;;;;2000.100;0.000;;;;;;;;;;71.00;70.00;73.00;;;;;;;;;68603;;;;;;;;;;;;;;695.300;;;;;;;;;;;;33.00;42.00;;;;;;;;;;;;;;0;0.00;0.00;;242.30;;3.00;-1.40;-7.30;;0.80;0.90;;;;-2.90;;;;7.30;;;;1.20;7.20;3.10;11.40;1.50;6.90;3.30;10.50;1.40;-2.40;-1.60;0.20;17.00;;;;13.00;;;;33.00;;;;;;;;39.00;;;;;;;;;;;;63.00;;;;;;;;;;;;;;;;;;;;;;;;;;;;;;;;;;;;;;;;;;;;;;;;;;;;;;;;;;;;;;;;;;;;;;;;;;;;;;;;;;;;;;;;;;;;;;;;;;;;;;;;;;;;;;;;;;;;;;;;;;;;;;;;;;;;;;;;;;;;;;;;;;;;;;;;;;;;;;;;;;;;;;;;;;;;;;;;;;;;;;;;;;;;;;;;;;;;;;;;;;;;;;;;;;;;;;68.00;;;;;;;;;;;;;;;;;;;;;;;;;;;;;;;;;;;36.00;35.00;36.00;;;;;;;;;;;;;;45.00;45.00;46.00;;;;116.10;;;;;;;;;;;309.00;1245.60;162.40;0.00;0.00;162.00;;;;;;;;;;;;;;;;;;;;;;2000.10;2000.10;1;1;;;;;;;;;;;;;;;;;;;;;;;;1.20;0;0;0.00;0.00;;;;;82.00;82.00;82.00;;90.00;90.00;90.00;;84.00;84.00;84.00;;;;;;;;;;;;;0;7.00;10.00;4.80;12.80;14.90;10.70;695;1238;320;241;240;1350.60;;;30140418;4.00;;;;;;25.00
1576381800000;2019-12-15T04:50:00.000+0100;;;;;;;;;1.00;71.60;378.40;378.70;379.00;655.00;648.00;649.00;-2.10;;;;;-2.10;-2.10;;;;;;;;;1.0;;;;;;;;;;;;;;;;;;;;;;;;;;;;;;;;;;;;;;;;;;;;50.00;;;;;;;;;;;;;;;;;;;;;;;;;;;;;;;;;;;;;;37.00;55.00;36.00;6.00;;;;43.00;46.00;42.00;;;;;;;;;1562.80;1106.50;111.200;35.300;;;;;;;;;;;;;2000.100;0.000;;;;;;;;;;72.00;71.00;74.00;;;;;;;;;68603;;;;;;;;;;;;;;735.600;;;;;;;;;;;;34.00;43.00;;;;;;;;;;;;;;0;0.00;0.00;;240.30;;3.00;0.80;-7.40;;1.60;1.40;;;;-1.10;;;;7.40;;;;1.10;7.40;2.90;12.20;1.40;7.10;3.70;11.30;1.40;-2.40;-1.80;0.10;17.00;;;;13.00;;;;34.00;;;;;;;;39.00;;;;;;;;;;;;64.00;;;;;;;;;;;;;;;;;;;;;;;;;;;;;;;;;;;;;;;;;;;;;;;;;;;;;;;;;;;;;;;;;;;;;;;;;;;;;;;;;;;;;;;;;;;;;;;;;;;;;;;;;;;;;;;;;;;;;;;;;;;;;;;;;;;;;;;;;;;;;;;;;;;;;;;;;;;;;;;;;;;;;;;;;;;;;;;;;;;;;;;;;;;;;;;;;;;;;;;;;;;;;;;;;;;;;;70.00;;;;;;;;;;;;;;;;;;;;;;;;;;;;;;;;;;;36.00;35.00;36.00;;;;;;;;;;;;;;46.00;45.00;46.00;;;;105.30;;;;;;;;;;;356.90;1164.20;142.70;0.00;0.00;142.10;;;;;;;;;;;;;;;;;;;;;;2000.10;2000.10;1;1;;;;;;;;;;;;;;;;;;;;;;;;0.90;0;0;0.00;0.00;;;;;81.00;81.00;82.00;;90.00;89.00;90.00;;84.00;84.00;84.00;;;;;;;;;;;;;0;7.20;10.10;5.00;13.40;14.90;10.70;736;1146;362;241;242;1395.70;;;30140542;4.00;;;;;;22.00
1576382400000;2019-12-15T05:00:00.000+0100;;;;;;;;;1.00;97.70;378.80;379.00;379.30;892.00;887.00;884.00;-2.20;;;;;-2.20;-2.20;;;;;;;;;1.0;;;;;;;;;;;;;;;;;;;;;;;;;;;;;;;;;;;;;;;;;;;;50.00;;;;;;;;;;;;;;;;;;;;;;;;;;;;;;;;;;;;;;37.00;56.00;36.00;5.00;;;;43.00;45.00;41.00;;;;;;;;;1571.20;1239.90;166.200;44.900;;;;;;;;;;;;;2000.100;0.000;;;;;;;;;;74.00;73.00;76.00;;;;;;;;;68603;;;;;;;;;;;;;;1004.700;;;;;;;;;;;;33.00;42.00;;;;;;;;;;;;;;0;0.00;0.00;;239.70;;3.00;0.00;-5.80;;1.00;1.30;;;;-1.60;;;;8.20;;;;1.20;8.00;4.30;12.90;1.50;7.80;3.50;11.40;1.50;-2.40;-1.90;0.10;17.00;;;;13.00;;;;31.00;;;;;;;;39.00;;;;;;;;;;;;65.00;;;;;;;;;;;;;;;;;;;;;;;;;;;;;;;;;;;;;;;;;;;;;;;;;;;;;;;;;;;;;;;;;;;;;;;;;;;;;;;;;;;;;;;;;;;;;;;;;;;;;;;;;;;;;;;;;;;;;;;;;;;;;;;;;;;;;;;;;;;;;;;;;;;;;;;;;;;;;;;;;;;;;;;;;;;;;;;;;;;;;;;;;;;;;;;;;;;;;;;;;;;;;;;;;;;;;;71.00;;;;;;;;;;;;;;;;;;;;;;;;;;;;;;;;;;;36.00;36.00;36.00;;;;;;;;;;;;;;46.00;46.00;46.00;;;;83.60;;;;;;;;;;;457.10;1726.00;203.80;0.00;0.00;203.30;;;;;;;;;;;;;;;;;;;;;;2000.10;2000.10;1;1;;;;;;;;;;;;;;;;;;;;;;;;0.90;0;0;0.00;0.00;;;;;81.00;81.00;81.00;;89.00;89.00;89.00;;84.00;83.00;84.00;;;;;;;;;;;;;0;7.90;10.70;5.50;14.00;15.20;11.90;1005;1707;471;241;241;1473.00;;;30140708;3.00;;;;;;21.00
1576383000000;2019-12-15T05:10:00.000+0100;;;;;;;;;1.00;73.60;377.10;376.70;377.20;676.00;671.00;670.00;-2.10;;;;;-2.10;-2.10;;;;;;;;;1.0;;;;;;;;;;;;;;;;;;;;;;;;;;;;;;;;;;;;;;;;;;;;50.00;;;;;;;;;;;;;;;;;;;;;;;;;;;;;;;;;;;;;;37.00;56.00;36.00;5.00;;;;43.00;45.00;41.00;;;;;;;;;1553.60;1154.00;110.300;43.300;;;;;;;;;;;;;2000.100;0.000;;;;;;;;;;74.00;73.00;76.00;;;;;;;;;68603;;;;;;;;;;;;;;756.400;;;;;;;;;;;;33.00;42.00;;;;;;;;;;;;;;0;0.00;0.00;;242.90;;3.00;-0.40;-0.50;;0.90;0.20;;;;-1.80;;;;7.50;;;;1.20;7.40;3.70;11.60;1.50;7.20;2.70;11.70;1.50;-2.30;-1.80;0.10;17.00;;;;13.00;;;;32.00;;;;;;;;39.00;;;;;;;;;;;;64.00;;;;;;;;;;;;;;;;;;;;;;;;;;;;;;;;;;;;;;;;;;;;;;;;;;;;;;;;;;;;;;;;;;;;;;;;;;;;;;;;;;;;;;;;;;;;;;;;;;;;;;;;;;;;;;;;;;;;;;;;;;;;;;;;;;;;;;;;;;;;;;;;;;;;;;;;;;;;;;;;;;;;;;;;;;;;;;;;;;;;;;;;;;;;;;;;;;;;;;;;;;;;;;;;;;;;;;70.00;;;;;;;;;;;;;;;;;;;;;;;;;;;;;;;;;;;36.00;36.00;36.00;;;;;;;;;;;;;;46.00;46.00;46.00;;;;96.70;;;;;;;;;;;437.50;1143.70;138.30;0.00;0.00;137.80;;;;;;;;;;;;;;;;;;;;;;2000.10;2000.10;1;1;;;;;;;;;;;;;;;;;;;;;;;;0.90;0;0;0.00;0.00;;;;;81.00;81.00;81.00;;89.00;89.00;89.00;;83.00;83.00;84.00;;;;;;;;;;;;;0;7.30;10.40;5.00;13.40;14.90;11.00;757;1133;446;241;240;1402.00;;;30140834;4.00;;;;;;23.00
1576383600000;2019-12-15T05:20:00.000+0100;;;;;;;;;1.00;83.50;376.20;376.40;376.60;768.00;763.00;762.00;-2.20;;;;;-2.20;-2.20;;;;;;;;;1.0;;;;;;;;;;;;;;;;;;;;;;;;;;;;;;;;;;;;;;;;;;;;50.00;;;;;;;;;;;;;;;;;;;;;;;;;;;;;;;;;;;;;;37.00;56.00;36.00;6.00;;;;43.00;45.00;42.00;;;;;;;;;1566.10;1179.00;120.800;48.700;;;;;;;;;;;;;2000.100;0.000;;;;;;;;;;74.00;74.00;76.00;;;;;;;;;68604;;;;;;;;;;;;;;858.400;;;;;;;;;;;;34.00;42.00;;;;;;;;;;;;;;0;0.00;0.00;;235.80;;3.00;1.20;-0.70;;0.60;2.60;;;;-0.80;;;;7.80;;;;1.20;8.00;3.50;11.70;1.40;7.70;4.10;11.20;1.40;-2.40;-1.70;0.10;17.00;;;;13.00;;;;34.00;;;;;;;;39.00;;;;;;;;;;;;65.00;;;;;;;;;;;;;;;;;;;;;;;;;;;;;;;;;;;;;;;;;;;;;;;;;;;;;;;;;;;;;;;;;;;;;;;;;;;;;;;;;;;;;;;;;;;;;;;;;;;;;;;;;;;;;;;;;;;;;;;;;;;;;;;;;;;;;;;;;;;;;;;;;;;;;;;;;;;;;;;;;;;;;;;;;;;;;;;;;;;;;;;;;;;;;;;;;;;;;;;;;;;;;;;;;;;;;;71.00;;;;;;;;;;;;;;;;;;;;;;;;;;;;;;;;;;;36.00;36.00;36.00;;;;;;;;;;;;;;46.00;46.00;47.00;;;;78.80;;;;;;;;;;;486.90;1250.10;160.80;0.00;0.00;160.10;;;;;;;;;;;;;;;;;;;;;;2000.10;2000.10;1;1;;;;;;;;;;;;;;;;;;;;;;;;0.90;0;0;0.00;0.00;;;;;81.00;81.00;81.00;;89.00;89.00;89.00;;83.00;83.00;84.00;;;;;;;;;;;;;0;7.90;10.30;4.80;14.00;14.90;11.30;858;1234;503;236;237;1470.60;;;30140976;4.00;;;;;;23.00
1576384200000;2019-12-15T05:30:00.000+0100;;;;;;;;;1.00;115.50;375.30;375.60;375.80;1064.00;1056.00;1056.00;-2.20;;;;;-2.20;-2.20;;;;;;;;;1.0;;;;;;;;;;;;;;;;;;;;;;;;;;;;;;;;;;;;;;;;;;;;50.00;;;;;;;;;;;;;;;;;;;;;;;;;;;;;;;;;;;;;;37.00;54.00;36.00;6.00;;;;43.00;46.00;42.00;;;;;;;;;1578.00;1525.80;146.000;70.100;;;;;;;;;;;;;2000.100;0.000;;;;;;;;;;76.00;76.00;78.00;;;;;;;;;68604;;;;;;;;;;;;;;1187.600;;;;;;;;;;;;33.00;42.00;;;;;;;;;;;;;;0;0.00;0.00;;235.30;;3.00;0.10;-4.80;;0.30;1.80;;;;-1.40;;;;8.70;;;;0.60;9.20;6.00;11.70;0.90;8.90;5.50;11.70;0.90;-2.40;-1.70;0.20;17.00;;;;13.00;;;;32.00;;;;;;;;40.00;;;;;;;;;;;;66.00;;;;;;;;;;;;;;;;;;;;;;;;;;;;;;;;;;;;;;;;;;;;;;;;;;;;;;;;;;;;;;;;;;;;;;;;;;;;;;;;;;;;;;;;;;;;;;;;;;;;;;;;;;;;;;;;;;;;;;;;;;;;;;;;;;;;;;;;;;;;;;;;;;;;;;;;;;;;;;;;;;;;;;;;;;;;;;;;;;;;;;;;;;;;;;;;;;;;;;;;;;;;;;;;;;;;;;72.00;;;;;;;;;;;;;;;;;;;;;;;;;;;;;;;;;;;36.00;36.00;37.00;;;;;;;;;;;;;;47.00;47.00;47.00;;;;7.50;;;;;;;;;;;715.20;1508.40;143.40;0.00;0.00;142.50;;;;;;;;;;;;;;;;;;;;;;2000.10;2000.10;1;1;;;;;;;;;;;;;;;;;;;;;;;;0.00;0;0;0.00;0.00;;;;;81.00;81.00;81.00;;89.00;89.00;89.00;;83.00;83.00;83.00;;;;;;;;;;;;;0;9.10;10.50;6.50;14.90;15.20;14.60;1188;1495;730;236;236;1550.00;;;30141174;3.00;;;;;;21.00
1576384800000;2019-12-15T05:40:00.000+0100;;;;;;;;;1.00;133.80;376.80;376.80;377.10;1229.00;1220.00;1218.00;-1.80;;;;;-1.80;-1.80;;;;;;;;;1.0;;;;;;;;;;;;;;;;;;;;;;;;;;;;;;;;;;;;;;;;;;;;50.00;;;;;;;;;;;;;;;;;;;;;;;;;;;;;;;;;;;;;;37.00;53.00;36.00;5.00;;;;45.00;47.00;43.00;;;;;;;;;1575.00;1525.20;194.700;95.300;;;;;;;;;;;;;2000.100;0.000;;;;;;;;;;79.00;78.00;81.00;;;;;;;;;68604;;;;;;;;;;;;;;1374.800;;;;;;;;;;;;33.00;42.00;;;;;;;;;;;;;;0;0.00;0.00;;236.50;;3.00;0.20;-0.10;;0.30;1.80;;;;-2.60;;;;9.20;;;;0.60;9.80;7.00;12.30;0.90;9.50;6.70;11.80;0.90;-2.30;-1.00;0.30;17.00;;;;13.00;;;;31.00;;;;;;;;40.00;;;;;;;;;;;;66.00;;;;;;;;;;;;;;;;;;;;;;;;;;;;;;;;;;;;;;;;;;;;;;;;;;;;;;;;;;;;;;;;;;;;;;;;;;;;;;;;;;;;;;;;;;;;;;;;;;;;;;;;;;;;;;;;;;;;;;;;;;;;;;;;;;;;;;;;;;;;;;;;;;;;;;;;;;;;;;;;;;;;;;;;;;;;;;;;;;;;;;;;;;;;;;;;;;;;;;;;;;;;;;;;;;;;;;72.00;;;;;;;;;;;;;;;;;;;;;;;;;;;;;;;;;;;36.00;36.00;37.00;;;;;;;;;;;;;;47.00;46.00;47.00;;;;8.10;;;;;;;;;;;965.40;1976.50;160.20;0.00;0.00;160.90;;;;;;;;;;;;;;;;;;;;;;2000.10;2000.10;1;1;;;;;;;;;;;;;;;;;;;;;;;;0.00;0;0;0.00;0.00;;;;;80.00;80.00;81.00;;89.00;89.00;89.00;;83.00;83.00;83.00;;;;;;;;;;;;;0;9.60;11.10;7.80;14.90;15.20;14.60;1375;2000;990;236;236;1550.30;;;30141404;3.00;;;;;;21.00
1576385400000;2019-12-15T05:50:00.000+0100;;;;;;;;;1.00;169.70;381.40;380.90;381.40;1541.00;1531.00;1528.00;-1.30;;;;;-1.30;-1.30;;;;;;;;;1.0;;;;;;;;;;;;;;;;;;;;;;;;;;;;;;;;;;;;;;;;;;;;50.00;;;;;;;;;;;;;;;;;;;;;;;;;;;;;;;;;;;;;;38.00;53.00;37.00;5.00;;;;48.00;51.00;46.00;;;;;;;;;1578.30;1525.80;204.300;132.400;;;;;;;;;;;;;2000.100;0.000;;;;;;;;;;82.00;82.00;85.00;;;;;;;;;68604;;;;;;;;;;;;;;1735.000;;;;;;;;;;;;33.00;42.00;;;;;;;;;;;;;;0;0.00;0.00;;234.80;;3.00;-2.00;-2.60;;0.40;-0.10;;;;-3.50;;;;10.10;;;;0.50;10.20;7.20;13.50;0.90;10.10;7.80;13.20;0.90;-1.80;-0.50;0.40;17.00;;;;13.00;;;;34.00;;;;;;;;40.00;;;;;;;;;;;;66.00;;;;;;;;;;;;;;;;;;;;;;;;;;;;;;;;;;;;;;;;;;;;;;;;;;;;;;;;;;;;;;;;;;;;;;;;;;;;;;;;;;;;;;;;;;;;;;;;;;;;;;;;;;;;;;;;;;;;;;;;;;;;;;;;;;;;;;;;;;;;;;;;;;;;;;;;;;;;;;;;;;;;;;;;;;;;;;;;;;;;;;;;;;;;;;;;;;;;;;;;;;;;;;;;;;;;;;72.00;;;;;;;;;;;;;;;;;;;;;;;;;;;;;;;;;;;36.00;36.00;37.00;;;;;;;;;;;;;;47.00;46.00;47.00;;;;7.80;;;;;;;;;;;1354.30;2000.00;161.60;0.00;0.00;174.50;;;;;;;;;;;;;;;;;;;;;;2000.10;2000.10;1;1;;;;;;;;;;;;;;;;;;;;;;;;0.00;0;0;0.00;0.00;;;;;81.00;81.00;81.00;;89.00;89.00;89.00;;83.00;83.00;83.00;;;;;;;;;;;;;0;10.20;12.00;8.70;14.90;15.20;14.60;1745;2097;1370;236;234;1550.60;;;30141694;3.00;;;;;;22.00
1576386000000;2019-12-15T06:00:00.000+0100;;;;;;;;;1.00;147.30;381.70;381.40;381.70;1336.00;1325.00;1324.00;-1.70;;;;;-1.70;-1.70;;;;;;;;;1.0;;;;;;;;;;;;;;;;;;;;;;;;;;;;;;;;;;;;;;;;;;;;50.00;;;;;;;;;;;;;;;;;;;;;;;;;;;;;;;;;;;;;;38.00;53.00;36.00;5.00;;;;54.00;56.00;51.00;;;;;;;;;1594.40;1519.80;203.600;98.600;;;;;;;;;;;;;2000.100;0.000;;;;;;;;;;85.00;84.00;87.00;;;;;;;;;68604;;;;;;;;;;;;;;1507.500;;;;;;;;;;;;34.00;42.00;;;;;;;;;;;;;;0;0.00;0.00;;232.90;;3.00;-1.50;-2.50;;0.50;0.40;;;;-3.40;;;;9.50;;;;0.80;9.70;6.90;12.80;1.00;9.50;7.20;12.40;1.00;-2.40;1.70;0.70;17.00;;;;13.00;;;;33.00;;;;;;;;40.00;;;;;;;;;;;;66.00;;;;;;;;;;;;;;;;;;;;;;;;;;;;;;;;;;;;;;;;;;;;;;;;;;;;;;;;;;;;;;;;;;;;;;;;;;;;;;;;;;;;;;;;;;;;;;;;;;;;;;;;;;;;;;;;;;;;;;;;;;;;;;;;;;;;;;;;;;;;;;;;;;;;;;;;;;;;;;;;;;;;;;;;;;;;;;;;;;;;;;;;;;;;;;;;;;;;;;;;;;;;;;;;;;;;;;72.00;;;;;;;;;;;;;;;;;;;;;;;;;;;;;;;;;;;37.00;36.00;37.00;;;;;;;;;;;;;;47.00;47.00;47.00;;;;8.70;;;;;;;;;;;1002.00;2000.00;263.30;0.00;0.00;273.00;;;;;;;;;;;;;;;;;;;;;;2000.10;2000.10;1;1;;;;;;;;;;;;;;;;;;;;;;;;0.00;0;0;0.00;0.00;;;;;81.00;81.00;81.00;;89.00;89.00;89.00;;84.00;83.00;84.00;;;;;;;;;;;;;0;9.60;11.80;7.90;14.90;15.20;14.60;1514;2094;1012;233;231;1549.40;;;30141946;3.00;;;;;;23.00
1576386600000;2019-12-15T06:10:00.000+0100;;;;;;;;;1.00;110.00;380.10;379.90;380.30;1002.00;995.00;993.00;-2.30;;;;;-2.30;-2.30;;;;;;;;;1.0;;;;;;;;;;;;;;;;;;;;;;;;;;;;;;;;;;;;;;;;;;;;50.00;;;;;;;;;;;;;;;;;;;;;;;;;;;;;;;;;;;;;;38.00;52.00;36.00;6.00;;;;55.00;57.00;53.00;;;;;;;;;1562.80;1522.50;143.700;86.500;;;;;;;;;;;;;2000.100;0.000;;;;;;;;;;83.00;83.00;86.00;;;;;;;;;68604;;;;;;;;;;;;;;1130.900;;;;;;;;;;;;35.00;43.00;;;;;;;;;;;;;;0;0.00;0.00;;229.00;;3.00;-0.70;-2.00;;0.40;0.40;;;;-2.40;;;;8.60;;;;0.50;8.70;5.30;11.00;0.80;8.50;5.70;11.70;0.80;-2.40;-1.90;0.10;17.00;;;;13.00;;;;31.00;;;;;;;;40.00;;;;;;;;;;;;65.00;;;;;;;;;;;;;;;;;;;;;;;;;;;;;;;;;;;;;;;;;;;;;;;;;;;;;;;;;;;;;;;;;;;;;;;;;;;;;;;;;;;;;;;;;;;;;;;;;;;;;;;;;;;;;;;;;;;;;;;;;;;;;;;;;;;;;;;;;;;;;;;;;;;;;;;;;;;;;;;;;;;;;;;;;;;;;;;;;;;;;;;;;;;;;;;;;;;;;;;;;;;;;;;;;;;;;;73.00;;;;;;;;;;;;;;;;;;;;;;;;;;;;;;;;;;;36.00;36.00;36.00;;;;;;;;;;;;;;46.00;46.00;47.00;;;;5.70;;;;;;;;;;;879.60;1483.10;109.00;0.00;0.00;108.50;;;;;;;;;;;;;;;;;;;;;;2000.10;2000.10;1;1;;;;;;;;;;;;;;;;;;;;;;;;0.00;0;0;0.00;0.00;;;;;82.00;81.00;82.00;;90.00;89.00;90.00;;84.00;84.00;84.00;;;;;;;;;;;;;0;8.60;10.00;6.90;14.90;14.90;14.60;1131;1479;887;231;230;1549.40;;;30142136;3.00;;;;;;24.00
1576387200000;2019-12-15T06:20:00.000+0100;;;;;;;;;1.00;143.40;381.20;381.30;381.50;1302.00;1293.00;1293.00;-1.90;;;;;-1.90;-1.90;;;;;;;;;1.0;;;;;;;;;;;;;;;;;;;;;;;;;;;;;;;;;;;;;;;;;;;;50.00;;;;;;;;;;;;;;;;;;;;;;;;;;;;;;;;;;;;;;38.00;52.00;36.00;5.00;;;;55.00;57.00;52.00;;;;;;;;;1570.90;1532.10;194.100;98.600;;;;;;;;;;;;;2000.100;0.000;;;;;;;;;;83.00;82.00;86.00;;;;;;;;;68605;;;;;;;;;;;;;;1474.800;;;;;;;;;;;;35.00;43.00;;;;;;;;;;;;;;0;0.00;0.00;;229.20;;3.00;-0.60;-4.10;;0.40;0.90;;;;-2.80;;;;9.40;;;;0.70;9.60;7.20;12.90;1.00;9.40;6.20;13.60;1.00;-2.40;-0.80;0.40;17.00;;;;13.00;;;;32.00;;;;;;;;40.00;;;;;;;;;;;;65.00;;;;;;;;;;;;;;;;;;;;;;;;;;;;;;;;;;;;;;;;;;;;;;;;;;;;;;;;;;;;;;;;;;;;;;;;;;;;;;;;;;;;;;;;;;;;;;;;;;;;;;;;;;;;;;;;;;;;;;;;;;;;;;;;;;;;;;;;;;;;;;;;;;;;;;;;;;;;;;;;;;;;;;;;;;;;;;;;;;;;;;;;;;;;;;;;;;;;;;;;;;;;;;;;;;;;;;72.00;;;;;;;;;;;;;;;;;;;;;;;;;;;;;;;;;;;36.00;36.00;36.00;;;;;;;;;;;;;;46.00;46.00;46.00;;;;5.70;;;;;;;;;;;1004.00;1979.60;236.80;0.00;0.00;237.10;;;;;;;;;;;;;;;;;;;;;;2000.10;2000.10;1;1;;;;;;;;;;;;;;;;;;;;;;;;0.00;0;0;0.00;0.00;;;;;81.00;81.00;82.00;;90.00;90.00;90.00;;84.00;84.00;84.00;;;;;;;;;;;;;0;9.50;11.10;7.70;14.90;15.20;14.60;1475;1998;1014;231;230;1550.30;;;30142382;3.00;;;;;;22.00
1576387800000;2019-12-15T06:30:00.000+0100;;;;;;;;;1.00;176.00;381.30;381.20;381.40;1598.00;1589.00;1585.00;-0.90;;;;;-0.90;-0.90;;;;;;;;;1.0;;;;;;;;;;;;;;;;;;;;;;;;;;;;;;;;;;;;;;;;;;;;50.00;;;;;;;;;;;;;;;;;;;;;;;;;;;;;;;;;;;;;;38.00;53.00;37.00;5.00;;;;57.00;59.00;54.00;;;;;;;;;1626.70;1504.60;204.600;122.800;;;;;;;;;;;;;2000.100;0.000;;;;;;;;;;85.00;85.00;89.00;;;;;;;;;68605;;;;;;;;;;;;;;1793.800;;;;;;;;;;;;35.00;42.00;;;;;;;;;;;;;;0;0.00;0.00;;230.00;;3.00;-1.10;-2.90;;0.30;0.40;;;;-2.30;;;;10.30;;;;0.60;10.40;7.40;14.90;1.00;10.30;7.40;15.40;0.90;-2.10;4.60;1.10;17.00;;;;13.00;;;;34.00;;;;;;;;40.00;;;;;;;;;;;;65.00;;;;;;;;;;;;;;;;;;;;;;;;;;;;;;;;;;;;;;;;;;;;;;;;;;;;;;;;;;;;;;;;;;;;;;;;;;;;;;;;;;;;;;;;;;;;;;;;;;;;;;;;;;;;;;;;;;;;;;;;;;;;;;;;;;;;;;;;;;;;;;;;;;;;;;;;;;;;;;;;;;;;;;;;;;;;;;;;;;;;;;;;;;;;;;;;;;;;;;;;;;;;;;;;;;;;;;72.00;;;;;;;;;;;;;;;;;;;;;;;;;;;;;;;;;;;36.00;36.00;37.00;;;;;;;;;;;;;;46.00;46.00;47.00;;;;12.50;;;;;;;;;;;1255.40;2000.00;167.10;0.00;0.00;183.90;;;;;;;;;;;;;;;;;;;;;;2000.10;2000.10;1;1;;;;;;;;;;;;;;;;;;;;;;;;0.00;0;0;0.00;0.00;;;;;82.00;81.00;82.00;;90.00;90.00;90.00;;84.00;84.00;84.00;;;;;;;;;;;;;0;10.40;11.80;8.70;14.90;15.50;14.30;1810;2109;1266;231;229;1551.20;;;30142682;3.00;;;;;;21.00
1576388400000;2019-12-15T06:40:00.000+0100;;;;;;;;;1.00;169.20;380.20;380.00;380.30;1540.00;1529.00;1526.00;-1.30;;;;;-1.30;-1.30;;;;;;;;;1.0;;;;;;;;;;;;;;;;;;;;;;;;;;;;;;;;;;;;;;;;;;;;50.00;;;;;;;;;;;;;;;;;;;;;;;;;;;;;;;;;;;;;;38.00;53.00;37.00;5.00;;;;62.00;64.00;58.00;;;;;;;;;1574.70;1495.40;204.900;129.300;;;;;;;;;;;;;2000.100;0.000;;;;;;;;;;88.00;87.00;91.00;;;;;;;;;68605;;;;;;;;;;;;;;1733.600;;;;;;;;;;;;35.00;43.00;;;;;;;;;;;;;;0;0.00;0.00;;229.70;;3.00;-0.80;-2.20;;0.80;1.20;;;;-2.90;;;;10.10;;;;0.50;10.20;7.00;12.90;0.90;10.00;6.70;12.70;0.90;-2.00;2.10;0.70;17.00;;;;13.00;;;;31.00;;;;;;;;40.00;;;;;;;;;;;;66.00;;;;;;;;;;;;;;;;;;;;;;;;;;;;;;;;;;;;;;;;;;;;;;;;;;;;;;;;;;;;;;;;;;;;;;;;;;;;;;;;;;;;;;;;;;;;;;;;;;;;;;;;;;;;;;;;;;;;;;;;;;;;;;;;;;;;;;;;;;;;;;;;;;;;;;;;;;;;;;;;;;;;;;;;;;;;;;;;;;;;;;;;;;;;;;;;;;;;;;;;;;;;;;;;;;;;;;72.00;;;;;;;;;;;;;;;;;;;;;;;;;;;;;;;;;;;37.00;36.00;37.00;;;;;;;;;;;;;;47.00;47.00;47.00;;;;9.50;;;;;;;;;;;1315.60;2000.00;162.30;0.00;0.00;169.90;;;;;;;;;;;;;;;;;;;;;;2000.10;2000.10;1;1;;;;;;;;;;;;;;;;;;;;;;;;0.00;0;0;0.00;0.00;;;;;82.00;82.00;83.00;;90.00;90.00;90.00;;85.00;84.00;85.00;;;;;;;;;;;;;0;10.10;11.80;9.00;14.90;15.20;14.30;1739;2099;1331;228;227;1549.40;;;30142972;3.00;;;;;;23.00
1576389000000;2019-12-15T06:50:00.000+0100;;;;;;;;;1.00;155.60;379.70;379.30;379.70;1419.00;1410.00;1407.00;-1.80;;;;;-1.80;-1.80;;;;;;;;;1.0;;;;;;;;;;;;;;;;;;;;;;;;;;;;;;;;;;;;;;;;;;;;50.00;;;;;;;;;;;;;;;;;;;;;;;;;;;;;;;;;;;;;;38.00;53.00;36.00;5.00;;;;64.00;66.00;61.00;;;;;;;;;1568.80;1530.60;179.800;122.200;;;;;;;;;;;;;2000.100;0.000;;;;;;;;;;88.00;87.00;91.00;;;;;;;;;68605;;;;;;;;;;;;;;1599.500;;;;;;;;;;;;36.00;43.00;;;;;;;;;;;;;;0;0.00;0.00;;222.40;;3.00;1.10;-0.80;;0.80;2.50;;;;-0.60;;;;9.70;;;;0.50;9.70;6.60;13.10;0.80;9.60;6.30;13.00;0.80;-2.40;-1.30;0.20;17.00;;;;13.00;;;;31.00;;;;;;;;40.00;;;;;;;;;;;;66.00;;;;;;;;;;;;;;;;;;;;;;;;;;;;;;;;;;;;;;;;;;;;;;;;;;;;;;;;;;;;;;;;;;;;;;;;;;;;;;;;;;;;;;;;;;;;;;;;;;;;;;;;;;;;;;;;;;;;;;;;;;;;;;;;;;;;;;;;;;;;;;;;;;;;;;;;;;;;;;;;;;;;;;;;;;;;;;;;;;;;;;;;;;;;;;;;;;;;;;;;;;;;;;;;;;;;;;72.00;;;;;;;;;;;;;;;;;;;;;;;;;;;;;;;;;;;36.00;36.00;37.00;;;;;;;;;;;;;;47.00;47.00;47.00;;;;6.30;;;;;;;;;;;1239.60;1869.20;118.10;0.00;0.00;117.80;;;;;;;;;;;;;;;;;;;;;;2000.10;2000.10;1;1;;;;;;;;;;;;;;;;;;;;;;;;0.00;0;0;0.00;0.00;;;;;83.00;82.00;83.00;;91.00;90.00;91.00;;85.00;85.00;85.00;;;;;;;;;;;;;0;9.60;10.60;7.70;14.90;15.20;14.60;1600;1860;1259;220;221;1550.00;;;30143240;3.00;;;;;;23.00
1576389600000;2019-12-15T07:00:00.000+0100;;;;;;;;;1.00;112.10;379.10;379.00;379.40;1022.00;1015.00;1013.00;-2.00;;;;;-2.00;-2.00;;;;;;;;;1.0;;;;;;;;;;;;;;;;;;;;;;;;;;;;;;;;;;;;;;;;;;;;50.00;;;;;;;;;;;;;;;;;;;;;;;;;;;;;;;;;;;;;;38.00;53.00;36.00;6.00;;;;65.00;67.00;62.00;;;;;;;;;1569.10;1328.20;170.000;40.600;;;;;;;;;;;;;2000.100;0.000;;;;;;;;;;86.00;86.00;89.00;;;;;;;;;68605;;;;;;;;;;;;;;1151.900;;;;;;;;;;;;36.00;43.00;;;;;;;;;;;;;;0;0.00;0.00;;219.80;;3.00;-3.60;-7.30;;0.60;-2.00;;;;-5.20;;;;8.60;;;;1.00;8.80;5.30;13.60;1.20;8.60;5.50;12.70;1.20;-2.40;-1.00;0.30;17.00;;;;13.00;;;;34.00;;;;;;;;40.00;;;;;;;;;;;;66.00;;;;;;;;;;;;;;;;;;;;;;;;;;;;;;;;;;;;;;;;;;;;;;;;;;;;;;;;;;;;;;;;;;;;;;;;;;;;;;;;;;;;;;;;;;;;;;;;;;;;;;;;;;;;;;;;;;;;;;;;;;;;;;;;;;;;;;;;;;;;;;;;;;;;;;;;;;;;;;;;;;;;;;;;;;;;;;;;;;;;;;;;;;;;;;;;;;;;;;;;;;;;;;;;;;;;;;73.00;;;;;;;;;;;;;;;;;;;;;;;;;;;;;;;;;;;36.00;36.00;37.00;;;;;;;;;;;;;;47.00;46.00;47.00;;;;54.00;;;;;;;;;;;414.00;1758.50;347.50;0.00;0.00;347.30;;;;;;;;;;;;;;;;;;;;;;2000.10;2000.10;1;1;;;;;;;;;;;;;;;;;;;;;;;;0.60;0;0;0.00;0.00;;;;;83.00;83.00;83.00;;91.00;91.00;91.00;;85.00;85.00;85.00;;;;;;;;;;;;;0;8.70;11.00;6.20;14.60;15.20;12.80;1153;1746;415;216;212;1526.10;;;30143432;3.00;;;;;;24.00
1576390200000;2019-12-15T07:10:00.000+0100;;;;;;;;;1.00;94.10;378.00;378.40;378.50;861.00;855.00;854.00;-2.20;;;;;-2.20;-2.20;;;;;;;;;1.0;;;;;;;;;;;;;;;;;;;;;;;;;;;;;;;;;;;;;;;;;;;;50.00;;;;;;;;;;;;;;;;;;;;;;;;;;;;;;;;;;;;;;38.00;52.00;36.00;6.00;;;;62.00;64.00;59.00;;;;;;;;;1564.90;1298.10;136.300;41.700;;;;;;;;;;;;;2000.100;0.000;;;;;;;;;;82.00;82.00;85.00;;;;;;;;;68605;;;;;;;;;;;;;;967.500;;;;;;;;;;;;37.00;43.00;;;;;;;;;;;;;;0;0.00;0.00;;200.00;;3.00;2.20;-11.00;;2.20;4.40;;;;0.10;;;;8.10;;;;0.80;8.20;5.60;10.70;1.00;8.00;5.30;10.60;1.00;-2.40;-2.10;0.10;16.00;;;;13.00;;;;33.00;;;;;;;;40.00;;;;;;;;;;;;65.00;;;;;;;;;;;;;;;;;;;;;;;;;;;;;;;;;;;;;;;;;;;;;;;;;;;;;;;;;;;;;;;;;;;;;;;;;;;;;;;;;;;;;;;;;;;;;;;;;;;;;;;;;;;;;;;;;;;;;;;;;;;;;;;;;;;;;;;;;;;;;;;;;;;;;;;;;;;;;;;;;;;;;;;;;;;;;;;;;;;;;;;;;;;;;;;;;;;;;;;;;;;;;;;;;;;;;;72.00;;;;;;;;;;;;;;;;;;;;;;;;;;;;;;;;;;;36.00;36.00;36.00;;;;;;;;;;;;;;46.00;46.00;46.00;;;;80.00;;;;;;;;;;;431.00;1405.90;257.50;0.00;0.00;257.50;;;;;;;;;;;;;;;;;;;;;;2000.10;2000.10;1;1;;;;;;;;;;;;;;;;;;;;;;;;0.90;0;0;0.00;0.00;;;;;83.00;83.00;83.00;;91.00;91.00;91.00;;85.00;85.00;85.00;;;;;;;;;;;;;0;8.10;9.70;6.10;14.30;14.90;12.50;967;1399;432;198;201;1502.80;;;30143594;3.00;;;;;;23.00
1576390800000;2019-12-15T07:20:00.000+0100;;;;;;;;;1.00;121.60;378.40;378.80;378.90;1111.00;1104.00;1102.00;-2.20;;;;;-2.20;-2.20;;;;;;;;;1.0;;;;;;;;;;;;;;;;;;;;;;;;;;;;;;;;;;;;;;;;;;;;50.00;;;;;;;;;;;;;;;;;;;;;;;;;;;;;;;;;;;;;;38.00;52.00;36.00;6.00;;;;59.00;62.00;57.00;;;;;;;;;1570.90;1527.60;148.400;78.700;;;;;;;;;;;;;2000.100;0.000;;;;;;;;;;82.00;82.00;85.00;;;;;;;;;68606;;;;;;;;;;;;;;1249.600;;;;;;;;;;;;36.00;43.00;;;;;;;;;;;;;;0;0.00;0.00;;204.80;;3.00;-0.60;-0.80;;1.60;1.10;;;;-2.70;;;;8.90;;;;0.50;9.00;6.00;11.80;0.80;8.80;6.60;11.60;0.80;-2.40;-2.00;0.10;16.00;;;;13.00;;;;31.00;;;;;;;;40.00;;;;;;;;;;;;65.00;;;;;;;;;;;;;;;;;;;;;;;;;;;;;;;;;;;;;;;;;;;;;;;;;;;;;;;;;;;;;;;;;;;;;;;;;;;;;;;;;;;;;;;;;;;;;;;;;;;;;;;;;;;;;;;;;;;;;;;;;;;;;;;;;;;;;;;;;;;;;;;;;;;;;;;;;;;;;;;;;;;;;;;;;;;;;;;;;;;;;;;;;;;;;;;;;;;;;;;;;;;;;;;;;;;;;;72.00;;;;;;;;;;;;;;;;;;;;;;;;;;;;;;;;;;;36.00;36.00;36.00;;;;;;;;;;;;;;46.00;46.00;46.00;;;;6.60;;;;;;;;;;;799.30;1529.00;140.30;0.00;0.00;139.80;;;;;;;;;;;;;;;;;;;;;;2000.10;2000.10;1;1;;;;;;;;;;;;;;;;;;;;;;;;0.00;0;0;0.00;0.00;;;;;83.00;83.00;83.00;;91.00;91.00;91.00;;85.00;85.00;85.00;;;;;;;;;;;;;0;8.90;10.10;7.30;14.90;15.20;14.60;1250;1519;812;204;204;1550.30;;;30143802;3.00;;;;;;21.00
1576391400000;2019-12-15T07:30:00.000+0100;;;;;;;;;1.00;116.50;377.70;377.80;378.10;1067.00;1059.00;1058.00;-2.20;;;;;-2.20;-2.20;;;;;;;;;1.0;;;;;;;;;;;;;;;;;;;;;;;;;;;;;;;;;;;;;;;;;;;;50.00;;;;;;;;;;;;;;;;;;;;;;;;;;;;;;;;;;;;;;38.00;52.00;36.00;5.00;;;;58.00;60.00;55.00;;;;;;;;;1571.80;1488.20;151.000;83.100;;;;;;;;;;;;;2000.100;0.000;;;;;;;;;;82.00;81.00;85.00;;;;;;;;;68606;;;;;;;;;;;;;;1197.300;;;;;;;;;;;;35.00;43.00;;;;;;;;;;;;;;0;0.00;0.00;;199.80;;3.00;1.00;-1.80;;0.40;2.40;;;;-1.30;;;;8.70;;;;0.60;8.80;5.30;11.70;0.90;8.60;5.90;10.50;0.80;-2.40;-1.90;0.10;16.00;;;;13.00;;;;33.00;;;;;;;;40.00;;;;;;;;;;;;65.00;;;;;;;;;;;;;;;;;;;;;;;;;;;;;;;;;;;;;;;;;;;;;;;;;;;;;;;;;;;;;;;;;;;;;;;;;;;;;;;;;;;;;;;;;;;;;;;;;;;;;;;;;;;;;;;;;;;;;;;;;;;;;;;;;;;;;;;;;;;;;;;;;;;;;;;;;;;;;;;;;;;;;;;;;;;;;;;;;;;;;;;;;;;;;;;;;;;;;;;;;;;;;;;;;;;;;;73.00;;;;;;;;;;;;;;;;;;;;;;;;;;;;;;;;;;;36.00;36.00;36.00;;;;;;;;;;;;;;46.00;46.00;46.00;;;;12.80;;;;;;;;;;;839.90;1556.70;132.80;0.00;0.00;132.40;;;;;;;;;;;;;;;;;;;;;;2000.10;2000.10;1;1;;;;;;;;;;;;;;;;;;;;;;;;0.00;0;0;0.00;0.00;;;;;83.00;83.00;83.00;;91.00;91.00;91.00;;85.00;85.00;85.00;;;;;;;;;;;;;0;8.70;9.90;6.90;14.90;15.20;14.30;1197;1551;845;199;200;1546.40;;;30144002;3.00;;;;;;21.00
1576392000000;2019-12-15T07:40:00.000+0100;;;;;;;;;1.00;128.10;376.90;376.80;377.20;1177.00;1168.00;1167.00;-2.10;;;;;-2.10;-2.10;;;;;;;;;1.0;;;;;;;;;;;;;;;;;;;;;;;;;;;;;;;;;;;;;;;;;;;;50.00;;;;;;;;;;;;;;;;;;;;;;;;;;;;;;;;;;;;;;38.00;52.00;36.00;6.00;;;;57.00;60.00;55.00;;;;;;;;;1570.30;1531.80;166.500;95.000;;;;;;;;;;;;;2000.100;0.000;;;;;;;;;;82.00;81.00;85.00;;;;;;;;;68606;;;;;;;;;;;;;;1317.100;;;;;;;;;;;;36.00;43.00;;;;;;;;;;;;;;0;0.00;0.00;;199.20;;3.00;-0.70;-1.30;;1.10;1.10;;;;-3.10;;;;9.00;;;;0.50;9.30;7.20;12.20;0.80;9.10;6.70;11.60;0.80;-2.40;-1.30;0.30;16.00;;;;13.00;;;;34.00;;;;;;;;40.00;;;;;;;;;;;;65.00;;;;;;;;;;;;;;;;;;;;;;;;;;;;;;;;;;;;;;;;;;;;;;;;;;;;;;;;;;;;;;;;;;;;;;;;;;;;;;;;;;;;;;;;;;;;;;;;;;;;;;;;;;;;;;;;;;;;;;;;;;;;;;;;;;;;;;;;;;;;;;;;;;;;;;;;;;;;;;;;;;;;;;;;;;;;;;;;;;;;;;;;;;;;;;;;;;;;;;;;;;;;;;;;;;;;;;72.00;;;;;;;;;;;;;;;;;;;;;;;;;;;;;;;;;;;36.00;36.00;36.00;;;;;;;;;;;;;;46.00;46.00;46.00;;;;6.00;;;;;;;;;;;969.20;1731.20;147.30;0.00;0.00;147.10;;;;;;;;;;;;;;;;;;;;;;2000.10;2000.10;1;1;;;;;;;;;;;;;;;;;;;;;;;;0.00;0;0;0.00;0.00;;;;;83.00;83.00;83.00;;91.00;91.00;91.00;;85.00;85.00;85.00;;;;;;;;;;;;;0;9.20;11.20;8.00;14.90;15.20;14.60;1317;1712;979;199;198;1550.30;;;30144220;3.00;;;;;;24.00
1576392600000;2019-12-15T07:50:00.000+0100;;;;;;;;;1.00;161.80;378.70;378.50;378.80;1480.00;1469.00;1468.00;-1.60;;;;;-1.60;-1.60;;;;;;;;;1.0;;;;;;;;;;;;;;;;;;;;;;;;;;;;;;;;;;;;;;;;;;;;50.00;;;;;;;;;;;;;;;;;;;;;;;;;;;;;;;;;;;;;;38.00;52.00;36.00;6.00;;;;59.00;61.00;57.00;;;;;;;;;1564.30;1533.90;188.900;127.600;;;;;;;;;;;;;2000.100;0.000;;;;;;;;;;84.00;83.00;87.00;;;;;;;;;68606;;;;;;;;;;;;;;1663.900;;;;;;;;;;;;36.00;43.00;;;;;;;;;;;;;;0;0.00;0.00;;196.90;;3.00;-0.50;-5.00;;0.80;2.00;;;;-2.60;;;;9.90;;;;0.40;10.10;7.30;12.90;0.80;9.90;7.50;12.70;0.80;-1.80;-1.10;0.20;16.00;;;;13.00;;;;32.00;;;;;;;;40.00;;;;;;;;;;;;65.00;;;;;;;;;;;;;;;;;;;;;;;;;;;;;;;;;;;;;;;;;;;;;;;;;;;;;;;;;;;;;;;;;;;;;;;;;;;;;;;;;;;;;;;;;;;;;;;;;;;;;;;;;;;;;;;;;;;;;;;;;;;;;;;;;;;;;;;;;;;;;;;;;;;;;;;;;;;;;;;;;;;;;;;;;;;;;;;;;;;;;;;;;;;;;;;;;;;;;;;;;;;;;;;;;;;;;;72.00;;;;;;;;;;;;;;;;;;;;;;;;;;;;;;;;;;;36.00;36.00;36.00;;;;;;;;;;;;;;46.00;46.00;46.00;;;;5.40;;;;;;;;;;;1308.70;1940.50;102.20;0.00;0.00;102.00;;;;;;;;;;;;;;;;;;;;;;2000.10;2000.10;1;1;;;;;;;;;;;;;;;;;;;;;;;;0.00;0;0;0.00;0.00;;;;;83.00;83.00;83.00;;91.00;91.00;91.00;;85.00;85.00;85.00;;;;;;;;;;;;;0;10.00;11.10;8.40;14.90;14.90;14.60;1664;1937;1311;199;198;1550.30;;;30144498;3.00;;;;;;24.00
1576393200000;2019-12-15T08:00:00.000+0100;;;;;;;;;1.00;166.00;381.60;381.30;381.70;1507.00;1496.00;1495.00;-1.50;;;;;-1.50;-1.50;;;;;;;;;1.0;;;;;;;;;;;;;;;;;;;;;;;;;;;;;;;;;;;;;;;;;;;;50.00;;;;;;;;;;;;;;;;;;;;;;;;;;;;;;;;;;;;;;38.00;52.00;37.00;6.00;;;;62.00;65.00;60.00;;;;;;;;;1582.50;1513.30;204.300;121.800;;;;;;;;;;;;;2000.100;0.000;;;;;;;;;;86.00;85.00;89.00;;;;;;;;;68606;;;;;;;;;;;;;;1699.600;;;;;;;;;;;;37.00;44.00;;;;;;;;;;;;;;0;0.00;0.00;;198.40;;3.00;-0.20;-1.40;;0.20;1.20;;;;-2.00;;;;10.00;;;;0.50;10.00;7.10;13.00;0.90;9.80;7.20;12.80;0.90;-2.20;0.80;0.40;16.00;;;;13.00;;;;31.00;;;;;;;;40.00;;;;;;;;;;;;65.00;;;;;;;;;;;;;;;;;;;;;;;;;;;;;;;;;;;;;;;;;;;;;;;;;;;;;;;;;;;;;;;;;;;;;;;;;;;;;;;;;;;;;;;;;;;;;;;;;;;;;;;;;;;;;;;;;;;;;;;;;;;;;;;;;;;;;;;;;;;;;;;;;;;;;;;;;;;;;;;;;;;;;;;;;;;;;;;;;;;;;;;;;;;;;;;;;;;;;;;;;;;;;;;;;;;;;;72.00;;;;;;;;;;;;;;;;;;;;;;;;;;;;;;;;;;;36.00;36.00;37.00;;;;;;;;;;;;;;46.00;46.00;46.00;;;;9.80;;;;;;;;;;;1238.10;2000.00;157.20;0.00;0.00;169.50;;;;;;;;;;;;;;;;;;;;;;2000.10;2000.10;1;1;;;;;;;;;;;;;;;;;;;;;;;;0.00;0;0;0.00;0.00;;;;;83.00;83.00;83.00;;91.00;91.00;91.00;;86.00;85.00;86.00;;;;;;;;;;;;;0;9.90;11.70;8.60;14.90;15.20;14.60;1707;2108;1257;199;198;1550.60;;;30144782;3.00;;;;;;24.00
1576393800000;2019-12-15T08:10:00.000+0100;;;;;;;;;1.00;175.90;381.40;381.40;381.70;1596.00;1585.00;1584.00;-1.10;;;;;-1.10;-1.10;;;;;;;;;1.0;;;;;;;;;;;;;;;;;;;;;;;;;;;;;;;;;;;;;;;;;;;;50.00;;;;;;;;;;;;;;;;;;;;;;;;;;;;;;;;;;;;;;38.00;53.00;37.00;5.00;;;;66.00;68.00;63.00;;;;;;;;;1598.60;1518.60;204.600;130.400;;;;;;;;;;;;;2000.100;0.000;;;;;;;;;;88.00;87.00;91.00;;;;;;;;;68606;;;;;;;;;;;;;;1797.400;;;;;;;;;;;;37.00;44.00;;;;;;;;;;;;;;0;0.00;0.00;;198.70;;3.00;-1.30;-6.20;;0.80;0.30;;;;-3.80;;;;10.30;;;;0.50;10.40;7.90;14.00;0.90;10.30;6.90;13.30;0.90;-2.20;1.70;0.60;16.00;;;;13.00;;;;34.00;;;;;;;;40.00;;;;;;;;;;;;66.00;;;;;;;;;;;;;;;;;;;;;;;;;;;;;;;;;;;;;;;;;;;;;;;;;;;;;;;;;;;;;;;;;;;;;;;;;;;;;;;;;;;;;;;;;;;;;;;;;;;;;;;;;;;;;;;;;;;;;;;;;;;;;;;;;;;;;;;;;;;;;;;;;;;;;;;;;;;;;;;;;;;;;;;;;;;;;;;;;;;;;;;;;;;;;;;;;;;;;;;;;;;;;;;;;;;;;;72.00;;;;;;;;;;;;;;;;;;;;;;;;;;;;;;;;;;;36.00;36.00;37.00;;;;;;;;;;;;;;47.00;46.00;47.00;;;;10.70;;;;;;;;;;;1327.30;2000.00;150.70;0.00;0.00;163.60;;;;;;;;;;;;;;;;;;;;;;2000.10;2000.10;1;1;;;;;;;;;;;;;;;;;;;;;;;;0.00;0;0;0.00;0.00;;;;;84.00;83.00;84.00;;92.00;91.00;92.00;;86.00;86.00;86.00;;;;;;;;;;;;;0;10.30;11.70;8.50;14.90;15.20;14.60;1809;2108;1343;199;197;1550.30;;;30145082;3.00;;;;;;24.00
1576394400000;2019-12-15T08:20:00.000+0100;;;;;;;;;1.00;177.00;381.00;381.50;381.40;1606.00;1594.00;1595.00;-1.20;;;;;-1.20;-1.20;;;;;;;;;1.0;;;;;;;;;;;;;;;;;;;;;;;;;;;;;;;;;;;;;;;;;;;;50.00;;;;;;;;;;;;;;;;;;;;;;;;;;;;;;;;;;;;;;38.00;53.00;37.00;5.00;;;;68.00;71.00;65.00;;;;;;;;;1579.80;1527.90;204.800;140.900;;;;;;;;;;;;;2000.100;0.000;;;;;;;;;;89.00;89.00;92.00;;;;;;;;;68607;;;;;;;;;;;;;;1809.700;;;;;;;;;;;;37.00;44.00;;;;;;;;;;;;;;0;0.00;0.00;;197.70;;3.00;-0.60;-3.60;;1.00;1.00;;;;-2.50;;;;10.30;;;;0.50;10.30;7.70;15.00;0.90;10.20;7.50;13.20;0.90;-2.10;0.60;0.50;16.00;;;;13.00;;;;32.00;;;;;;;;40.00;;;;;;;;;;;;66.00;;;;;;;;;;;;;;;;;;;;;;;;;;;;;;;;;;;;;;;;;;;;;;;;;;;;;;;;;;;;;;;;;;;;;;;;;;;;;;;;;;;;;;;;;;;;;;;;;;;;;;;;;;;;;;;;;;;;;;;;;;;;;;;;;;;;;;;;;;;;;;;;;;;;;;;;;;;;;;;;;;;;;;;;;;;;;;;;;;;;;;;;;;;;;;;;;;;;;;;;;;;;;;;;;;;;;;72.00;;;;;;;;;;;;;;;;;;;;;;;;;;;;;;;;;;;37.00;36.00;37.00;;;;;;;;;;;;;;47.00;47.00;47.00;;;;7.50;;;;;;;;;;;1427.30;2000.00;122.40;0.00;0.00;133.60;;;;;;;;;;;;;;;;;;;;;;2000.10;2000.10;1;1;;;;;;;;;;;;;;;;;;;;;;;;0.00;0;0;0.00;0.00;;;;;84.00;83.00;84.00;;92.00;92.00;92.00;;86.00;86.00;86.00;;;;;;;;;;;;;0;10.30;11.70;8.90;14.90;15.20;14.60;1820;2099;1447;194;194;1550.00;;;30145386;3.00;;;;;;22.00
1576395000000;2019-12-15T08:30:00.000+0100;;;;;;;;;1.00;166.10;381.20;381.20;381.40;1509.00;1499.00;1498.00;-1.50;;;;;-1.50;-1.50;;;;;;;;;1.0;;;;;;;;;;;;;;;;;;;;;;;;;;;;;;;;;;;;;;;;;;;;50.00;;;;;;;;;;;;;;;;;;;;;;;;;;;;;;;;;;;;;;38.00;53.00;36.00;5.00;;;;70.00;72.00;66.00;;;;;;;;;1571.80;1533.60;199.100;130.900;;;;;;;;;;;;;2000.100;0.000;;;;;;;;;;89.00;89.00;93.00;;;;;;;;;68607;;;;;;;;;;;;;;1707.100;;;;;;;;;;;;36.00;44.00;;;;;;;;;;;;;;0;0.00;0.00;;192.90;;3.00;-2.00;-2.50;;0.80;-0.30;;;;-4.10;;;;10.00;;;;0.40;10.10;7.40;13.70;0.80;10.00;7.20;13.00;0.80;-1.80;-0.70;0.30;16.00;;;;13.00;;;;31.00;;;;;;;;40.00;;;;;;;;;;;;66.00;;;;;;;;;;;;;;;;;;;;;;;;;;;;;;;;;;;;;;;;;;;;;;;;;;;;;;;;;;;;;;;;;;;;;;;;;;;;;;;;;;;;;;;;;;;;;;;;;;;;;;;;;;;;;;;;;;;;;;;;;;;;;;;;;;;;;;;;;;;;;;;;;;;;;;;;;;;;;;;;;;;;;;;;;;;;;;;;;;;;;;;;;;;;;;;;;;;;;;;;;;;;;;;;;;;;;;72.00;;;;;;;;;;;;;;;;;;;;;;;;;;;;;;;;;;;36.00;36.00;37.00;;;;;;;;;;;;;;47.00;47.00;47.00;;;;6.30;;;;;;;;;;;1337.00;1978.90;116.70;0.00;0.00;118.70;;;;;;;;;;;;;;;;;;;;;;2000.10;2000.10;1;1;;;;;;;;;;;;;;;;;;;;;;;;0.00;0;0;0.00;0.00;;;;;84.00;84.00;84.00;;92.00;92.00;92.00;;86.00;86.00;87.00;;;;;;;;;;;;;0;10.10;11.30;8.90;14.90;15.20;14.60;1708;2046;1352;190;188;1550.00;;;30145672;3.00;;;;;;21.00
1576395600000;2019-12-15T08:40:00.000+0100;;;;;;;;;1.00;160.10;382.20;382.00;382.30;1451.00;1440.00;1441.00;-1.70;;;;;-1.70;-1.70;;;;;;;;;1.0;;;;;;;;;;;;;;;;;;;;;;;;;;;;;;;;;;;;;;;;;;;;50.00;;;;;;;;;;;;;;;;;;;;;;;;;;;;;;;;;;;;;;38.00;53.00;36.00;5.00;;;;71.00;73.00;67.00;;;;;;;;;1572.40;1535.30;192.500;133.200;;;;;;;;;;;;;2000.100;0.000;;;;;;;;;;89.00;89.00;92.00;;;;;;;;;68607;;;;;;;;;;;;;;1647.000;;;;;;;;;;;;36.00;44.00;;;;;;;;;;;;;;0;0.00;0.00;;187.20;;3.00;-2.10;-5.50;;0.70;-1.10;;;;-3.90;;;;9.90;;;;0.40;9.90;7.30;12.30;0.70;9.80;7.00;12.80;0.80;-2.00;-0.90;0.20;16.00;;;;13.00;;;;34.00;;;;;;;;40.00;;;;;;;;;;;;66.00;;;;;;;;;;;;;;;;;;;;;;;;;;;;;;;;;;;;;;;;;;;;;;;;;;;;;;;;;;;;;;;;;;;;;;;;;;;;;;;;;;;;;;;;;;;;;;;;;;;;;;;;;;;;;;;;;;;;;;;;;;;;;;;;;;;;;;;;;;;;;;;;;;;;;;;;;;;;;;;;;;;;;;;;;;;;;;;;;;;;;;;;;;;;;;;;;;;;;;;;;;;;;;;;;;;;;;72.00;;;;;;;;;;;;;;;;;;;;;;;;;;;;;;;;;;;36.00;36.00;37.00;;;;;;;;;;;;;;47.00;47.00;47.00;;;;5.70;;;;;;;;;;;1357.00;1978.80;115.10;0.00;0.00;115.00;;;;;;;;;;;;;;;;;;;;;;2000.10;2000.10;1;1;;;;;;;;;;;;;;;;;;;;;;;;0.00;0;0;0.00;0.00;;;;;84.00;84.00;85.00;;93.00;92.00;93.00;;87.00;87.00;87.00;;;;;;;;;;;;;0;9.90;11.00;9.00;14.90;15.20;14.60;1647;1970;1373;188;186;1550.00;;;30145948;3.00;;;;;;24.00
1576396200000;2019-12-15T08:50:00.000+0100;;;;;;;;;1.00;156.90;382.40;382.50;382.70;1420.00;1410.00;1408.00;-1.60;;;;;-1.60;-1.60;;;;;;;;;1.0;;;;;;;;;;;;;;;;;;;;;;;;;;;;;;;;;;;;;;;;;;;;50.00;;;;;;;;;;;;;;;;;;;;;;;;;;;;;;;;;;;;;;38.00;53.00;36.00;5.00;;;;72.00;74.00;68.00;;;;;;;;;1570.60;1533.60;196.200;119.200;;;;;;;;;;;;;2000.100;0.000;;;;;;;;;;89.00;88.00;92.00;;;;;;;;;68607;;;;;;;;;;;;;;1611.200;;;;;;;;;;;;37.00;44.00;;;;;;;;;;;;;;0;0.00;0.00;;184.60;;3.00;-1.50;-2.10;;0.90;0.10;;;;-3.40;;;;9.80;;;;0.40;9.90;7.70;13.10;0.80;9.80;6.50;12.20;0.80;-2.10;-1.00;0.30;16.00;;;;13.00;;;;33.00;;;;;;;;40.00;;;;;;;;;;;;66.00;;;;;;;;;;;;;;;;;;;;;;;;;;;;;;;;;;;;;;;;;;;;;;;;;;;;;;;;;;;;;;;;;;;;;;;;;;;;;;;;;;;;;;;;;;;;;;;;;;;;;;;;;;;;;;;;;;;;;;;;;;;;;;;;;;;;;;;;;;;;;;;;;;;;;;;;;;;;;;;;;;;;;;;;;;;;;;;;;;;;;;;;;;;;;;;;;;;;;;;;;;;;;;;;;;;;;;72.00;;;;;;;;;;;;;;;;;;;;;;;;;;;;;;;;;;;37.00;36.00;37.00;;;;;;;;;;;;;;47.00;47.00;47.00;;;;5.70;;;;;;;;;;;1222.20;1979.90;141.80;0.00;0.00;145.10;;;;;;;;;;;;;;;;;;;;;;2000.10;2000.10;1;1;;;;;;;;;;;;;;;;;;;;;;;;0.00;0;0;0.00;0.00;;;;;85.00;85.00;85.00;;93.00;93.00;93.00;;87.00;87.00;87.00;;;;;;;;;;;;;0;9.80;11.20;8.60;14.90;15.20;14.60;1613;2015;1226;185;183;1549.70;;;30146216;3.00;;;;;;24.00
1576396800000;2019-12-15T09:00:00.000+0100;;;;;;;;;1.00;117.90;380.10;380.70;380.90;1071.00;1064.00;1064.00;-2.30;;;;;-2.30;-2.30;;;;;;;;;1.0;;;;;;;;;;;;;;;;;;;;;;;;;;;;;;;;;;;;;;;;;;;;50.00;;;;;;;;;;;;;;;;;;;;;;;;;;;;;;;;;;;;;;38.00;53.00;36.00;6.00;;;;70.00;73.00;67.00;;;;;;;;;1567.00;1533.90;145.700;84.500;;;;;;;;;;;;;2000.100;0.000;;;;;;;;;;87.00;86.00;90.00;;;;;;;;;68607;;;;;;;;;;;;;;1211.400;;;;;;;;;;;;37.00;44.00;;;;;;;;;;;;;;0;0.00;0.00;;183.60;;3.00;-0.60;-5.00;;1.20;1.10;;;;-2.60;;;;8.80;;;;0.40;8.80;6.40;11.40;0.80;8.60;5.90;11.60;0.80;-2.40;-2.00;0.10;16.00;;;;13.00;;;;31.00;;;;;;;;40.00;;;;;;;;;;;;65.00;;;;;;;;;;;;;;;;;;;;;;;;;;;;;;;;;;;;;;;;;;;;;;;;;;;;;;;;;;;;;;;;;;;;;;;;;;;;;;;;;;;;;;;;;;;;;;;;;;;;;;;;;;;;;;;;;;;;;;;;;;;;;;;;;;;;;;;;;;;;;;;;;;;;;;;;;;;;;;;;;;;;;;;;;;;;;;;;;;;;;;;;;;;;;;;;;;;;;;;;;;;;;;;;;;;;;;73.00;;;;;;;;;;;;;;;;;;;;;;;;;;;;;;;;;;;36.00;36.00;36.00;;;;;;;;;;;;;;46.00;46.00;47.00;;;;5.10;;;;;;;;;;;860.70;1508.20;115.10;0.00;0.00;114.80;;;;;;;;;;;;;;;;;;;;;;2000.10;2000.10;1;1;;;;;;;;;;;;;;;;;;;;;;;;0.00;0;0;0.00;0.00;;;;;85.00;85.00;85.00;;93.00;93.00;93.00;;87.00;87.00;87.00;;;;;;;;;;;;;0;8.70;10.00;7.70;14.90;14.90;14.60;1212;1499;875;181;180;1549.70;;;30146418;3.00;;;;;;22.00
1576397400000;2019-12-15T09:10:00.000+0100;;;;;;;;;1.00;120.10;375.60;376.20;376.30;1105.00;1097.00;1095.00;-2.20;;;;;-2.20;-2.20;;;;;;;;;1.0;;;;;;;;;;;;;;;;;;;;;;;;;;;;;;;;;;;;;;;;;;;;50.00;;;;;;;;;;;;;;;;;;;;;;;;;;;;;;;;;;;;;;38.00;52.00;36.00;6.00;;;;67.00;69.00;64.00;;;;;;;;;1580.10;1512.40;192.000;88.200;;;;;;;;;;;;;2000.100;0.000;;;;;;;;;;84.00;84.00;88.00;;;;;;;;;68607;;;;;;;;;;;;;;1234.300;;;;;;;;;;;;36.00;44.00;;;;;;;;;;;;;;0;0.00;0.00;;181.30;;3.00;1.20;-0.60;;0.70;3.00;;;;-0.30;;;;8.80;;;;0.70;8.80;6.10;12.60;0.90;8.70;6.40;12.00;0.90;-2.40;-1.70;0.20;16.00;;;;13.00;;;;33.00;;;;;;;;40.00;;;;;;;;;;;;65.00;;;;;;;;;;;;;;;;;;;;;;;;;;;;;;;;;;;;;;;;;;;;;;;;;;;;;;;;;;;;;;;;;;;;;;;;;;;;;;;;;;;;;;;;;;;;;;;;;;;;;;;;;;;;;;;;;;;;;;;;;;;;;;;;;;;;;;;;;;;;;;;;;;;;;;;;;;;;;;;;;;;;;;;;;;;;;;;;;;;;;;;;;;;;;;;;;;;;;;;;;;;;;;;;;;;;;;73.00;;;;;;;;;;;;;;;;;;;;;;;;;;;;;;;;;;;36.00;36.00;36.00;;;;;;;;;;;;;;46.00;46.00;46.00;;;;9.30;;;;;;;;;;;893.20;1977.50;207.70;0.00;0.00;206.80;;;;;;;;;;;;;;;;;;;;;;2000.10;2000.10;1;1;;;;;;;;;;;;;;;;;;;;;;;;0.00;0;0;0.00;0.00;;;;;85.00;85.00;85.00;;93.00;93.00;93.00;;87.00;87.00;87.00;;;;;;;;;;;;;0;8.70;10.60;6.80;14.90;15.20;14.60;1234;1971;904;183;185;1549.70;;;30146622;3.00;;;;;;21.00
1576398000000;2019-12-15T09:20:00.000+0100;;;;;;;;;1.00;154.00;379.00;379.00;379.40;1405.00;1395.00;1396.00;-1.60;;;;;-1.60;-1.60;;;;;;;;;1.0;;;;;;;;;;;;;;;;;;;;;;;;;;;;;;;;;;;;;;;;;;;;50.00;;;;;;;;;;;;;;;;;;;;;;;;;;;;;;;;;;;;;;38.00;52.00;36.00;6.00;;;;65.00;68.00;62.00;;;;;;;;;1624.30;1508.20;205.000;90.000;;;;;;;;;;;;;2000.100;0.000;;;;;;;;;;85.00;84.00;88.00;;;;;;;;;68608;;;;;;;;;;;;;;1568.900;;;;;;;;;;;;36.00;44.00;;;;;;;;;;;;;;0;0.00;0.00;;185.60;;3.00;-1.80;-2.50;;0.70;-0.40;;;;-3.10;;;;9.70;;;;0.60;9.80;6.70;13.70;1.00;9.60;7.00;12.40;0.90;-2.40;2.30;0.60;16.00;;;;13.00;;;;34.00;;;;;;;;40.00;;;;;;;;;;;;65.00;;;;;;;;;;;;;;;;;;;;;;;;;;;;;;;;;;;;;;;;;;;;;;;;;;;;;;;;;;;;;;;;;;;;;;;;;;;;;;;;;;;;;;;;;;;;;;;;;;;;;;;;;;;;;;;;;;;;;;;;;;;;;;;;;;;;;;;;;;;;;;;;;;;;;;;;;;;;;;;;;;;;;;;;;;;;;;;;;;;;;;;;;;;;;;;;;;;;;;;;;;;;;;;;;;;;;;72.00;;;;;;;;;;;;;;;;;;;;;;;;;;;;;;;;;;;36.00;36.00;36.00;;;;;;;;;;;;;;46.00;46.00;46.00;;;;14.90;;;;;;;;;;;918.90;2000.00;240.00;0.00;0.00;260.90;;;;;;;;;;;;;;;;;;;;;;2000.10;2000.10;1;1;;;;;;;;;;;;;;;;;;;;;;;;0.00;0;0;0.00;0.00;;;;;85.00;85.00;85.00;;93.00;93.00;93.00;;87.00;87.00;88.00;;;;;;;;;;;;;0;9.70;11.80;7.90;14.90;15.50;14.60;1584;2111;927;186;184;1550.30;;;30146886;3.00;;;;;;23.00
1576398600000;2019-12-15T09:30:00.000+0100;;;;;;;;;1.00;174.20;382.70;382.80;382.90;1575.00;1564.00;1563.00;-1.10;;;;;-1.10;-1.10;;;;;;;;;1.0;;;;;;;;;;;;;;;;;;;;;;;;;;;;;;;;;;;;;;;;;;;;50.00;;;;;;;;;;;;;;;;;;;;;;;;;;;;;;;;;;;;;;38.00;53.00;37.00;6.00;;;;68.00;70.00;65.00;;;;;;;;;1644.60;1503.70;205.400;126.800;;;;;;;;;;;;;2000.100;0.000;;;;;;;;;;87.00;87.00;90.00;;;;;;;;;68608;;;;;;;;;;;;;;1775.900;;;;;;;;;;;;36.00;44.00;;;;;;;;;;;;;;0;0.00;0.00;;179.70;;3.00;1.50;-1.80;;0.70;3.10;;;;-0.50;;;;10.30;;;;0.70;10.30;6.80;13.30;1.00;10.00;6.70;14.30;1.00;-2.10;4.60;1.00;16.00;;;;13.00;;;;32.00;;;;;;;;40.00;;;;;;;;;;;;65.00;;;;;;;;;;;;;;;;;;;;;;;;;;;;;;;;;;;;;;;;;;;;;;;;;;;;;;;;;;;;;;;;;;;;;;;;;;;;;;;;;;;;;;;;;;;;;;;;;;;;;;;;;;;;;;;;;;;;;;;;;;;;;;;;;;;;;;;;;;;;;;;;;;;;;;;;;;;;;;;;;;;;;;;;;;;;;;;;;;;;;;;;;;;;;;;;;;;;;;;;;;;;;;;;;;;;;;72.00;;;;;;;;;;;;;;;;;;;;;;;;;;;;;;;;;;;37.00;36.00;37.00;;;;;;;;;;;;;;47.00;46.00;47.00;;;;13.70;;;;;;;;;;;1298.40;2000.00;161.50;0.00;0.00;178.60;;;;;;;;;;;;;;;;;;;;;;2000.10;2000.10;1;1;;;;;;;;;;;;;;;;;;;;;;;;0.00;0;0;0.00;0.00;;;;;85.00;85.00;85.00;;93.00;93.00;93.00;;88.00;88.00;88.00;;;;;;;;;;;;;0;10.20;12.10;8.20;14.90;15.80;14.30;1791;2110;1305;180;182;1550.60;;;30147184;4.00;;;;;;24.00
1576399200000;2019-12-15T09:40:00.000+0100;;;;;;;;;1.00;188.60;383.00;382.90;383.20;1705.00;1694.00;1692.00;1.80;;;;;1.90;1.80;;;;;;;;;1.0;;;;;;;;;;;;;;;;;;;;;;;;;;;;;;;;;;;;;;;;;;;;50.00;;;;;;;;;;;;;;;;;;;;;;;;;;;;;;;;;;;;;;37.00;53.00;37.00;6.00;;;;71.00;74.00;68.00;;;;;;;;;1641.00;1481.00;205.200;130.800;;;;;;;;;;;;;2000.100;0.000;;;;;;;;;;89.00;89.00;92.00;;;;;;;;;68608;;;;;;;;;;;;;;1923.900;;;;;;;;;;;;37.00;44.00;;;;;;;;;;;;;;0;0.00;0.00;;183.70;;3.00;1.80;0.10;;0.80;3.70;;;;0.00;;;;11.30;;;;1.00;11.30;6.90;16.10;1.40;10.80;7.00;16.00;1.30;-2.20;10.80;3.00;16.00;;;;13.00;;;;31.00;;;;;;;;40.00;;;;;;;;;;;;66.00;;;;;;;;;;;;;;;;;;;;;;;;;;;;;;;;;;;;;;;;;;;;;;;;;;;;;;;;;;;;;;;;;;;;;;;;;;;;;;;;;;;;;;;;;;;;;;;;;;;;;;;;;;;;;;;;;;;;;;;;;;;;;;;;;;;;;;;;;;;;;;;;;;;;;;;;;;;;;;;;;;;;;;;;;;;;;;;;;;;;;;;;;;;;;;;;;;;;;;;;;;;;;;;;;;;;;;72.00;;;;;;;;;;;;;;;;;;;;;;;;;;;;;;;;;;;37.00;36.00;37.00;;;;;;;;;;;;;;47.00;47.00;47.00;;;;28.60;;;;;;;;;;;1355.30;2000.00;134.00;0.00;0.00;142.30;;;;;;;;;;;;;;;;;;;;;;2000.10;2000.10;1;1;;;;;;;;;;;;;;;;;;;;;;;;0.30;0;0;0.00;0.00;;;;;85.00;85.00;86.00;;94.00;93.00;94.00;;88.00;88.00;88.00;;;;;;;;;;;;;0;11.00;14.80;8.30;14.90;15.80;14.30;1940;2110;1346;185;187;1551.20;;;30147508;4.00;;;;;;24.00
1576399800000;2019-12-15T09:50:00.000+0100;;;;;;;;;1.00;183.90;381.80;381.80;382.10;1666.00;1656.00;1654.00;1.50;;;;;1.50;1.50;;;;;;;;;1.0;;;;;;;;;;;;;;;;;;;;;;;;;;;;;;;;;;;;;;;;;;;;50.00;;;;;;;;;;;;;;;;;;;;;;;;;;;;;;;;;;;;;;37.00;53.00;37.00;6.00;;;;75.00;78.00;72.00;;;;;;;;;1659.20;1479.50;205.300;113.500;;;;;;;;;;;;;2000.100;0.000;;;;;;;;;;91.00;91.00;94.00;;;;;;;;;68608;;;;;;;;;;;;;;1869.800;;;;;;;;;;;;38.00;45.00;;;;;;;;;;;;;;0;0.00;0.00;;190.60;;3.00;-0.80;-1.50;;1.80;-0.10;;;;-1.70;;;;11.10;;;;1.00;11.10;6.40;15.50;1.40;10.70;7.10;15.20;1.30;-2.10;8.70;2.90;16.00;;;;13.00;;;;34.00;;;;;;;;41.00;;;;;;;;;;;;66.00;;;;;;;;;;;;;;;;;;;;;;;;;;;;;;;;;;;;;;;;;;;;;;;;;;;;;;;;;;;;;;;;;;;;;;;;;;;;;;;;;;;;;;;;;;;;;;;;;;;;;;;;;;;;;;;;;;;;;;;;;;;;;;;;;;;;;;;;;;;;;;;;;;;;;;;;;;;;;;;;;;;;;;;;;;;;;;;;;;;;;;;;;;;;;;;;;;;;;;;;;;;;;;;;;;;;;;72.00;;;;;;;;;;;;;;;;;;;;;;;;;;;;;;;;;;;37.00;36.00;37.00;;;;;;;;;;;;;;47.00;47.00;47.00;;;;29.50;;;;;;;;;;;1157.00;2000.00;193.80;0.00;0.00;202.00;;;;;;;;;;;;;;;;;;;;;;2000.10;2000.10;1;1;;;;;;;;;;;;;;;;;;;;;;;;0.30;0;0;0.00;0.00;;;;;86.00;86.00;86.00;;94.00;94.00;94.00;;88.00;88.00;89.00;;;;;;;;;;;;;0;10.90;13.60;8.70;14.90;15.80;14.30;1891;2119;1173;193;192;1551.80;;;30147822;4.00;;;;;;25.00
1576400400000;2019-12-15T10:00:00.000+0100;;;;;;;;;1.00;188.50;380.10;380.80;380.60;1715.00;1702.00;1702.00;4.20;;;;;4.30;4.20;;;;;;;;;1.0;;;;;;;;;;;;;;;;;;;;;;;;;;;;;;;;;;;;;;;;;;;;50.00;;;;;;;;;;;;;;;;;;;;;;;;;;;;;;;;;;;;;;37.00;54.00;37.00;6.00;;;;78.00;80.00;74.00;;;;;;;;;1664.60;1455.40;205.200;115.300;;;;;;;;;;;;;2000.100;0.000;;;;;;;;;;92.00;92.00;96.00;;;;;;;;;68608;;;;;;;;;;;;;;1927.000;;;;;;;;;;;;38.00;45.00;;;;;;;;;;;;;;0;0.00;0.00;;191.80;;3.00;-2.20;-5.00;;0.60;-1.00;;;;-3.70;;;;11.90;;;;1.10;12.00;7.00;16.70;1.40;11.70;7.80;16.40;1.40;-2.00;11.00;3.30;16.00;;;;13.00;;;;33.00;;;;;;;;41.00;;;;;;;;;;;;66.00;;;;;;;;;;;;;;;;;;;;;;;;;;;;;;;;;;;;;;;;;;;;;;;;;;;;;;;;;;;;;;;;;;;;;;;;;;;;;;;;;;;;;;;;;;;;;;;;;;;;;;;;;;;;;;;;;;;;;;;;;;;;;;;;;;;;;;;;;;;;;;;;;;;;;;;;;;;;;;;;;;;;;;;;;;;;;;;;;;;;;;;;;;;;;;;;;;;;;;;;;;;;;;;;;;;;;;72.00;;;;;;;;;;;;;;;;;;;;;;;;;;;;;;;;;;;37.00;37.00;37.00;;;;;;;;;;;;;;47.00;47.00;47.00;;;;32.80;;;;;;;;;;;1174.40;2000.00;159.60;0.00;0.00;164.20;;;;;;;;;;;;;;;;;;;;;;2000.10;2000.10;1;1;;;;;;;;;;;;;;;;;;;;;;;;0.30;0;0;0.00;0.00;;;;;86.00;86.00;86.00;;94.00;94.00;95.00;;89.00;88.00;89.00;;;;;;;;;;;;;0;11.80;14.80;8.40;14.90;16.10;14.00;1938;2113;1190;193;191;1551.20;;;30148146;4.00;;;;;;23.00
1576401000000;2019-12-15T10:10:00.000+0100;;;;;;;;;1.00;189.40;380.30;381.10;381.00;1722.00;1710.00;1710.00;3.20;;;;;3.20;3.20;;;;;;;;;1.0;;;;;;;;;;;;;;;;;;;;;;;;;;;;;;;;;;;;;;;;;;;;50.00;;;;;;;;;;;;;;;;;;;;;;;;;;;;;;;;;;;;;;37.00;54.00;37.00;6.00;;;;79.00;82.00;75.00;;;;;;;;;1675.30;1465.20;205.400;118.300;;;;;;;;;;;;;2000.100;0.000;;;;;;;;;;93.00;92.00;96.00;;;;;;;;;68608;;;;;;;;;;;;;;1934.000;;;;;;;;;;;;37.00;45.00;;;;;;;;;;;;;;0;0.00;0.00;;189.60;;3.00;0.30;-3.80;;0.80;1.40;;;;-1.30;;;;11.60;;;;1.00;11.60;5.50;15.60;1.30;11.30;7.50;16.20;1.30;-2.10;9.20;2.80;16.00;;;;13.00;;;;31.00;;;;;;;;41.00;;;;;;;;;;;;66.00;;;;;;;;;;;;;;;;;;;;;;;;;;;;;;;;;;;;;;;;;;;;;;;;;;;;;;;;;;;;;;;;;;;;;;;;;;;;;;;;;;;;;;;;;;;;;;;;;;;;;;;;;;;;;;;;;;;;;;;;;;;;;;;;;;;;;;;;;;;;;;;;;;;;;;;;;;;;;;;;;;;;;;;;;;;;;;;;;;;;;;;;;;;;;;;;;;;;;;;;;;;;;;;;;;;;;;72.00;;;;;;;;;;;;;;;;;;;;;;;;;;;;;;;;;;;37.00;37.00;37.00;;;;;;;;;;;;;;47.00;47.00;47.00;;;;34.90;;;;;;;;;;;1204.00;2000.00;158.20;0.00;0.00;162.60;;;;;;;;;;;;;;;;;;;;;;2000.10;2000.10;1;1;;;;;;;;;;;;;;;;;;;;;;;;0.30;0;0;0.00;0.00;;;;;86.00;86.00;86.00;;95.00;95.00;95.00;;89.00;89.00;89.00;;;;;;;;;;;;;0;11.50;13.60;8.80;14.90;16.10;14.00;1948;2111;1223;190;191;1550.00;;;30148470;4.00;;;;;;21.00
1576401600000;2019-12-15T10:20:00.000+0100;;;;;;;;;1.00;190.10;378.60;379.30;379.20;1736.00;1723.00;1724.00;2.80;;;;;2.80;2.80;;;;;;;;;1.0;;;;;;;;;;;;;;;;;;;;;;;;;;;;;;;;;;;;;;;;;;;;50.00;;;;;;;;;;;;;;;;;;;;;;;;;;;;;;;;;;;;;;37.00;54.00;37.00;5.00;;;;81.00;84.00;76.00;;;;;;;;;1691.40;1475.10;205.400;140.800;;;;;;;;;;;;;2000.100;0.000;;;;;;;;;;94.00;93.00;97.00;;;;;;;;;68609;;;;;;;;;;;;;;1935.400;;;;;;;;;;;;37.00;45.00;;;;;;;;;;;;;;0;0.00;0.00;;190.00;;3.00;0.80;-1.50;;1.30;2.10;;;;-0.70;;;;11.60;;;;1.10;11.40;6.70;16.20;1.40;11.10;7.50;15.40;1.40;-1.90;11.70;3.30;16.00;;;;13.00;;;;33.00;;;;;;;;41.00;;;;;;;;;;;;66.00;;;;;;;;;;;;;;;;;;;;;;;;;;;;;;;;;;;;;;;;;;;;;;;;;;;;;;;;;;;;;;;;;;;;;;;;;;;;;;;;;;;;;;;;;;;;;;;;;;;;;;;;;;;;;;;;;;;;;;;;;;;;;;;;;;;;;;;;;;;;;;;;;;;;;;;;;;;;;;;;;;;;;;;;;;;;;;;;;;;;;;;;;;;;;;;;;;;;;;;;;;;;;;;;;;;;;;72.00;;;;;;;;;;;;;;;;;;;;;;;;;;;;;;;;;;;37.00;36.00;37.00;;;;;;;;;;;;;;47.00;47.00;47.00;;;;33.70;;;;;;;;;;;1449.00;2000.00;116.90;0.00;0.00;127.60;;;;;;;;;;;;;;;;;;;;;;2000.10;2000.10;1;1;;;;;;;;;;;;;;;;;;;;;;;;0.30;0;0;0.00;0.00;;;;;87.00;86.00;87.00;;95.00;95.00;95.00;;89.00;89.00;90.00;;;;;;;;;;;;;0;11.30;14.40;8.40;14.90;16.10;14.00;1955;2120;1461;192;192;1550.60;;;30148796;4.00;;;;;;20.00
1576402200000;2019-12-15T10:30:00.000+0100;;;;;;;;;1.00;192.50;381.90;381.90;382.20;1745.00;1733.00;1730.00;3.80;;;;;3.90;3.80;;;;;;;;;1.0;;;;;;;;;;;;;;;;;;;;;;;;;;;;;;;;;;;;;;;;;;;;50.00;;;;;;;;;;;;;;;;;;;;;;;;;;;;;;;;;;;;;;37.00;54.00;37.00;6.00;;;;83.00;85.00;78.00;;;;;;;;;1660.40;1467.30;205.300;119.300;;;;;;;;;;;;;2000.100;0.000;;;;;;;;;;94.00;93.00;98.00;;;;;;;;;68609;;;;;;;;;;;;;;1967.700;;;;;;;;;;;;37.00;45.00;;;;;;;;;;;;;;0;0.00;0.00;;192.70;;3.00;0.70;0.60;;1.80;2.20;;;;-0.80;;;;11.90;;;;1.00;11.70;7.80;16.90;1.30;11.30;7.10;15.40;1.30;-1.70;8.60;2.50;16.00;;;;13.00;;;;34.00;;;;;;;;41.00;;;;;;;;;;;;66.00;;;;;;;;;;;;;;;;;;;;;;;;;;;;;;;;;;;;;;;;;;;;;;;;;;;;;;;;;;;;;;;;;;;;;;;;;;;;;;;;;;;;;;;;;;;;;;;;;;;;;;;;;;;;;;;;;;;;;;;;;;;;;;;;;;;;;;;;;;;;;;;;;;;;;;;;;;;;;;;;;;;;;;;;;;;;;;;;;;;;;;;;;;;;;;;;;;;;;;;;;;;;;;;;;;;;;;72.00;;;;;;;;;;;;;;;;;;;;;;;;;;;;;;;;;;;37.00;36.00;37.00;;;;;;;;;;;;;;47.00;47.00;47.00;;;;33.70;;;;;;;;;;;1207.20;2000.00;100.50;0.00;0.00;105.50;;;;;;;;;;;;;;;;;;;;;;2000.10;2000.10;1;1;;;;;;;;;;;;;;;;;;;;;;;;0.30;0;0;0.00;0.00;;;;;87.00;87.00;88.00;;96.00;95.00;96.00;;90.00;90.00;90.00;;;;;;;;;;;;;0;11.50;14.10;8.90;14.90;15.80;14.00;1980;2120;1225;194;195;1552.10;;;30149128;4.00;;;;;;23.00
1576402800000;2019-12-15T10:40:00.000+0100;;;;;;;;;1.00;189.10;384.00;384.10;384.20;1705.00;1693.00;1694.00;2.00;;;;;2.00;2.00;;;;;;;;;1.0;;;;;;;;;;;;;;;;;;;;;;;;;;;;;;;;;;;;;;;;;;;;50.00;;;;;;;;;;;;;;;;;;;;;;;;;;;;;;;;;;;;;;37.00;54.00;37.00;6.00;;;;85.00;88.00;81.00;;;;;;;;;1656.50;1468.20;205.400;131.200;;;;;;;;;;;;;2000.100;0.000;;;;;;;;;;94.00;94.00;98.00;;;;;;;;;68609;;;;;;;;;;;;;;1929.000;;;;;;;;;;;;38.00;46.00;;;;;;;;;;;;;;0;0.00;0.00;;195.30;;3.00;1.70;-0.30;;0.40;3.30;;;;0.00;;;;11.30;;;;1.10;11.10;7.00;16.00;1.40;10.70;6.90;16.80;1.40;-2.00;9.70;3.10;16.00;;;;13.00;;;;32.00;;;;;;;;41.00;;;;;;;;;;;;66.00;;;;;;;;;;;;;;;;;;;;;;;;;;;;;;;;;;;;;;;;;;;;;;;;;;;;;;;;;;;;;;;;;;;;;;;;;;;;;;;;;;;;;;;;;;;;;;;;;;;;;;;;;;;;;;;;;;;;;;;;;;;;;;;;;;;;;;;;;;;;;;;;;;;;;;;;;;;;;;;;;;;;;;;;;;;;;;;;;;;;;;;;;;;;;;;;;;;;;;;;;;;;;;;;;;;;;;72.00;;;;;;;;;;;;;;;;;;;;;;;;;;;;;;;;;;;37.00;37.00;37.00;;;;;;;;;;;;;;47.00;47.00;47.00;;;;30.70;;;;;;;;;;;1335.40;2000.00;125.90;0.00;0.00;132.70;;;;;;;;;;;;;;;;;;;;;;2000.10;2000.10;1;1;;;;;;;;;;;;;;;;;;;;;;;;0.30;0;0;0.00;0.00;;;;;88.00;88.00;88.00;;96.00;96.00;97.00;;90.00;90.00;91.00;;;;;;;;;;;;;0;10.90;14.00;8.50;14.90;15.80;14.00;1945;2117;1348;195;197;1550.30;;;30149452;4.00;;;;;;24.00
1576403400000;2019-12-15T10:50:00.000+0100;;;;;;;;;1.00;194.50;382.80;383.40;383.40;1757.00;1744.00;1744.00;5.70;;;;;5.70;5.70;;;;;;;;;1.0;;;;;;;;;;;;;;;;;;;;;;;;;;;;;;;;;;;;;;;;;;;;50.00;;;;;;;;;;;;;;;;;;;;;;;;;;;;;;;;;;;;;;38.00;54.00;37.00;6.00;;;;86.00;89.00;82.00;;;;;;;;;1642.20;1478.40;204.900;168.100;;;;;;;;;;;;;2000.100;0.000;;;;;;;;;;94.00;94.00;98.00;;;;;;;;;68609;;;;;;;;;;;;;;1997.000;;;;;;;;;;;;38.00;46.00;;;;;;;;;;;;;;0;0.00;0.00;;196.50;;3.00;1.10;-1.60;;0.60;2.40;;;;-1.10;;;;12.50;;;;0.90;12.30;8.70;16.50;1.20;12.00;8.00;16.30;1.30;-0.30;10.90;2.80;16.00;;;;13.00;;;;31.00;;;;;;;;41.00;;;;;;;;;;;;66.00;;;;;;;;;;;;;;;;;;;;;;;;;;;;;;;;;;;;;;;;;;;;;;;;;;;;;;;;;;;;;;;;;;;;;;;;;;;;;;;;;;;;;;;;;;;;;;;;;;;;;;;;;;;;;;;;;;;;;;;;;;;;;;;;;;;;;;;;;;;;;;;;;;;;;;;;;;;;;;;;;;;;;;;;;;;;;;;;;;;;;;;;;;;;;;;;;;;;;;;;;;;;;;;;;;;;;;72.00;;;;;;;;;;;;;;;;;;;;;;;;;;;;;;;;;;;37.00;37.00;37.00;;;;;;;;;;;;;;47.00;47.00;47.00;;;;28.30;;;;;;;;;;;1720.10;2000.00;22.00;0.00;0.00;26.70;;;;;;;;;;;;;;;;;;;;;;2000.10;2000.10;1;1;;;;;;;;;;;;;;;;;;;;;;;;0.30;0;0;0.00;0.00;;;;;88.00;88.00;88.00;;97.00;97.00;97.00;;91.00;91.00;91.00;;;;;;;;;;;;;0;12.10;14.70;9.20;14.90;15.80;14.30;2000;2111;1735;195;196;1551.20;;;30149784;4.00;;;;;;23.00
1576404000000;2019-12-15T11:00:00.000+0100;;;;;;;;;1.00;193.40;377.90;378.60;378.40;1770.00;1757.00;1756.00;3.80;;;;;3.80;3.80;;;;;;;;;1.0;;;;;;;;;;;;;;;;;;;;;;;;;;;;;;;;;;;;;;;;;;;;50.00;;;;;;;;;;;;;;;;;;;;;;;;;;;;;;;;;;;;;;38.00;54.00;37.00;6.00;;;;86.00;89.00;81.00;;;;;;;;;1666.10;1474.20;205.200;134.400;;;;;;;;;;;;;2000.100;0.000;;;;;;;;;;95.00;94.00;98.00;;;;;;;;;68609;;;;;;;;;;;;;;1974.600;;;;;;;;;;;;37.00;46.00;;;;;;;;;;;;;;0;0.00;0.00;;198.20;;3.00;-1.00;-1.80;;2.00;1.00;;;;-2.80;;;;11.90;;;;0.90;12.00;7.60;16.30;1.30;11.60;8.30;15.80;1.20;-0.80;9.80;2.80;17.00;;;;13.00;;;;34.00;;;;;;;;41.00;;;;;;;;;;;;66.00;;;;;;;;;;;;;;;;;;;;;;;;;;;;;;;;;;;;;;;;;;;;;;;;;;;;;;;;;;;;;;;;;;;;;;;;;;;;;;;;;;;;;;;;;;;;;;;;;;;;;;;;;;;;;;;;;;;;;;;;;;;;;;;;;;;;;;;;;;;;;;;;;;;;;;;;;;;;;;;;;;;;;;;;;;;;;;;;;;;;;;;;;;;;;;;;;;;;;;;;;;;;;;;;;;;;;;72.00;;;;;;;;;;;;;;;;;;;;;;;;;;;;;;;;;;;37.00;37.00;37.00;;;;;;;;;;;;;;47.00;47.00;47.00;;;;32.80;;;;;;;;;;;1363.70;2000.00;77.10;0.00;0.00;84.20;;;;;;;;;;;;;;;;;;;;;;2000.10;2000.10;1;1;;;;;;;;;;;;;;;;;;;;;;;;0.30;0;0;0.00;0.00;;;;;89.00;88.00;92.00;;98.00;97.00;99.00;;92.00;91.00;93.00;;;;;;;;;;;;;0;11.80;14.40;9.70;14.90;16.10;14.00;1989;2114;1393;201;200;1550.00;;;30150116;4.00;;;;;;22.00
1576404600000;2019-12-15T11:10:00.000+0100;;;;;;;;;1.00;166.80;376.60;377.50;377.20;1531.00;1522.00;1521.00;-1.20;;;;;-1.20;-1.20;;;;;;;;;1.0;;;;;;;;;;;;;;;;;;;;;;;;;;;;;;;;;;;;;;;;;;;;50.00;;;;;;;;;;;;;;;;;;;;;;;;;;;;;;;;;;;;;;38.00;54.00;37.00;6.00;;;;74.00;82.00;71.00;;;;;;;;;1621.00;1492.70;205.200;107.800;;;;;;;;;;;;;2000.100;0.000;;;;;;;;;;94.00;93.00;97.00;;;;;;;;;68609;;;;;;;;;;;;;;1700.900;;;;;;;;;;;;37.00;46.00;;;;;;;;;;;;;;0;0.00;0.00;;197.90;;3.00;0.00;-4.80;;1.30;1.40;;;;-2.00;;;;10.10;;;;0.80;10.20;6.80;14.10;1.10;9.90;6.80;12.80;1.00;-2.40;3.70;0.90;17.00;;;;13.00;;;;33.00;;;;;;;;41.00;;;;;;;;;;;;66.00;;;;;;;;;;;;;;;;;;;;;;;;;;;;;;;;;;;;;;;;;;;;;;;;;;;;;;;;;;;;;;;;;;;;;;;;;;;;;;;;;;;;;;;;;;;;;;;;;;;;;;;;;;;;;;;;;;;;;;;;;;;;;;;;;;;;;;;;;;;;;;;;;;;;;;;;;;;;;;;;;;;;;;;;;;;;;;;;;;;;;;;;;;;;;;;;;;;;;;;;;;;;;;;;;;;;;;72.00;;;;;;;;;;;;;;;;;;;;;;;;;;;;;;;;;;;37.00;36.00;37.00;;;;;;;;;;;;;;47.00;47.00;47.00;;;;15.80;;;;;;;;;;;1105.20;2000.00;228.70;0.00;0.00;245.10;;;;;;;;;;;;;;;;;;;;;;2000.10;2000.10;1;1;;;;;;;;;;;;;;;;;;;;;;;;0.30;0;0;0.00;0.00;;;;;92.00;92.00;92.00;;99.00;99.00;100.00;;93.00;93.00;94.00;;;;;;;;;;;;;0;10.10;11.90;7.50;14.90;15.50;14.30;1716;2116;1107;201;201;1550.00;;;30150402;4.00;;;;;;22.00
1576405200000;2019-12-15T11:20:00.000+0100;;;;;;;;;1.00;185.50;381.90;382.70;382.30;1680.00;1668.00;1667.00;0.50;;;;;0.50;0.50;;;;;;;;;1.0;;;;;;;;;;;;;;;;;;;;;;;;;;;;;;;;;;;;;;;;;;;;50.00;;;;;;;;;;;;;;;;;;;;;;;;;;;;;;;;;;;;;;38.00;54.00;37.00;6.00;;;;64.00;73.00;60.00;;;;;;;;;1645.20;1464.00;205.700;128.800;;;;;;;;;;;;;2000.100;0.000;;;;;;;;;;93.00;92.00;97.00;;;;;;;;;68610;;;;;;;;;;;;;;1880.400;;;;;;;;;;;;37.00;46.00;;;;;;;;;;;;;;0;0.00;0.00;;201.80;;3.00;-0.60;-11.70;;1.40;1.00;;;;-2.10;;;;10.80;;;;0.70;11.00;7.90;13.90;1.00;10.70;6.70;13.60;1.00;-1.80;6.20;1.70;17.00;;;;13.00;;;;31.00;;;;;;;;41.00;;;;;;;;;;;;66.00;;;;;;;;;;;;;;;;;;;;;;;;;;;;;;;;;;;;;;;;;;;;;;;;;;;;;;;;;;;;;;;;;;;;;;;;;;;;;;;;;;;;;;;;;;;;;;;;;;;;;;;;;;;;;;;;;;;;;;;;;;;;;;;;;;;;;;;;;;;;;;;;;;;;;;;;;;;;;;;;;;;;;;;;;;;;;;;;;;;;;;;;;;;;;;;;;;;;;;;;;;;;;;;;;;;;;;72.00;;;;;;;;;;;;;;;;;;;;;;;;;;;;;;;;;;;37.00;36.00;37.00;;;;;;;;;;;;;;47.00;47.00;47.00;;;;28.10;;;;;;;;;;;1313.80;2000.00;156.50;0.00;0.00;173.10;;;;;;;;;;;;;;;;;;;;;;2000.10;2000.10;1;1;;;;;;;;;;;;;;;;;;;;;;;;0.30;0;0;0.00;0.00;;;;;93.00;92.00;93.00;;100.00;100.00;100.00;;94.00;94.00;94.00;;;;;;;;;;;;;0;10.80;12.50;8.80;14.90;15.80;14.00;1908;2112;1324;203;202;1551.20;;;30150720;4.00;;;;;;21.00
1576405800000;2019-12-15T11:30:00.000+0100;;;;;;;;;1.00;186.50;382.10;382.90;382.60;1688.00;1677.00;1676.00;0.90;;;;;1.00;0.90;;;;;;;;;1.0;;;;;;;;;;;;;;;;;;;;;;;;;;;;;;;;;;;;;;;;;;;;50.00;;;;;;;;;;;;;;;;;;;;;;;;;;;;;;;;;;;;;;38.00;54.00;37.00;6.00;;;;58.00;68.00;54.00;;;;;;;;;1678.90;1483.40;205.300;107.000;;;;;;;;;;;;;2000.100;0.000;;;;;;;;;;93.00;93.00;97.00;;;;;;;;;68610;;;;;;;;;;;;;;1891.000;;;;;;;;;;;;37.00;46.00;;;;;;;;;;;;;;0;0.00;0.00;;202.00;;3.00;-1.40;-7.60;;0.80;0.50;;;;-2.40;;;;11.00;;;;0.70;11.00;6.30;15.20;1.10;10.80;7.40;14.30;1.00;-1.80;7.60;2.20;17.00;;;;13.00;;;;33.00;;;;;;;;41.00;;;;;;;;;;;;66.00;;;;;;;;;;;;;;;;;;;;;;;;;;;;;;;;;;;;;;;;;;;;;;;;;;;;;;;;;;;;;;;;;;;;;;;;;;;;;;;;;;;;;;;;;;;;;;;;;;;;;;;;;;;;;;;;;;;;;;;;;;;;;;;;;;;;;;;;;;;;;;;;;;;;;;;;;;;;;;;;;;;;;;;;;;;;;;;;;;;;;;;;;;;;;;;;;;;;;;;;;;;;;;;;;;;;;;72.00;;;;;;;;;;;;;;;;;;;;;;;;;;;;;;;;;;;37.00;37.00;37.00;;;;;;;;;;;;;;47.00;47.00;47.00;;;;28.60;;;;;;;;;;;1079.20;2000.00;164.20;0.00;0.00;178.20;;;;;;;;;;;;;;;;;;;;;;2000.10;2000.10;1;1;;;;;;;;;;;;;;;;;;;;;;;;0.30;0;0;0.00;0.00;;;;;93.00;93.00;93.00;;100.00;100.00;100.00;;94.00;94.00;94.00;;;;;;;;;;;;;0;10.90;12.90;8.90;14.90;16.10;14.30;1918;2117;1097;203;202;1551.80;;;30151038;5.00;;;;;;21.00
1576406400000;2019-12-15T11:40:00.000+0100;;;;;;;;;1.00;174.50;381.10;381.90;381.70;1583.00;1572.00;1572.00;1.10;;;;;1.10;1.10;;;;;;;;;1.0;;;;;;;;;;;;;;;;;;;;;;;;;;;;;;;;;;;;;;;;;;;;50.00;;;;;;;;;;;;;;;;;;;;;;;;;;;;;;;;;;;;;;38.00;54.00;37.00;6.00;;;;56.00;65.00;52.00;;;;;;;;;1683.10;1447.60;205.100;100.700;;;;;;;;;;;;;2000.100;0.000;;;;;;;;;;93.00;92.00;97.00;;;;;;;;;68610;;;;;;;;;;;;;;1775.700;;;;;;;;;;;;37.00;46.00;;;;;;;;;;;;;;0;0.00;0.00;;202.70;;3.00;0.70;-2.40;;1.80;2.20;;;;-0.60;;;;11.00;;;;1.80;11.00;7.00;18.90;2.10;10.80;6.40;18.90;1.90;-2.40;16.10;4.30;17.00;;;;13.00;;;;33.00;;;;;;;;41.00;;;;;;;;;;;;66.00;;;;;;;;;;;;;;;;;;;;;;;;;;;;;;;;;;;;;;;;;;;;;;;;;;;;;;;;;;;;;;;;;;;;;;;;;;;;;;;;;;;;;;;;;;;;;;;;;;;;;;;;;;;;;;;;;;;;;;;;;;;;;;;;;;;;;;;;;;;;;;;;;;;;;;;;;;;;;;;;;;;;;;;;;;;;;;;;;;;;;;;;;;;;;;;;;;;;;;;;;;;;;;;;;;;;;;72.00;;;;;;;;;;;;;;;;;;;;;;;;;;;;;;;;;;;37.00;37.00;37.00;;;;;;;;;;;;;;47.00;47.00;47.00;;;;34.00;;;;;;;;;;;1027.40;2000.00;224.10;0.00;0.00;240.40;;;;;;;;;;;;;;;;;;;;;;2000.10;2000.10;1;1;;;;;;;;;;;;;;;;;;;;;;;;0.30;0;0;0.00;0.00;;;;;92.00;90.00;93.00;;100.00;99.00;100.00;;94.00;93.00;95.00;;;;;;;;;;;;;0;10.90;17.30;8.00;14.90;16.10;14.00;1795;2118;1046;207;208;1550.90;;;30151340;5.00;;;;;;20.00
1576407000000;2019-12-15T11:50:00.000+0100;;;;;;;;;1.00;177.00;378.80;379.30;379.30;1615.00;1604.00;1603.00;1.90;;;;;1.90;1.90;;;;;;;;;1.0;;;;;;;;;;;;;;;;;;;;;;;;;;;;;;;;;;;;;;;;;;;;50.00;;;;;;;;;;;;;;;;;;;;;;;;;;;;;;;;;;;;;;38.00;54.00;37.00;6.00;;;;62.00;69.00;57.00;;;;;;;;;1709.60;1415.40;205.200;115.400;;;;;;;;;;;;;2000.100;0.000;;;;;;;;;;93.00;92.00;96.00;;;;;;;;;68610;;;;;;;;;;;;;;1802.800;;;;;;;;;;;;37.00;46.00;;;;;;;;;;;;;;0;0.00;0.00;;206.80;;3.00;1.40;-1.30;;1.50;2.70;;;;-0.40;;;;11.20;;;;1.60;10.90;4.80;16.20;1.90;10.70;6.40;16.40;1.80;-2.50;12.00;4.30;17.00;;;;13.00;;;;31.00;;;;;;;;41.00;;;;;;;;;;;;66.00;;;;;;;;;;;;;;;;;;;;;;;;;;;;;;;;;;;;;;;;;;;;;;;;;;;;;;;;;;;;;;;;;;;;;;;;;;;;;;;;;;;;;;;;;;;;;;;;;;;;;;;;;;;;;;;;;;;;;;;;;;;;;;;;;;;;;;;;;;;;;;;;;;;;;;;;;;;;;;;;;;;;;;;;;;;;;;;;;;;;;;;;;;;;;;;;;;;;;;;;;;;;;;;;;;;;;;72.00;;;;;;;;;;;;;;;;;;;;;;;;;;;;;;;;;;;37.00;37.00;37.00;;;;;;;;;;;;;;47.00;47.00;47.00;;;;33.70;;;;;;;;;;;1176.00;2000.00;244.30;0.00;0.00;255.40;;;;;;;;;;;;;;;;;;;;;;2000.10;2000.10;1;1;;;;;;;;;;;;;;;;;;;;;;;;0.30;0;0;0.00;1.00;;;;;90.00;90.00;90.00;;99.00;99.00;99.00;;93.00;93.00;93.00;;;;;;;;;;;;;0;10.80;14.60;7.10;14.90;16.40;13.70;1819;2117;1197;218;220;1551.20;;;30151642;6.00;;;;;;21.00
1576407600000;2019-12-15T12:00:00.000+0100;;;;;;;;;1.00;178.90;377.10;377.30;377.20;1641.00;1629.00;1629.00;-0.10;;;;;-0.10;-0.10;;;;;;;;;1.0;;;;;;;;;;;;;;;;;;;;;;;;;;;;;;;;;;;;;;;;;;;;50.00;;;;;;;;;;;;;;;;;;;;;;;;;;;;;;;;;;;;;;38.00;54.00;37.00;7.00;;;;68.00;74.00;64.00;;;;;;;;;1632.00;1488.50;205.400;119.500;;;;;;;;;;;;;2000.100;0.000;;;;;;;;;;93.00;92.00;96.00;;;;;;;;;68610;;;;;;;;;;;;;;1806.900;;;;;;;;;;;;37.00;47.00;;;;;;;;;;;;;;0;0.00;0.00;;223.50;;3.00;-0.80;-5.10;;1.10;1.00;;;;-2.30;;;;10.60;;;;0.70;10.70;7.00;14.40;1.10;10.40;5.90;13.90;1.10;-2.00;4.80;1.40;17.00;;;;13.00;;;;33.00;;;;;;;;41.00;;;;;;;;;;;;66.00;;;;;;;;;;;;;;;;;;;;;;;;;;;;;;;;;;;;;;;;;;;;;;;;;;;;;;;;;;;;;;;;;;;;;;;;;;;;;;;;;;;;;;;;;;;;;;;;;;;;;;;;;;;;;;;;;;;;;;;;;;;;;;;;;;;;;;;;;;;;;;;;;;;;;;;;;;;;;;;;;;;;;;;;;;;;;;;;;;;;;;;;;;;;;;;;;;;;;;;;;;;;;;;;;;;;;;72.00;;;;;;;;;;;;;;;;;;;;;;;;;;;;;;;;;;;37.00;37.00;37.00;;;;;;;;;;;;;;47.00;47.00;48.00;;;;26.90;;;;;;;;;;;1217.50;2000.00;198.10;0.00;0.00;224.10;;;;;;;;;;;;;;;;;;;;;;2000.10;2000.10;1;1;;;;;;;;;;;;;;;;;;;;;;;;0.30;0;0;0.00;0.00;;;;;90.00;90.00;90.00;;99.00;99.00;99.00;;93.00;93.00;93.00;;;;;;;;;;;;;0;10.60;12.80;8.80;14.90;15.80;14.30;1840;2112;1229;223;223;1550.30;;;30151948;6.00;;;;;;24.00
1576408200000;2019-12-15T12:10:00.000+0100;;;;;;;;;1.00;164.40;380.20;381.10;380.80;1494.00;1484.00;1481.00;-0.60;;;;;-0.60;-0.60;;;;;;;;;1.0;;;;;;;;;;;;;;;;;;;;;;;;;;;;;;;;;;;;;;;;;;;;50.00;;;;;;;;;;;;;;;;;;;;;;;;;;;;;;;;;;;;;;38.00;54.00;37.00;7.00;;;;72.00;77.00;68.00;;;;;;;;;1663.10;1479.50;205.400;71.200;;;;;;;;;;;;;2000.100;0.000;;;;;;;;;;92.00;91.00;95.00;;;;;;;;;68610;;;;;;;;;;;;;;1667.600;;;;;;;;;;;;38.00;47.00;;;;;;;;;;;;;;0;0.00;0.00;;223.10;;3.00;2.20;-0.80;;0.60;4.10;;;;0.80;;;;10.20;;;;1.20;10.00;5.50;16.70;1.50;9.70;5.70;14.60;1.40;-2.50;9.30;2.50;17.00;;;;13.00;;;;34.00;;;;;;;;41.00;;;;;;;;;;;;66.00;;;;;;;;;;;;;;;;;;;;;;;;;;;;;;;;;;;;;;;;;;;;;;;;;;;;;;;;;;;;;;;;;;;;;;;;;;;;;;;;;;;;;;;;;;;;;;;;;;;;;;;;;;;;;;;;;;;;;;;;;;;;;;;;;;;;;;;;;;;;;;;;;;;;;;;;;;;;;;;;;;;;;;;;;;;;;;;;;;;;;;;;;;;;;;;;;;;;;;;;;;;;;;;;;;;;;;73.00;;;;;;;;;;;;;;;;;;;;;;;;;;;;;;;;;;;37.00;37.00;37.00;;;;;;;;;;;;;;47.00;47.00;47.00;;;;23.90;;;;;;;;;;;713.00;2000.00;314.20;0.00;0.00;333.20;;;;;;;;;;;;;;;;;;;;;;2000.10;2000.10;1;1;;;;;;;;;;;;;;;;;;;;;;;;0.30;0;0;0.00;0.00;;;;;90.00;90.00;90.00;;99.00;99.00;99.00;;93.00;93.00;93.00;;;;;;;;;;;;;0;9.90;13.90;6.70;14.90;16.10;14.30;1689;2112;728;223;226;1550.90;;;30152230;6.00;;;;;;23.00
1576408800000;2019-12-15T12:20:00.000+0100;;;;;;;;;1.00;177.00;380.00;380.80;380.50;1610.00;1598.00;1598.00;0.40;;;;;0.40;0.40;;;;;;;;;1.0;;;;;;;;;;;;;;;;;;;;;;;;;;;;;;;;;;;;;;;;;;;;50.00;;;;;;;;;;;;;;;;;;;;;;;;;;;;;;;;;;;;;;38.00;54.00;37.00;7.00;;;;74.00;79.00;70.00;;;;;;;;;1658.30;1494.80;205.100;108.600;;;;;;;;;;;;;2000.100;0.000;;;;;;;;;;92.00;91.00;96.00;;;;;;;;;68611;;;;;;;;;;;;;;1799.700;;;;;;;;;;;;37.00;47.00;;;;;;;;;;;;;;0;0.00;0.00;;225.70;;3.00;0.70;0.50;;1.50;2.80;;;;-1.50;;;;10.70;;;;1.00;10.70;7.30;14.50;1.30;10.30;6.60;14.90;1.30;-2.20;8.50;2.70;17.00;;;;13.00;;;;31.00;;;;;;;;41.00;;;;;;;;;;;;66.00;;;;;;;;;;;;;;;;;;;;;;;;;;;;;;;;;;;;;;;;;;;;;;;;;;;;;;;;;;;;;;;;;;;;;;;;;;;;;;;;;;;;;;;;;;;;;;;;;;;;;;;;;;;;;;;;;;;;;;;;;;;;;;;;;;;;;;;;;;;;;;;;;;;;;;;;;;;;;;;;;;;;;;;;;;;;;;;;;;;;;;;;;;;;;;;;;;;;;;;;;;;;;;;;;;;;;;72.00;;;;;;;;;;;;;;;;;;;;;;;;;;;;;;;;;;;37.00;37.00;37.00;;;;;;;;;;;;;;47.00;47.00;47.00;;;;23.90;;;;;;;;;;;1085.90;2000.00;210.70;0.00;0.00;224.90;;;;;;;;;;;;;;;;;;;;;;2000.10;2000.10;1;1;;;;;;;;;;;;;;;;;;;;;;;;0.30;0;0;0.00;0.00;;;;;90.00;90.00;90.00;;99.00;99.00;99.00;;93.00;93.00;93.00;;;;;;;;;;;;;0;10.50;13.00;7.90;14.90;15.80;14.30;1820;2118;1115;227;228;1550.90;;;30152532;7.00;;;;;;22.00
1576409400000;2019-12-15T12:30:00.000+0100;;;;;;;;;1.00;184.30;377.40;378.40;378.00;1687.00;1675.00;1674.00;2.90;;;;;2.90;2.90;;;;;;;;;1.0;;;;;;;;;;;;;;;;;;;;;;;;;;;;;;;;;;;;;;;;;;;;50.00;;;;;;;;;;;;;;;;;;;;;;;;;;;;;;;;;;;;;;38.00;54.00;37.00;8.00;;;;76.00;81.00;72.00;;;;;;;;;1656.50;1475.40;205.800;115.800;;;;;;;;;;;;;2000.100;0.000;;;;;;;;;;92.00;92.00;96.00;;;;;;;;;68611;;;;;;;;;;;;;;1877.200;;;;;;;;;;;;37.00;47.00;;;;;;;;;;;;;;0;0.00;0.00;;227.80;;3.00;-0.20;-2.20;;1.20;1.50;;;;-1.50;;;;11.60;;;;1.40;11.50;7.20;16.10;1.70;11.10;7.00;15.30;1.60;-2.20;11.10;3.90;17.00;;;;14.00;;;;33.00;;;;;;;;41.00;;;;;;;;;;;;66.00;;;;;;;;;;;;;;;;;;;;;;;;;;;;;;;;;;;;;;;;;;;;;;;;;;;;;;;;;;;;;;;;;;;;;;;;;;;;;;;;;;;;;;;;;;;;;;;;;;;;;;;;;;;;;;;;;;;;;;;;;;;;;;;;;;;;;;;;;;;;;;;;;;;;;;;;;;;;;;;;;;;;;;;;;;;;;;;;;;;;;;;;;;;;;;;;;;;;;;;;;;;;;;;;;;;;;;72.00;;;;;;;;;;;;;;;;;;;;;;;;;;;;;;;;;;;37.00;37.00;37.00;;;;;;;;;;;;;;47.00;47.00;47.00;;;;31.30;;;;;;;;;;;1179.40;2000.00;195.90;0.00;0.00;204.40;;;;;;;;;;;;;;;;;;;;;;2000.10;2000.10;1;1;;;;;;;;;;;;;;;;;;;;;;;;0.30;0;0;0.00;0.00;;;;;90.00;90.00;90.00;;99.00;99.00;99.00;;93.00;93.00;93.00;;;;;;;;;;;;;0;11.30;15.00;8.00;14.90;15.80;14.00;1894;2122;1188;230;229;1550.60;;;30152850;7.00;;;;;;21.00
1576410000000;2019-12-15T12:40:00.000+0100;;;;;;;;;1.00;192.90;377.40;378.30;377.90;1766.00;1754.00;1750.00;4.00;;;;;4.00;4.00;;;;;;;;;1.0;;;;;;;;;;;;;;;;;;;;;;;;;;;;;;;;;;;;;;;;;;;;50.00;;;;;;;;;;;;;;;;;;;;;;;;;;;;;;;;;;;;;;38.00;54.00;37.00;8.00;;;;79.00;84.00;75.00;;;;;;;;;1674.40;1464.30;205.400;140.400;;;;;;;;;;;;;2000.100;0.000;;;;;;;;;;93.00;93.00;97.00;;;;;;;;;68611;;;;;;;;;;;;;;1967.700;;;;;;;;;;;;37.00;46.00;;;;;;;;;;;;;;0;0.00;0.00;;229.40;;3.00;0.70;-0.10;;1.10;2.40;;;;-1.10;;;;12.00;;;;0.90;11.70;8.00;16.30;1.30;11.30;6.60;15.40;1.20;-1.40;11.20;2.80;17.00;;;;14.00;;;;34.00;;;;;;;;41.00;;;;;;;;;;;;66.00;;;;;;;;;;;;;;;;;;;;;;;;;;;;;;;;;;;;;;;;;;;;;;;;;;;;;;;;;;;;;;;;;;;;;;;;;;;;;;;;;;;;;;;;;;;;;;;;;;;;;;;;;;;;;;;;;;;;;;;;;;;;;;;;;;;;;;;;;;;;;;;;;;;;;;;;;;;;;;;;;;;;;;;;;;;;;;;;;;;;;;;;;;;;;;;;;;;;;;;;;;;;;;;;;;;;;;72.00;;;;;;;;;;;;;;;;;;;;;;;;;;;;;;;;;;;37.00;37.00;37.00;;;;;;;;;;;;;;47.00;47.00;48.00;;;;35.20;;;;;;;;;;;1433.30;2000.00;92.10;0.00;0.00;98.00;;;;;;;;;;;;;;;;;;;;;;2000.10;2000.10;1;1;;;;;;;;;;;;;;;;;;;;;;;;0.30;0;0;0.00;0.00;;;;;90.00;90.00;90.00;;99.00;99.00;99.00;;93.00;93.00;93.00;;;;;;;;;;;;;0;11.50;14.20;8.50;14.90;16.10;14.00;1983;2111;1437;228;229;1550.90;;;30153180;7.00;;;;;;21.00
1576410600000;2019-12-15T12:50:00.000+0100;;;;;;;;;1.00;183.00;379.20;380.10;379.70;1669.00;1658.00;1656.00;1.70;;;;;1.70;1.70;;;;;;;;;1.0;;;;;;;;;;;;;;;;;;;;;;;;;;;;;;;;;;;;;;;;;;;;50.00;;;;;;;;;;;;;;;;;;;;;;;;;;;;;;;;;;;;;;38.00;54.00;37.00;8.00;;;;82.00;86.00;77.00;;;;;;;;;1654.10;1463.70;205.500;106.100;;;;;;;;;;;;;2000.100;0.000;;;;;;;;;;94.00;93.00;98.00;;;;;;;;;68611;;;;;;;;;;;;;;1862.400;;;;;;;;;;;;37.00;46.00;;;;;;;;;;;;;;0;0.00;0.00;;228.70;;3.00;0.00;-0.60;;1.20;2.10;;;;-2.20;;;;11.20;;;;1.00;11.20;7.40;15.80;1.40;10.80;7.40;14.80;1.30;-2.20;8.50;2.80;17.00;;;;14.00;;;;31.00;;;;;;;;41.00;;;;;;;;;;;;66.00;;;;;;;;;;;;;;;;;;;;;;;;;;;;;;;;;;;;;;;;;;;;;;;;;;;;;;;;;;;;;;;;;;;;;;;;;;;;;;;;;;;;;;;;;;;;;;;;;;;;;;;;;;;;;;;;;;;;;;;;;;;;;;;;;;;;;;;;;;;;;;;;;;;;;;;;;;;;;;;;;;;;;;;;;;;;;;;;;;;;;;;;;;;;;;;;;;;;;;;;;;;;;;;;;;;;;;72.00;;;;;;;;;;;;;;;;;;;;;;;;;;;;;;;;;;;37.00;37.00;37.00;;;;;;;;;;;;;;48.00;47.00;48.00;;;;31.00;;;;;;;;;;;1067.60;2000.00;199.40;0.00;0.00;211.60;;;;;;;;;;;;;;;;;;;;;;2000.10;2000.10;1;1;;;;;;;;;;;;;;;;;;;;;;;;0.30;0;0;0.00;0.00;;;;;90.00;90.00;90.00;;99.00;99.00;100.00;;93.00;93.00;93.00;;;;;;;;;;;;;0;11.00;13.80;8.10;14.90;15.80;14.00;1883;2115;1093;233;233;1552.10;;;30153492;7.00;;;;;;21.00
1576411200000;2019-12-15T13:00:00.000+0100;;;;;;;;;1.00;194.60;379.30;380.20;379.70;1773.00;1762.00;1761.00;7.80;;;;;7.90;7.80;;;;;;;;;1.0;;;;;;;;;;;;;;;;;;;;;;;;;;;;;;;;;;;;;;;;;;;;50.00;;;;;;;;;;;;;;;;;;;;;;;;;;;;;;;;;;;;;;38.00;54.00;37.00;8.00;;;;83.00;87.00;79.00;;;;;;;;;1682.80;1422.50;204.700;165.800;;;;;;;;;;;;;2000.100;0.000;;;;;;;;;;94.00;94.00;98.00;;;;;;;;;68611;;;;;;;;;;;;;;1996.700;;;;;;;;;;;;37.00;46.00;;;;;;;;;;;;;;0;0.00;0.00;;234.30;;3.00;1.40;-8.00;;1.40;2.90;;;;-0.60;;;;13.40;;;;1.20;13.00;8.40;18.60;1.70;12.60;8.00;18.30;1.40;-0.10;14.70;2.70;18.00;;;;14.00;;;;32.00;;;;;;;;41.00;;;;;;;;;;;;66.00;;;;;;;;;;;;;;;;;;;;;;;;;;;;;;;;;;;;;;;;;;;;;;;;;;;;;;;;;;;;;;;;;;;;;;;;;;;;;;;;;;;;;;;;;;;;;;;;;;;;;;;;;;;;;;;;;;;;;;;;;;;;;;;;;;;;;;;;;;;;;;;;;;;;;;;;;;;;;;;;;;;;;;;;;;;;;;;;;;;;;;;;;;;;;;;;;;;;;;;;;;;;;;;;;;;;;;72.00;;;;;;;;;;;;;;;;;;;;;;;;;;;;;;;;;;;37.00;37.00;37.00;;;;;;;;;;;;;;48.00;47.00;48.00;;;;43.60;;;;;;;;;;;1692.20;2000.00;24.10;0.00;0.00;30.20;;;;;;;;;;;;;;;;;;;;;;2000.10;2000.10;1;1;;;;;;;;;;;;;;;;;;;;;;;;0.30;0;0;0.00;0.00;;;;;91.00;90.00;91.00;;100.00;99.00;100.00;;93.00;93.00;94.00;;;;;;;;;;;;;0;12.80;16.50;9.70;14.90;16.10;13.70;2001;2114;1709;235;236;1551.80;;;30153826;7.00;;;;;;21.00
1576411800000;2019-12-15T13:10:00.000+0100;;;;;;;;;1.00;194.60;380.70;381.40;381.10;1767.00;1756.00;1754.00;7.50;;;;;7.50;7.40;;;;;;;;;1.0;;;;;;;;;;;;;;;;;;;;;;;;;;;;;;;;;;;;;;;;;;;;50.00;;;;;;;;;;;;;;;;;;;;;;;;;;;;;;;;;;;;;;38.00;54.00;37.00;8.00;;;;85.00;89.00;81.00;;;;;;;;;1659.20;1457.50;204.100;178.300;;;;;;;;;;;;;2000.100;0.000;;;;;;;;;;95.00;94.00;99.00;;;;;;;;;68611;;;;;;;;;;;;;;1999.200;;;;;;;;;;;;37.00;46.00;;;;;;;;;;;;;;0;0.00;0.00;;244.80;;3.00;0.10;-5.00;;1.90;1.30;;;;-1.90;;;;13.20;;;;1.30;13.00;8.60;18.80;1.60;12.70;8.40;18.40;1.50;0.20;15.50;3.00;18.00;;;;15.00;;;;34.00;;;;;;;;41.00;;;;;;;;;;;;66.00;;;;;;;;;;;;;;;;;;;;;;;;;;;;;;;;;;;;;;;;;;;;;;;;;;;;;;;;;;;;;;;;;;;;;;;;;;;;;;;;;;;;;;;;;;;;;;;;;;;;;;;;;;;;;;;;;;;;;;;;;;;;;;;;;;;;;;;;;;;;;;;;;;;;;;;;;;;;;;;;;;;;;;;;;;;;;;;;;;;;;;;;;;;;;;;;;;;;;;;;;;;;;;;;;;;;;;72.00;;;;;;;;;;;;;;;;;;;;;;;;;;;;;;;;;;;37.00;37.00;37.00;;;;;;;;;;;;;;48.00;47.00;48.00;;;;38.20;;;;;;;;;;;1824.00;2000.00;9.60;0.00;0.00;15.00;;;;;;;;;;;;;;;;;;;;;;2000.10;2000.10;1;1;;;;;;;;;;;;;;;;;;;;;;;;0.30;0;0;0.00;0.00;;;;;91.00;91.00;92.00;;100.00;100.00;101.00;;94.00;93.00;94.00;;;;;;;;;;;;;0;12.80;17.20;9.60;14.90;15.80;14.00;2001;2107;1837;239;239;1550.00;;;30154162;8.00;;;;;;21.00
1576412400000;2019-12-15T13:20:00.000+0100;;;;;;;;;1.00;185.60;381.20;382.10;381.50;1683.00;1671.00;1671.00;1.40;;;;;1.40;1.40;;;;;;;;;1.0;;;;;;;;;;;;;;;;;;;;;;;;;;;;;;;;;;;;;;;;;;;;50.00;;;;;;;;;;;;;;;;;;;;;;;;;;;;;;;;;;;;;;38.00;54.00;37.00;9.00;;;;79.00;86.00;75.00;;;;;;;;;1656.20;1470.00;205.400;88.000;;;;;;;;;;;;;2000.100;0.000;;;;;;;;;;95.00;94.00;99.00;;;;;;;;;68612;;;;;;;;;;;;;;1883.600;;;;;;;;;;;;37.00;46.00;;;;;;;;;;;;;;0;0.00;0.00;;237.50;;3.00;0.40;0.10;;0.60;1.80;;;;-0.80;;;;11.10;;;;0.90;11.10;5.30;14.70;1.30;11.00;7.20;14.70;1.20;-1.80;8.00;2.20;18.00;;;;15.00;;;;32.00;;;;;;;;41.00;;;;;;;;;;;;66.00;;;;;;;;;;;;;;;;;;;;;;;;;;;;;;;;;;;;;;;;;;;;;;;;;;;;;;;;;;;;;;;;;;;;;;;;;;;;;;;;;;;;;;;;;;;;;;;;;;;;;;;;;;;;;;;;;;;;;;;;;;;;;;;;;;;;;;;;;;;;;;;;;;;;;;;;;;;;;;;;;;;;;;;;;;;;;;;;;;;;;;;;;;;;;;;;;;;;;;;;;;;;;;;;;;;;;;72.00;;;;;;;;;;;;;;;;;;;;;;;;;;;;;;;;;;;37.00;37.00;37.00;;;;;;;;;;;;;;48.00;48.00;48.00;;;;32.50;;;;;;;;;;;886.90;2000.00;190.50;0.00;0.00;202.30;;;;;;;;;;;;;;;;;;;;;;2000.10;2000.10;1;1;;;;;;;;;;;;;;;;;;;;;;;;0.30;0;0;0.00;1.00;;;;;94.00;92.00;95.00;;102.00;101.00;102.00;;96.00;94.00;96.00;;;;;;;;;;;;;0;11.10;13.40;8.70;14.90;15.80;14.00;1909;2115;912;238;238;1549.70;;;30154478;8.00;;;;;;22.00
1576413000000;2019-12-15T13:30:00.000+0100;;;;;;;;;1.00;179.60;381.00;382.00;381.40;1630.00;1618.00;1619.00;0.50;;;;;0.50;0.50;;;;;;;;;1.0;;;;;;;;;;;;;;;;;;;;;;;;;;;;;;;;;;;;;;;;;;;;50.00;;;;;;;;;;;;;;;;;;;;;;;;;;;;;;;;;;;;;;38.00;54.00;37.00;9.00;;;;69.00;78.00;65.00;;;;;;;;;1661.60;1467.30;205.200;90.100;;;;;;;;;;;;;2000.100;0.000;;;;;;;;;;94.00;94.00;98.00;;;;;;;;;68612;;;;;;;;;;;;;;1822.100;;;;;;;;;;;;37.00;46.00;;;;;;;;;;;;;;0;0.00;0.00;;237.90;;3.00;0.50;0.40;;2.90;2.50;;;;-1.30;;;;10.80;;;;1.20;10.70;6.00;14.50;1.50;10.50;6.30;14.10;1.50;-2.40;7.60;2.40;18.00;;;;15.00;;;;31.00;;;;;;;;41.00;;;;;;;;;;;;66.00;;;;;;;;;;;;;;;;;;;;;;;;;;;;;;;;;;;;;;;;;;;;;;;;;;;;;;;;;;;;;;;;;;;;;;;;;;;;;;;;;;;;;;;;;;;;;;;;;;;;;;;;;;;;;;;;;;;;;;;;;;;;;;;;;;;;;;;;;;;;;;;;;;;;;;;;;;;;;;;;;;;;;;;;;;;;;;;;;;;;;;;;;;;;;;;;;;;;;;;;;;;;;;;;;;;;;;72.00;;;;;;;;;;;;;;;;;;;;;;;;;;;;;;;;;;;37.00;37.00;37.00;;;;;;;;;;;;;;48.00;48.00;48.00;;;;30.10;;;;;;;;;;;904.90;2000.00;219.90;0.00;0.00;238.10;;;;;;;;;;;;;;;;;;;;;;2000.10;2000.10;1;1;;;;;;;;;;;;;;;;;;;;;;;;0.30;0;0;0.00;0.00;;;;;95.00;95.00;95.00;;103.00;102.00;103.00;;96.00;96.00;97.00;;;;;;;;;;;;;0;10.60;13.20;7.20;14.90;16.10;14.00;1848;2117;932;240;240;1551.80;;;30154786;8.00;;;;;;23.00
1576413600000;2019-12-15T13:40:00.000+0100;;;;;;;;;1.00;167.10;381.40;382.30;381.90;1514.00;1503.00;1504.00;-0.10;;;;;-0.10;-0.10;;;;;;;;;1.0;;;;;;;;;;;;;;;;;;;;;;;;;;;;;;;;;;;;;;;;;;;;50.00;;;;;;;;;;;;;;;;;;;;;;;;;;;;;;;;;;;;;;38.00;54.00;37.00;9.00;;;;62.00;72.00;58.00;;;;;;;;;1651.10;1449.10;205.400;89.900;;;;;;;;;;;;;2000.100;0.000;;;;;;;;;;93.00;93.00;97.00;;;;;;;;;68612;;;;;;;;;;;;;;1696.500;;;;;;;;;;;;38.00;46.00;;;;;;;;;;;;;;0;0.00;0.00;;241.50;;3.00;-0.10;-9.80;;1.80;1.40;;;;-2.20;;;;10.40;;;;1.30;10.10;5.20;14.40;1.70;9.90;5.70;14.00;1.60;-2.50;7.90;2.70;18.00;;;;15.00;;;;34.00;;;;;;;;41.00;;;;;;;;;;;;66.00;;;;;;;;;;;;;;;;;;;;;;;;;;;;;;;;;;;;;;;;;;;;;;;;;;;;;;;;;;;;;;;;;;;;;;;;;;;;;;;;;;;;;;;;;;;;;;;;;;;;;;;;;;;;;;;;;;;;;;;;;;;;;;;;;;;;;;;;;;;;;;;;;;;;;;;;;;;;;;;;;;;;;;;;;;;;;;;;;;;;;;;;;;;;;;;;;;;;;;;;;;;;;;;;;;;;;;73.00;;;;;;;;;;;;;;;;;;;;;;;;;;;;;;;;;;;37.00;37.00;37.00;;;;;;;;;;;;;;48.00;47.00;48.00;;;;28.90;;;;;;;;;;;908.50;2000.00;299.50;0.00;0.00;316.50;;;;;;;;;;;;;;;;;;;;;;2000.10;2000.10;1;1;;;;;;;;;;;;;;;;;;;;;;;;0.30;0;0;0.00;1.00;;;;;96.00;95.00;96.00;;103.00;103.00;103.00;;97.00;97.00;97.00;;;;;;;;;;;;;0;10.00;13.40;6.60;14.90;15.80;14.00;1718;2116;919;244;244;1551.20;;;30155072;8.00;;;;;;23.00
1576414200000;2019-12-15T13:50:00.000+0100;;;;;;;;;1.00;190.70;381.40;382.30;381.80;1728.00;1716.00;1715.00;4.20;;;;;4.20;4.20;;;;;;;;;1.0;;;;;;;;;;;;;;;;;;;;;;;;;;;;;;;;;;;;;;;;;;;;50.00;;;;;;;;;;;;;;;;;;;;;;;;;;;;;;;;;;;;;;38.00;54.00;37.00;9.00;;;;57.00;67.00;53.00;;;;;;;;;1706.60;1450.30;205.400;126.100;;;;;;;;;;;;;2000.100;0.000;;;;;;;;;;94.00;93.00;97.00;;;;;;;;;68612;;;;;;;;;;;;;;1941.700;;;;;;;;;;;;38.00;46.00;;;;;;;;;;;;;;0;0.00;0.00;;244.00;;3.00;-1.50;-6.00;;1.40;-0.60;;;;-2.90;;;;12.10;;;;1.70;11.80;4.70;17.20;2.00;11.60;5.10;16.90;1.90;-2.40;13.80;3.80;18.00;;;;16.00;;;;32.00;;;;;;;;41.00;;;;;;;;;;;;66.00;;;;;;;;;;;;;;;;;;;;;;;;;;;;;;;;;;;;;;;;;;;;;;;;;;;;;;;;;;;;;;;;;;;;;;;;;;;;;;;;;;;;;;;;;;;;;;;;;;;;;;;;;;;;;;;;;;;;;;;;;;;;;;;;;;;;;;;;;;;;;;;;;;;;;;;;;;;;;;;;;;;;;;;;;;;;;;;;;;;;;;;;;;;;;;;;;;;;;;;;;;;;;;;;;;;;;;72.00;;;;;;;;;;;;;;;;;;;;;;;;;;;;;;;;;;;37.00;37.00;37.00;;;;;;;;;;;;;;48.00;47.00;48.00;;;;41.20;;;;;;;;;;;1283.30;2000.00;138.20;0.00;0.00;146.70;;;;;;;;;;;;;;;;;;;;;;2000.10;2000.10;1;1;;;;;;;;;;;;;;;;;;;;;;;;0.30;0;0;0.00;0.00;;;;;96.00;96.00;96.00;;103.00;103.00;103.00;;97.00;97.00;97.00;;;;;;;;;;;;;0;11.70;15.70;6.70;14.90;16.40;14.00;1960;2119;1293;243;242;1550.00;;;30155398;8.00;;;;;;23.00
1576414800000;2019-12-15T14:00:00.000+0100;;;;;;;;;1.00;188.40;383.00;383.90;383.40;1700.00;1688.00;1688.00;2.80;;;;;2.80;2.80;;;;;;;;;1.0;;;;;;;;;;;;;;;;;;;;;;;;;;;;;;;;;;;;;;;;;;;;50.00;;;;;;;;;;;;;;;;;;;;;;;;;;;;;;;;;;;;;;38.00;54.00;37.00;9.00;;;;56.00;65.00;51.00;;;;;;;;;1683.40;1453.60;205.400;105.300;;;;;;;;;;;;;2000.100;0.000;;;;;;;;;;94.00;93.00;98.00;;;;;;;;;68612;;;;;;;;;;;;;;1915.500;;;;;;;;;;;;38.00;46.00;;;;;;;;;;;;;;0;0.00;0.00;;241.70;;3.00;-0.90;-3.10;;1.70;0.10;;;;-2.50;;;;11.60;;;;1.20;11.40;7.20;15.90;1.50;11.20;6.40;15.90;1.50;-2.10;10.40;3.10;19.00;;;;16.00;;;;31.00;;;;;;;;41.00;;;;;;;;;;;;66.00;;;;;;;;;;;;;;;;;;;;;;;;;;;;;;;;;;;;;;;;;;;;;;;;;;;;;;;;;;;;;;;;;;;;;;;;;;;;;;;;;;;;;;;;;;;;;;;;;;;;;;;;;;;;;;;;;;;;;;;;;;;;;;;;;;;;;;;;;;;;;;;;;;;;;;;;;;;;;;;;;;;;;;;;;;;;;;;;;;;;;;;;;;;;;;;;;;;;;;;;;;;;;;;;;;;;;;72.00;;;;;;;;;;;;;;;;;;;;;;;;;;;;;;;;;;;37.00;37.00;37.00;;;;;;;;;;;;;;48.00;47.00;48.00;;;;37.60;;;;;;;;;;;1075.00;2000.00;155.90;0.00;0.00;165.80;;;;;;;;;;;;;;;;;;;;;;2000.10;2000.10;1;1;;;;;;;;;;;;;;;;;;;;;;;;0.30;0;0;0.00;1.00;;;;;96.00;94.00;96.00;;103.00;102.00;104.00;;97.00;96.00;97.00;;;;;;;;;;;;;0;11.30;14.20;7.90;14.90;16.10;14.00;1937;2118;1084;243;242;1550.90;;;30155722;8.00;;;;;;23.00
1576415400000;2019-12-15T14:10:00.000+0100;;;;;;;;;1.00;182.30;382.80;383.60;383.40;1645.00;1634.00;1635.00;0.60;;;;;0.60;0.60;;;;;;;;;1.0;;;;;;;;;;;;;;;;;;;;;;;;;;;;;;;;;;;;;;;;;;;;50.00;;;;;;;;;;;;;;;;;;;;;;;;;;;;;;;;;;;;;;38.00;54.00;37.00;9.00;;;;61.00;69.00;56.00;;;;;;;;;1668.40;1473.00;205.200;97.800;;;;;;;;;;;;;2000.100;0.000;;;;;;;;;;94.00;94.00;98.00;;;;;;;;;68612;;;;;;;;;;;;;;1846.500;;;;;;;;;;;;38.00;46.00;;;;;;;;;;;;;;0;0.00;0.00;;238.50;;3.00;0.10;-9.00;;2.00;1.60;;;;-1.60;;;;10.90;;;;1.20;10.50;5.80;15.30;1.50;10.40;5.50;14.80;1.60;-2.40;8.30;2.50;19.00;;;;16.00;;;;34.00;;;;;;;;41.00;;;;;;;;;;;;66.00;;;;;;;;;;;;;;;;;;;;;;;;;;;;;;;;;;;;;;;;;;;;;;;;;;;;;;;;;;;;;;;;;;;;;;;;;;;;;;;;;;;;;;;;;;;;;;;;;;;;;;;;;;;;;;;;;;;;;;;;;;;;;;;;;;;;;;;;;;;;;;;;;;;;;;;;;;;;;;;;;;;;;;;;;;;;;;;;;;;;;;;;;;;;;;;;;;;;;;;;;;;;;;;;;;;;;;72.00;;;;;;;;;;;;;;;;;;;;;;;;;;;;;;;;;;;37.00;37.00;37.00;;;;;;;;;;;;;;48.00;47.00;48.00;;;;33.70;;;;;;;;;;;976.10;2000.00;218.20;0.00;0.00;233.90;;;;;;;;;;;;;;;;;;;;;;2000.10;2000.10;1;1;;;;;;;;;;;;;;;;;;;;;;;;0.30;0;0;0.00;1.00;;;;;93.00;93.00;94.00;;102.00;102.00;103.00;;96.00;95.00;96.00;;;;;;;;;;;;;0;10.50;14.20;7.20;14.90;16.10;14.00;1875;2112;1014;244;244;1550.30;;;30156034;8.00;;;;;;22.00
1576416000000;2019-12-15T14:20:00.000+0100;;;;;;;;;1.00;168.10;382.80;383.60;383.30;1518.00;1506.00;1507.00;-0.20;;;;;-0.20;-0.20;;;;;;;;;1.0;;;;;;;;;;;;;;;;;;;;;;;;;;;;;;;;;;;;;;;;;;;;50.00;;;;;;;;;;;;;;;;;;;;;;;;;;;;;;;;;;;;;;38.00;54.00;37.00;9.00;;;;67.00;73.00;62.00;;;;;;;;;1672.00;1463.40;205.200;81.500;;;;;;;;;;;;;2000.100;0.000;;;;;;;;;;93.00;92.00;97.00;;;;;;;;;68613;;;;;;;;;;;;;;1701.500;;;;;;;;;;;;38.00;46.00;;;;;;;;;;;;;;0;0.00;0.00;;244.30;;3.00;-0.80;-2.10;;2.60;0.50;;;;-2.80;;;;10.40;;;;1.30;10.30;5.70;14.90;1.50;10.10;6.20;13.80;1.50;-2.50;7.90;2.00;19.00;;;;16.00;;;;33.00;;;;;;;;41.00;;;;;;;;;;;;66.00;;;;;;;;;;;;;;;;;;;;;;;;;;;;;;;;;;;;;;;;;;;;;;;;;;;;;;;;;;;;;;;;;;;;;;;;;;;;;;;;;;;;;;;;;;;;;;;;;;;;;;;;;;;;;;;;;;;;;;;;;;;;;;;;;;;;;;;;;;;;;;;;;;;;;;;;;;;;;;;;;;;;;;;;;;;;;;;;;;;;;;;;;;;;;;;;;;;;;;;;;;;;;;;;;;;;;;73.00;;;;;;;;;;;;;;;;;;;;;;;;;;;;;;;;;;;37.00;37.00;37.00;;;;;;;;;;;;;;48.00;47.00;48.00;;;;26.90;;;;;;;;;;;821.10;2000.00;323.30;0.00;0.00;342.60;;;;;;;;;;;;;;;;;;;;;;2000.10;2000.10;1;1;;;;;;;;;;;;;;;;;;;;;;;;0.30;0;0;0.00;0.00;;;;;93.00;93.00;93.00;;102.00;102.00;102.00;;95.00;95.00;96.00;;;;;;;;;;;;;0;10.20;12.80;7.20;14.90;16.10;14.00;1728;2112;842;245;244;1552.10;;;30156324;8.00;;;;;;22.00
1576416600000;2019-12-15T14:30:00.000+0100;;;;;;;;;1.00;160.30;383.10;383.90;383.70;1446.00;1437.00;1435.00;-0.20;;;;;-0.20;-0.20;;;;;;;;;1.0;;;;;;;;;;;;;;;;;;;;;;;;;;;;;;;;;;;;;;;;;;;;50.00;;;;;;;;;;;;;;;;;;;;;;;;;;;;;;;;;;;;;;38.00;54.00;37.00;10.00;;;;70.00;76.00;66.00;;;;;;;;;1662.20;1341.40;205.400;57.900;;;;;;;;;;;;;2000.100;0.000;;;;;;;;;;92.00;91.00;96.00;;;;;;;;;68613;;;;;;;;;;;;;;1632.400;;;;;;;;;;;;38.00;46.00;;;;;;;;;;;;;;0;0.00;0.00;;243.70;;3.00;-0.10;-8.40;;1.30;1.10;;;;-1.70;;;;10.30;;;;1.40;10.00;5.50;15.00;1.70;9.80;5.60;14.00;1.70;-2.40;9.30;2.80;19.00;;;;16.00;;;;31.00;;;;;;;;41.00;;;;;;;;;;;;66.00;;;;;;;;;;;;;;;;;;;;;;;;;;;;;;;;;;;;;;;;;;;;;;;;;;;;;;;;;;;;;;;;;;;;;;;;;;;;;;;;;;;;;;;;;;;;;;;;;;;;;;;;;;;;;;;;;;;;;;;;;;;;;;;;;;;;;;;;;;;;;;;;;;;;;;;;;;;;;;;;;;;;;;;;;;;;;;;;;;;;;;;;;;;;;;;;;;;;;;;;;;;;;;;;;;;;;;73.00;;;;;;;;;;;;;;;;;;;;;;;;;;;;;;;;;;;37.00;37.00;37.00;;;;;;;;;;;;;;47.00;47.00;47.00;;;;40.90;;;;;;;;;;;591.70;2000.00;344.30;0.00;0.00;357.20;;;;;;;;;;;;;;;;;;;;;;2000.10;2000.10;1;1;;;;;;;;;;;;;;;;;;;;;;;;0.30;0;0;0.00;0.00;;;;;93.00;93.00;93.00;;102.00;102.00;102.00;;95.00;95.00;95.00;;;;;;;;;;;;;0;9.90;13.70;6.00;14.90;15.80;12.80;1648;2115;599;246;246;1540.40;;;30156598;9.00;;;;;;22.00
1576417200000;2019-12-15T14:40:00.000+0100;;;;;;;;;1.00;160.10;382.70;383.50;383.30;1446.00;1436.00;1434.00;-0.80;;;;;-0.80;-0.80;;;;;;;;;1.0;;;;;;;;;;;;;;;;;;;;;;;;;;;;;;;;;;;;;;;;;;;;50.00;;;;;;;;;;;;;;;;;;;;;;;;;;;;;;;;;;;;;;38.00;54.00;37.00;10.00;;;;72.00;77.00;68.00;;;;;;;;;1672.60;1444.30;205.200;61.200;;;;;;;;;;;;;2000.100;0.000;;;;;;;;;;91.00;90.00;95.00;;;;;;;;;68613;;;;;;;;;;;;;;1620.400;;;;;;;;;;;;38.00;46.00;;;;;;;;;;;;;;0;0.00;0.00;;246.80;;3.00;1.60;0.00;;1.30;3.40;;;;-0.20;;;;10.10;;;;1.30;9.50;5.60;14.40;1.60;9.30;5.80;13.70;1.60;-2.50;8.00;2.10;19.00;;;;17.00;;;;33.00;;;;;;;;41.00;;;;;;;;;;;;66.00;;;;;;;;;;;;;;;;;;;;;;;;;;;;;;;;;;;;;;;;;;;;;;;;;;;;;;;;;;;;;;;;;;;;;;;;;;;;;;;;;;;;;;;;;;;;;;;;;;;;;;;;;;;;;;;;;;;;;;;;;;;;;;;;;;;;;;;;;;;;;;;;;;;;;;;;;;;;;;;;;;;;;;;;;;;;;;;;;;;;;;;;;;;;;;;;;;;;;;;;;;;;;;;;;;;;;;72.00;;;;;;;;;;;;;;;;;;;;;;;;;;;;;;;;;;;37.00;37.00;37.00;;;;;;;;;;;;;;47.00;47.00;47.00;;;;34.90;;;;;;;;;;;604.20;2000.00;369.80;0.00;0.00;391.70;;;;;;;;;;;;;;;;;;;;;;2000.10;2000.10;1;1;;;;;;;;;;;;;;;;;;;;;;;;0.30;0;0;0.00;0.00;;;;;93.00;93.00;93.00;;102.00;102.00;102.00;;95.00;95.00;95.00;;;;;;;;;;;;;0;9.40;13.00;6.30;14.90;16.10;13.70;1646;2116;627;248;250;1543.40;;;30156870;9.00;;;;;;22.00
1576417800000;2019-12-15T14:50:00.000+0100;;;;;;;;;1.00;166.00;383.10;383.80;383.60;1498.00;1487.00;1487.00;-0.10;;;;;-0.10;-0.20;;;;;;;;;1.0;;;;;;;;;;;;;;;;;;;;;;;;;;;;;;;;;;;;;;;;;;;;50.00;;;;;;;;;;;;;;;;;;;;;;;;;;;;;;;;;;;;;;38.00;54.00;37.00;10.00;;;;74.00;79.00;70.00;;;;;;;;;1674.10;1461.60;205.600;87.400;;;;;;;;;;;;;2000.100;0.000;;;;;;;;;;91.00;90.00;94.00;;;;;;;;;68613;;;;;;;;;;;;;;1689.700;;;;;;;;;;;;38.00;46.00;;;;;;;;;;;;;;0;0.00;0.00;;249.30;;3.00;-1.30;-4.10;;3.20;0.20;;;;-2.50;;;;10.40;;;;1.20;9.90;6.20;14.30;1.50;9.70;5.60;15.80;1.50;-2.50;8.60;2.80;19.00;;;;17.00;;;;34.00;;;;;;;;41.00;;;;;;;;;;;;66.00;;;;;;;;;;;;;;;;;;;;;;;;;;;;;;;;;;;;;;;;;;;;;;;;;;;;;;;;;;;;;;;;;;;;;;;;;;;;;;;;;;;;;;;;;;;;;;;;;;;;;;;;;;;;;;;;;;;;;;;;;;;;;;;;;;;;;;;;;;;;;;;;;;;;;;;;;;;;;;;;;;;;;;;;;;;;;;;;;;;;;;;;;;;;;;;;;;;;;;;;;;;;;;;;;;;;;;72.00;;;;;;;;;;;;;;;;;;;;;;;;;;;;;;;;;;;37.00;37.00;37.00;;;;;;;;;;;;;;47.00;47.00;47.00;;;;28.30;;;;;;;;;;;881.90;2000.00;280.40;0.00;0.00;293.60;;;;;;;;;;;;;;;;;;;;;;2000.10;2000.10;1;1;;;;;;;;;;;;;;;;;;;;;;;;0.30;0;0;0.00;1.00;;;;;93.00;93.00;93.00;;102.00;102.00;102.00;;95.00;95.00;95.00;;;;;;;;;;;;;0;9.80;12.70;7.20;14.90;16.10;14.00;1707;2115;904;251;250;1549.70;;;30157156;9.00;;;;;;22.00
1576418400000;2019-12-15T15:00:00.000+0100;;;;;;;;;1.00;177.70;383.50;384.20;384.00;1602.00;1592.00;1590.00;0.60;;;;;0.60;0.60;;;;;;;;;1.0;;;;;;;;;;;;;;;;;;;;;;;;;;;;;;;;;;;;;;;;;;;;50.00;;;;;;;;;;;;;;;;;;;;;;;;;;;;;;;;;;;;;;38.00;54.00;37.00;10.00;;;;76.00;81.00;72.00;;;;;;;;;1657.40;1455.10;205.400;69.700;;;;;;;;;;;;;2000.100;0.000;;;;;;;;;;92.00;91.00;95.00;;;;;;;;;68613;;;;;;;;;;;;;;1793.400;;;;;;;;;;;;38.00;46.00;;;;;;;;;;;;;;0;0.00;0.00;;246.30;;3.00;0.00;-1.40;;3.80;1.10;;;;-2.00;;;;10.80;;;;1.30;10.10;5.60;14.50;1.60;10.00;4.90;14.70;1.60;-2.40;10.00;3.00;20.00;;;;17.00;;;;31.00;;;;;;;;41.00;;;;;;;;;;;;66.00;;;;;;;;;;;;;;;;;;;;;;;;;;;;;;;;;;;;;;;;;;;;;;;;;;;;;;;;;;;;;;;;;;;;;;;;;;;;;;;;;;;;;;;;;;;;;;;;;;;;;;;;;;;;;;;;;;;;;;;;;;;;;;;;;;;;;;;;;;;;;;;;;;;;;;;;;;;;;;;;;;;;;;;;;;;;;;;;;;;;;;;;;;;;;;;;;;;;;;;;;;;;;;;;;;;;;;72.00;;;;;;;;;;;;;;;;;;;;;;;;;;;;;;;;;;;37.00;37.00;37.00;;;;;;;;;;;;;;47.00;47.00;47.00;;;;34.60;;;;;;;;;;;712.80;2000.00;268.80;0.00;0.00;287.10;;;;;;;;;;;;;;;;;;;;;;2000.10;2000.10;1;1;;;;;;;;;;;;;;;;;;;;;;;;0.30;0;0;0.00;0.00;;;;;92.00;92.00;93.00;;102.00;102.00;102.00;;95.00;95.00;95.00;;;;;;;;;;;;;0;10.10;13.60;6.40;14.90;15.80;14.00;1827;2119;720;251;251;1548.80;;;30157460;9.00;;;;;;22.00
1576419000000;2019-12-15T15:10:00.000+0100;;;;;;;;;1.00;187.30;382.70;383.50;383.30;1690.00;1680.00;1676.00;4.20;;;;;4.20;4.20;;;;;;;;;1.0;;;;;;;;;;;;;;;;;;;;;;;;;;;;;;;;;;;;;;;;;;;;50.00;;;;;;;;;;;;;;;;;;;;;;;;;;;;;;;;;;;;;;38.00;54.00;37.00;10.00;;;;79.00;83.00;74.00;;;;;;;;;1671.70;1444.00;205.100;123.900;;;;;;;;;;;;;2000.100;0.000;;;;;;;;;;93.00;92.00;96.00;;;;;;;;;68613;;;;;;;;;;;;;;1913.800;;;;;;;;;;;;38.00;46.00;;;;;;;;;;;;;;0;0.00;0.00;;249.40;;3.00;0.30;-1.80;;2.10;1.70;;;;-0.80;;;;12.20;;;;1.70;11.50;6.40;17.40;2.00;11.30;6.30;18.10;1.90;-2.20;14.80;4.70;20.00;;;;17.00;;;;32.00;;;;;;;;41.00;;;;;;;;;;;;66.00;;;;;;;;;;;;;;;;;;;;;;;;;;;;;;;;;;;;;;;;;;;;;;;;;;;;;;;;;;;;;;;;;;;;;;;;;;;;;;;;;;;;;;;;;;;;;;;;;;;;;;;;;;;;;;;;;;;;;;;;;;;;;;;;;;;;;;;;;;;;;;;;;;;;;;;;;;;;;;;;;;;;;;;;;;;;;;;;;;;;;;;;;;;;;;;;;;;;;;;;;;;;;;;;;;;;;;72.00;;;;;;;;;;;;;;;;;;;;;;;;;;;;;;;;;;;37.00;37.00;37.00;;;;;;;;;;;;;;47.00;47.00;47.00;;;;37.30;;;;;;;;;;;1264.50;2000.00;166.80;0.00;0.00;170.80;;;;;;;;;;;;;;;;;;;;;;2000.10;2000.10;1;1;;;;;;;;;;;;;;;;;;;;;;;;0.30;0;0;0.00;0.00;;;;;93.00;93.00;93.00;;102.00;102.00;102.00;;95.00;95.00;95.00;;;;;;;;;;;;;0;11.40;16.30;7.90;14.90;16.10;13.70;1925;2120;1272;249;250;1550.00;;;30157782;9.00;;;;;;22.00
1576419600000;2019-12-15T15:20:00.000+0100;;;;;;;;;1.00;187.90;383.10;383.80;383.60;1696.00;1685.00;1683.00;1.80;;;;;1.80;1.80;;;;;;;;;1.0;;;;;;;;;;;;;;;;;;;;;;;;;;;;;;;;;;;;;;;;;;;;50.00;;;;;;;;;;;;;;;;;;;;;;;;;;;;;;;;;;;;;;38.00;54.00;37.00;10.00;;;;81.00;85.00;76.00;;;;;;;;;1685.50;1460.10;205.200;112.600;;;;;;;;;;;;;2000.100;0.000;;;;;;;;;;93.00;93.00;97.00;;;;;;;;;68614;;;;;;;;;;;;;;1900.100;;;;;;;;;;;;38.00;46.00;;;;;;;;;;;;;;0;0.00;0.00;;249.00;;3.00;-0.90;-0.90;;1.30;0.10;;;;-3.30;;;;11.40;;;;1.30;10.80;5.90;16.40;1.60;10.70;6.30;15.70;1.50;-2.20;12.20;3.60;20.00;;;;17.00;;;;34.00;;;;;;;;41.00;;;;;;;;;;;;66.00;;;;;;;;;;;;;;;;;;;;;;;;;;;;;;;;;;;;;;;;;;;;;;;;;;;;;;;;;;;;;;;;;;;;;;;;;;;;;;;;;;;;;;;;;;;;;;;;;;;;;;;;;;;;;;;;;;;;;;;;;;;;;;;;;;;;;;;;;;;;;;;;;;;;;;;;;;;;;;;;;;;;;;;;;;;;;;;;;;;;;;;;;;;;;;;;;;;;;;;;;;;;;;;;;;;;;;72.00;;;;;;;;;;;;;;;;;;;;;;;;;;;;;;;;;;;37.00;37.00;37.00;;;;;;;;;;;;;;47.00;47.00;47.00;;;;37.60;;;;;;;;;;;1152.10;2000.00;146.20;0.00;0.00;162.80;;;;;;;;;;;;;;;;;;;;;;2000.10;2000.10;1;1;;;;;;;;;;;;;;;;;;;;;;;;0.30;0;0;0.00;0.00;;;;;93.00;93.00;93.00;;102.00;102.00;102.00;;95.00;95.00;95.00;;;;;;;;;;;;;0;10.70;14.80;8.20;14.90;16.10;14.00;1932;2117;1165;249;248;1552.10;;;30158104;8.00;;;;;;22.00
1576420200000;2019-12-15T15:30:00.000+0100;;;;;;;;;1.00;193.60;382.70;383.40;383.20;1749.00;1737.00;1735.00;5.50;;;;;5.50;5.50;;;;;;;;;1.0;;;;;;;;;;;;;;;;;;;;;;;;;;;;;;;;;;;;;;;;;;;;50.00;;;;;;;;;;;;;;;;;;;;;;;;;;;;;;;;;;;;;;38.00;54.00;37.00;10.00;;;;83.00;87.00;79.00;;;;;;;;;1695.30;1455.10;205.400;152.800;;;;;;;;;;;;;2000.100;0.000;;;;;;;;;;94.00;94.00;98.00;;;;;;;;;68614;;;;;;;;;;;;;;1982.700;;;;;;;;;;;;37.00;46.00;;;;;;;;;;;;;;0;0.00;0.00;;246.40;;3.00;-0.60;-2.80;;1.30;0.70;;;;-2.00;;;;12.50;;;;1.20;11.70;6.30;16.60;1.60;11.50;6.80;15.90;1.50;-1.70;11.40;3.20;20.00;;;;17.00;;;;31.00;;;;;;;;41.00;;;;;;;;;;;;66.00;;;;;;;;;;;;;;;;;;;;;;;;;;;;;;;;;;;;;;;;;;;;;;;;;;;;;;;;;;;;;;;;;;;;;;;;;;;;;;;;;;;;;;;;;;;;;;;;;;;;;;;;;;;;;;;;;;;;;;;;;;;;;;;;;;;;;;;;;;;;;;;;;;;;;;;;;;;;;;;;;;;;;;;;;;;;;;;;;;;;;;;;;;;;;;;;;;;;;;;;;;;;;;;;;;;;;;72.00;;;;;;;;;;;;;;;;;;;;;;;;;;;;;;;;;;;37.00;37.00;37.00;;;;;;;;;;;;;;47.00;47.00;47.00;;;;36.10;;;;;;;;;;;1556.20;2000.00;59.00;0.00;0.00;63.30;;;;;;;;;;;;;;;;;;;;;;2000.10;2000.10;1;1;;;;;;;;;;;;;;;;;;;;;;;;0.30;0;0;0.00;0.00;;;;;93.00;93.00;93.00;;102.00;102.00;102.00;;95.00;95.00;96.00;;;;;;;;;;;;;0;11.60;14.70;8.40;14.90;16.40;14.00;1990;2113;1568;248;247;1550.30;;;30158434;8.00;;;;;;22.00
1576420800000;2019-12-15T15:40:00.000+0100;;;;;;;;;1.00;187.10;382.70;383.40;383.20;1690.00;1679.00;1676.00;2.80;;;;;2.80;2.70;;;;;;;;;1.0;;;;;;;;;;;;;;;;;;;;;;;;;;;;;;;;;;;;;;;;;;;;50.00;;;;;;;;;;;;;;;;;;;;;;;;;;;;;;;;;;;;;;38.00;54.00;37.00;10.00;;;;85.00;89.00;81.00;;;;;;;;;1669.00;1466.40;205.100;102.700;;;;;;;;;;;;;2000.100;0.000;;;;;;;;;;95.00;94.00;98.00;;;;;;;;;68614;;;;;;;;;;;;;;1905.100;;;;;;;;;;;;37.00;46.00;;;;;;;;;;;;;;0;0.00;0.00;;248.30;;3.00;-0.10;-9.00;;1.80;1.00;;;;-1.50;;;;11.60;;;;1.40;10.90;6.50;17.70;1.80;10.70;6.20;16.30;1.70;-2.30;9.40;3.60;20.00;;;;17.00;;;;31.00;;;;;;;;41.00;;;;;;;;;;;;66.00;;;;;;;;;;;;;;;;;;;;;;;;;;;;;;;;;;;;;;;;;;;;;;;;;;;;;;;;;;;;;;;;;;;;;;;;;;;;;;;;;;;;;;;;;;;;;;;;;;;;;;;;;;;;;;;;;;;;;;;;;;;;;;;;;;;;;;;;;;;;;;;;;;;;;;;;;;;;;;;;;;;;;;;;;;;;;;;;;;;;;;;;;;;;;;;;;;;;;;;;;;;;;;;;;;;;;;72.00;;;;;;;;;;;;;;;;;;;;;;;;;;;;;;;;;;;37.00;37.00;37.00;;;;;;;;;;;;;;48.00;47.00;48.00;;;;34.60;;;;;;;;;;;1036.40;2000.00;182.50;0.00;0.00;188.50;;;;;;;;;;;;;;;;;;;;;;2000.10;2000.10;1;1;;;;;;;;;;;;;;;;;;;;;;;;0.30;0;0;0.00;0.00;;;;;93.00;93.00;93.00;;102.00;102.00;103.00;;96.00;96.00;96.00;;;;;;;;;;;;;0;10.80;15.30;7.60;14.90;16.10;14.00;1923;2113;1058;250;250;1550.30;;;30158756;8.00;;;;;;22.00
1576421400000;2019-12-15T15:50:00.000+0100;;;;;;;;;1.00;184.70;382.80;383.50;383.20;1668.00;1656.00;1657.00;1.10;;;;;1.10;1.10;;;;;;;;;1.0;;;;;;;;;;;;;;;;;;;;;;;;;;;;;;;;;;;;;;;;;;;;50.00;;;;;;;;;;;;;;;;;;;;;;;;;;;;;;;;;;;;;;38.00;54.00;37.00;10.00;;;;84.00;89.00;80.00;;;;;;;;;1641.90;1469.40;204.900;106.400;;;;;;;;;;;;;2000.100;0.000;;;;;;;;;;94.00;94.00;98.00;;;;;;;;;68614;;;;;;;;;;;;;;1879.100;;;;;;;;;;;;38.00;46.00;;;;;;;;;;;;;;0;0.00;0.00;;251.80;;3.00;-0.40;-1.70;;1.10;1.10;;;;-1.90;;;;11.10;;;;1.10;10.40;5.60;15.60;1.40;10.20;6.20;13.90;1.30;-2.30;9.70;2.90;20.00;;;;17.00;;;;34.00;;;;;;;;41.00;;;;;;;;;;;;66.00;;;;;;;;;;;;;;;;;;;;;;;;;;;;;;;;;;;;;;;;;;;;;;;;;;;;;;;;;;;;;;;;;;;;;;;;;;;;;;;;;;;;;;;;;;;;;;;;;;;;;;;;;;;;;;;;;;;;;;;;;;;;;;;;;;;;;;;;;;;;;;;;;;;;;;;;;;;;;;;;;;;;;;;;;;;;;;;;;;;;;;;;;;;;;;;;;;;;;;;;;;;;;;;;;;;;;;72.00;;;;;;;;;;;;;;;;;;;;;;;;;;;;;;;;;;;37.00;37.00;37.00;;;;;;;;;;;;;;47.00;47.00;48.00;;;;31.60;;;;;;;;;;;1073.50;2000.00;196.90;0.00;0.00;206.00;;;;;;;;;;;;;;;;;;;;;;2000.10;2000.10;1;1;;;;;;;;;;;;;;;;;;;;;;;;0.30;0;0;0.00;1.00;;;;;95.00;93.00;96.00;;103.00;103.00;104.00;;97.00;96.00;98.00;;;;;;;;;;;;;0;10.30;12.90;7.50;14.90;15.80;14.00;1900;2117;1100;250;249;1551.20;;;30159074;8.00;;;;;;22.00
1576422000000;2019-12-15T16:00:00.000+0100;;;;;;;;;1.00;158.70;382.50;383.30;382.90;1433.00;1425.00;1422.00;-1.30;;;;;-1.20;-1.20;;;;;;;;;1.0;;;;;;;;;;;;;;;;;;;;;;;;;;;;;;;;;;;;;;;;;;;;50.00;;;;;;;;;;;;;;;;;;;;;;;;;;;;;;;;;;;;;;38.00;54.00;37.00;9.00;;;;73.00;81.00;70.00;;;;;;;;;1644.00;1450.30;205.700;65.200;;;;;;;;;;;;;2000.100;0.000;;;;;;;;;;93.00;93.00;97.00;;;;;;;;;68614;;;;;;;;;;;;;;1613.200;;;;;;;;;;;;38.00;46.00;;;;;;;;;;;;;;0;0.00;0.00;;249.40;;3.00;0.30;0.10;;1.20;1.00;;;;-1.00;;;;10.00;;;;1.10;9.40;5.80;14.30;1.40;9.30;5.70;13.60;1.40;-2.50;5.50;1.70;20.00;;;;17.00;;;;33.00;;;;;;;;41.00;;;;;;;;;;;;66.00;;;;;;;;;;;;;;;;;;;;;;;;;;;;;;;;;;;;;;;;;;;;;;;;;;;;;;;;;;;;;;;;;;;;;;;;;;;;;;;;;;;;;;;;;;;;;;;;;;;;;;;;;;;;;;;;;;;;;;;;;;;;;;;;;;;;;;;;;;;;;;;;;;;;;;;;;;;;;;;;;;;;;;;;;;;;;;;;;;;;;;;;;;;;;;;;;;;;;;;;;;;;;;;;;;;;;;73.00;;;;;;;;;;;;;;;;;;;;;;;;;;;;;;;;;;;37.00;37.00;37.00;;;;;;;;;;;;;;47.00;47.00;47.00;;;;29.50;;;;;;;;;;;646.30;2000.00;326.90;0.00;0.00;346.00;;;;;;;;;;;;;;;;;;;;;;2000.10;2000.10;1;1;;;;;;;;;;;;;;;;;;;;;;;;0.30;0;0;0.00;0.00;;;;;97.00;96.00;97.00;;105.00;104.00;105.00;;98.00;98.00;98.00;;;;;;;;;;;;;0;9.40;12.50;6.50;14.90;15.80;14.00;1632;2112;673;250;250;1544.60;;;30159344;8.00;;;;;;23.00
1576422600000;2019-12-15T16:10:00.000+0100;;;;;;;;;1.00;164.00;382.50;383.20;382.90;1484.00;1473.00;1472.00;-0.40;;;;;-0.40;-0.40;;;;;;;;;1.0;;;;;;;;;;;;;;;;;;;;;;;;;;;;;;;;;;;;;;;;;;;;50.00;;;;;;;;;;;;;;;;;;;;;;;;;;;;;;;;;;;;;;38.00;54.00;37.00;9.00;;;;63.00;73.00;60.00;;;;;;;;;1684.90;1462.50;205.100;89.800;;;;;;;;;;;;;2000.100;0.000;;;;;;;;;;92.00;91.00;96.00;;;;;;;;;68614;;;;;;;;;;;;;;1665.700;;;;;;;;;;;;38.00;46.00;;;;;;;;;;;;;;0;0.00;0.00;;249.20;;3.00;1.10;-3.40;;1.30;2.80;;;;-0.80;;;;10.30;;;;1.30;9.80;6.00;16.00;1.60;9.60;5.80;14.40;1.50;-2.50;11.80;3.10;20.00;;;;17.00;;;;31.00;;;;;;;;41.00;;;;;;;;;;;;66.00;;;;;;;;;;;;;;;;;;;;;;;;;;;;;;;;;;;;;;;;;;;;;;;;;;;;;;;;;;;;;;;;;;;;;;;;;;;;;;;;;;;;;;;;;;;;;;;;;;;;;;;;;;;;;;;;;;;;;;;;;;;;;;;;;;;;;;;;;;;;;;;;;;;;;;;;;;;;;;;;;;;;;;;;;;;;;;;;;;;;;;;;;;;;;;;;;;;;;;;;;;;;;;;;;;;;;;73.00;;;;;;;;;;;;;;;;;;;;;;;;;;;;;;;;;;;37.00;37.00;37.00;;;;;;;;;;;;;;47.00;47.00;47.00;;;;30.70;;;;;;;;;;;906.20;2000.00;282.60;0.00;0.00;301.60;;;;;;;;;;;;;;;;;;;;;;2000.10;2000.10;1;1;;;;;;;;;;;;;;;;;;;;;;;;0.30;0;0;0.00;0.00;;;;;97.00;97.00;98.00;;105.00;105.00;105.00;;99.00;98.00;99.00;;;;;;;;;;;;;0;9.70;13.70;7.10;14.90;16.10;14.00;1686;2117;922;250;251;1549.70;;;30159626;8.00;;;;;;23.00
1576423200000;2019-12-15T16:20:00.000+0100;;;;;;;;;1.00;138.90;378.60;379.50;379.20;1268.00;1258.00;1258.00;-2.00;;;;;-2.00;-2.00;;;;;;;;;1.0;;;;;;;;;;;;;;;;;;;;;;;;;;;;;;;;;;;;;;;;;;;;50.00;;;;;;;;;;;;;;;;;;;;;;;;;;;;;;;;;;;;;;38.00;53.00;37.00;9.00;;;;57.00;66.00;53.00;;;;;;;;;1624.90;1407.60;205.200;71.300;;;;;;;;;;;;;2000.100;0.000;;;;;;;;;;90.00;89.00;93.00;;;;;;;;;68615;;;;;;;;;;;;;;1416.700;;;;;;;;;;;;38.00;46.00;;;;;;;;;;;;;;0;0.00;0.00;;251.80;;3.00;-0.50;-0.50;;1.20;1.30;;;;-2.20;;;;9.40;;;;1.10;8.90;5.60;13.00;1.30;8.80;5.60;12.90;1.30;-2.40;2.70;0.60;20.00;;;;17.00;;;;33.00;;;;;;;;41.00;;;;;;;;;;;;66.00;;;;;;;;;;;;;;;;;;;;;;;;;;;;;;;;;;;;;;;;;;;;;;;;;;;;;;;;;;;;;;;;;;;;;;;;;;;;;;;;;;;;;;;;;;;;;;;;;;;;;;;;;;;;;;;;;;;;;;;;;;;;;;;;;;;;;;;;;;;;;;;;;;;;;;;;;;;;;;;;;;;;;;;;;;;;;;;;;;;;;;;;;;;;;;;;;;;;;;;;;;;;;;;;;;;;;;73.00;;;;;;;;;;;;;;;;;;;;;;;;;;;;;;;;;;;37.00;37.00;37.00;;;;;;;;;;;;;;47.00;47.00;47.00;;;;30.40;;;;;;;;;;;711.00;2000.00;321.90;0.00;0.00;338.20;;;;;;;;;;;;;;;;;;;;;;2000.10;2000.10;1;1;;;;;;;;;;;;;;;;;;;;;;;;0.30;0;0;0.00;1.00;;;;;97.00;95.00;98.00;;105.00;104.00;105.00;;98.00;97.00;99.00;;;;;;;;;;;;;0;8.90;11.80;6.40;14.90;15.50;13.40;1428;2113;742;250;249;1539.80;;;30159862;8.00;;;;;;23.00
1576423800000;2019-12-15T16:30:00.000+0100;;;;;;;;;1.00;153.20;377.90;378.70;378.50;1402.00;1392.00;1390.00;-1.60;;;;;-1.60;-1.60;;;;;;;;;1.0;;;;;;;;;;;;;;;;;;;;;;;;;;;;;;;;;;;;;;;;;;;;50.00;;;;;;;;;;;;;;;;;;;;;;;;;;;;;;;;;;;;;;38.00;53.00;37.00;9.00;;;;59.00;67.00;55.00;;;;;;;;;1667.50;1479.20;205.400;74.600;;;;;;;;;;;;;2000.100;0.000;;;;;;;;;;89.00;88.00;93.00;;;;;;;;;68615;;;;;;;;;;;;;;1551.400;;;;;;;;;;;;38.00;46.00;;;;;;;;;;;;;;0;0.00;0.00;;246.90;;3.00;1.80;-6.30;;1.10;3.60;;;;0.20;;;;9.80;;;;1.00;9.00;4.70;12.40;1.40;8.90;5.90;13.20;1.20;-2.40;5.30;1.20;20.00;;;;17.00;;;;34.00;;;;;;;;41.00;;;;;;;;;;;;66.00;;;;;;;;;;;;;;;;;;;;;;;;;;;;;;;;;;;;;;;;;;;;;;;;;;;;;;;;;;;;;;;;;;;;;;;;;;;;;;;;;;;;;;;;;;;;;;;;;;;;;;;;;;;;;;;;;;;;;;;;;;;;;;;;;;;;;;;;;;;;;;;;;;;;;;;;;;;;;;;;;;;;;;;;;;;;;;;;;;;;;;;;;;;;;;;;;;;;;;;;;;;;;;;;;;;;;;72.00;;;;;;;;;;;;;;;;;;;;;;;;;;;;;;;;;;;37.00;37.00;37.00;;;;;;;;;;;;;;47.00;47.00;47.00;;;;24.80;;;;;;;;;;;752.80;2000.00;317.70;0.00;0.00;343.90;;;;;;;;;;;;;;;;;;;;;;2000.10;2000.10;1;1;;;;;;;;;;;;;;;;;;;;;;;;0.30;0;0;0.00;0.00;;;;;94.00;94.00;95.00;;103.00;103.00;104.00;;97.00;96.00;97.00;;;;;;;;;;;;;0;9.00;11.20;6.40;14.90;16.10;14.30;1574;2120;772;250;252;1544.90;;;30160126;8.00;;;;;;22.00
1576424400000;2019-12-15T16:40:00.000+0100;;;;;;;;;1.00;176.80;381.30;382.00;381.80;1602.00;1591.00;1590.00;-0.10;;;;;-0.10;-0.10;;;;;;;;;1.0;;;;;;;;;;;;;;;;;;;;;;;;;;;;;;;;;;;;;;;;;;;;50.00;;;;;;;;;;;;;;;;;;;;;;;;;;;;;;;;;;;;;;38.00;53.00;37.00;9.00;;;;64.00;70.00;60.00;;;;;;;;;1665.20;1444.90;205.800;101.900;;;;;;;;;;;;;2000.100;0.000;;;;;;;;;;90.00;89.00;93.00;;;;;;;;;68615;;;;;;;;;;;;;;1786.800;;;;;;;;;;;;38.00;46.00;;;;;;;;;;;;;;0;0.00;0.00;;252.20;;3.00;1.20;-3.20;;0.80;2.60;;;;0.00;;;;10.60;;;;1.00;9.80;4.80;14.40;1.30;9.80;5.50;13.20;1.30;-2.40;7.40;2.40;21.00;;;;17.00;;;;31.00;;;;;;;;41.00;;;;;;;;;;;;66.00;;;;;;;;;;;;;;;;;;;;;;;;;;;;;;;;;;;;;;;;;;;;;;;;;;;;;;;;;;;;;;;;;;;;;;;;;;;;;;;;;;;;;;;;;;;;;;;;;;;;;;;;;;;;;;;;;;;;;;;;;;;;;;;;;;;;;;;;;;;;;;;;;;;;;;;;;;;;;;;;;;;;;;;;;;;;;;;;;;;;;;;;;;;;;;;;;;;;;;;;;;;;;;;;;;;;;;72.00;;;;;;;;;;;;;;;;;;;;;;;;;;;;;;;;;;;37.00;37.00;37.00;;;;;;;;;;;;;;47.00;47.00;47.00;;;;32.20;;;;;;;;;;;1019.50;2000.00;237.20;0.00;0.00;258.60;;;;;;;;;;;;;;;;;;;;;;2000.10;2000.10;1;1;;;;;;;;;;;;;;;;;;;;;;;;0.30;0;0;0.00;1.00;;;;;94.00;93.00;94.00;;103.00;103.00;103.00;;96.00;96.00;97.00;;;;;;;;;;;;;0;9.80;12.50;7.00;14.90;16.10;14.00;1817;2122;1046;250;251;1549.40;;;30160430;8.00;;;;;;21.00
1576425000000;2019-12-15T16:50:00.000+0100;;;;;;;;;1.00;170.60;381.20;382.00;381.80;1546.00;1536.00;1534.00;-0.70;;;;;-0.70;-0.70;;;;;;;;;1.0;;;;;;;;;;;;;;;;;;;;;;;;;;;;;;;;;;;;;;;;;;;;50.00;;;;;;;;;;;;;;;;;;;;;;;;;;;;;;;;;;;;;;38.00;53.00;37.00;9.00;;;;69.00;74.00;64.00;;;;;;;;;1666.10;1458.40;205.400;110.200;;;;;;;;;;;;;2000.100;0.000;;;;;;;;;;91.00;90.00;94.00;;;;;;;;;68615;;;;;;;;;;;;;;1724.000;;;;;;;;;;;;37.00;46.00;;;;;;;;;;;;;;0;0.00;0.00;;252.30;;3.00;0.10;-6.10;;1.60;1.70;;;;-1.40;;;;10.40;;;;1.00;9.70;6.00;13.60;1.30;9.60;5.90;14.80;1.30;-2.50;8.00;2.20;21.00;;;;17.00;;;;32.00;;;;;;;;41.00;;;;;;;;;;;;66.00;;;;;;;;;;;;;;;;;;;;;;;;;;;;;;;;;;;;;;;;;;;;;;;;;;;;;;;;;;;;;;;;;;;;;;;;;;;;;;;;;;;;;;;;;;;;;;;;;;;;;;;;;;;;;;;;;;;;;;;;;;;;;;;;;;;;;;;;;;;;;;;;;;;;;;;;;;;;;;;;;;;;;;;;;;;;;;;;;;;;;;;;;;;;;;;;;;;;;;;;;;;;;;;;;;;;;;72.00;;;;;;;;;;;;;;;;;;;;;;;;;;;;;;;;;;;37.00;37.00;37.00;;;;;;;;;;;;;;47.00;47.00;47.00;;;;30.10;;;;;;;;;;;1126.30;2000.00;239.00;0.00;0.00;264.60;;;;;;;;;;;;;;;;;;;;;;2000.10;2000.10;1;1;;;;;;;;;;;;;;;;;;;;;;;;0.30;0;0;0.00;0.00;;;;;93.00;93.00;94.00;;103.00;103.00;103.00;;96.00;96.00;96.00;;;;;;;;;;;;;0;9.70;12.80;6.90;14.90;16.10;14.00;1754;2121;1137;251;251;1549.70;;;30160720;8.00;;;;;;21.00
1576425600000;2019-12-15T17:00:00.000+0100;;;;;;;;;1.00;184.90;381.40;382.10;382.00;1675.00;1663.00;1661.00;1.10;;;;;1.10;1.10;;;;;;;;;1.0;;;;;;;;;;;;;;;;;;;;;;;;;;;;;;;;;;;;;;;;;;;;50.00;;;;;;;;;;;;;;;;;;;;;;;;;;;;;;;;;;;;;;38.00;54.00;37.00;9.00;;;;72.00;77.00;68.00;;;;;;;;;1670.20;1453.00;205.300;97.900;;;;;;;;;;;;;2000.100;0.000;;;;;;;;;;91.00;91.00;95.00;;;;;;;;;68615;;;;;;;;;;;;;;1873.700;;;;;;;;;;;;37.00;45.00;;;;;;;;;;;;;;0;0.00;0.00;;250.70;;3.00;-0.30;-5.10;;1.00;1.30;;;;-2.00;;;;11.10;;;;1.20;10.30;5.40;16.40;1.50;10.30;5.70;17.00;1.50;-2.30;11.60;3.10;21.00;;;;17.00;;;;34.00;;;;;;;;41.00;;;;;;;;;;;;66.00;;;;;;;;;;;;;;;;;;;;;;;;;;;;;;;;;;;;;;;;;;;;;;;;;;;;;;;;;;;;;;;;;;;;;;;;;;;;;;;;;;;;;;;;;;;;;;;;;;;;;;;;;;;;;;;;;;;;;;;;;;;;;;;;;;;;;;;;;;;;;;;;;;;;;;;;;;;;;;;;;;;;;;;;;;;;;;;;;;;;;;;;;;;;;;;;;;;;;;;;;;;;;;;;;;;;;;72.00;;;;;;;;;;;;;;;;;;;;;;;;;;;;;;;;;;;37.00;37.00;37.00;;;;;;;;;;;;;;47.00;47.00;47.00;;;;36.70;;;;;;;;;;;981.80;2000.00;183.30;0.00;0.00;197.40;;;;;;;;;;;;;;;;;;;;;;2000.10;2000.10;1;1;;;;;;;;;;;;;;;;;;;;;;;;0.30;0;0;0.00;0.00;;;;;93.00;93.00;93.00;;103.00;103.00;103.00;;96.00;96.00;96.00;;;;;;;;;;;;;0;10.30;14.80;7.50;14.90;16.10;14.00;1901;2113;1010;252;251;1550.90;;;30161038;8.00;;;;;;21.00
1576426200000;2019-12-15T17:10:00.000+0100;;;;;;;;;1.00;162.60;381.10;381.90;381.70;1474.00;1465.00;1463.00;-0.80;;;;;-0.80;-0.80;;;;;;;;;1.0;;;;;;;;;;;;;;;;;;;;;;;;;;;;;;;;;;;;;;;;;;;;50.00;;;;;;;;;;;;;;;;;;;;;;;;;;;;;;;;;;;;;;38.00;54.00;37.00;9.00;;;;75.00;80.00;71.00;;;;;;;;;1660.40;1473.90;204.900;70.100;;;;;;;;;;;;;2000.100;0.000;;;;;;;;;;91.00;91.00;95.00;;;;;;;;;68615;;;;;;;;;;;;;;1649.900;;;;;;;;;;;;37.00;45.00;;;;;;;;;;;;;;0;0.00;0.00;;252.20;;3.00;-0.70;-8.70;;1.00;0.90;;;;-2.20;;;;10.10;;;;1.20;9.60;5.60;13.40;1.40;9.40;4.10;14.20;1.40;-2.40;5.10;1.80;21.00;;;;17.00;;;;32.00;;;;;;;;41.00;;;;;;;;;;;;66.00;;;;;;;;;;;;;;;;;;;;;;;;;;;;;;;;;;;;;;;;;;;;;;;;;;;;;;;;;;;;;;;;;;;;;;;;;;;;;;;;;;;;;;;;;;;;;;;;;;;;;;;;;;;;;;;;;;;;;;;;;;;;;;;;;;;;;;;;;;;;;;;;;;;;;;;;;;;;;;;;;;;;;;;;;;;;;;;;;;;;;;;;;;;;;;;;;;;;;;;;;;;;;;;;;;;;;;72.00;;;;;;;;;;;;;;;;;;;;;;;;;;;;;;;;;;;37.00;37.00;37.00;;;;;;;;;;;;;;47.00;47.00;47.00;;;;28.90;;;;;;;;;;;690.00;2000.00;332.60;0.00;0.00;352.70;;;;;;;;;;;;;;;;;;;;;;2000.10;2000.10;1;1;;;;;;;;;;;;;;;;;;;;;;;;0.30;0;0;0.00;0.00;;;;;93.00;93.00;93.00;;103.00;103.00;103.00;;96.00;96.00;96.00;;;;;;;;;;;;;0;9.50;12.60;6.40;14.90;15.80;14.00;1672;2118;726;252;251;1546.40;;;30161316;8.00;;;;;;21.00
1576426800000;2019-12-15T17:20:00.000+0100;;;;;;;;;1.00;165.80;380.80;381.70;381.40;1503.00;1494.00;1492.00;-0.70;;;;;-0.60;-0.70;;;;;;;;;1.0;;;;;;;;;;;;;;;;;;;;;;;;;;;;;;;;;;;;;;;;;;;;50.00;;;;;;;;;;;;;;;;;;;;;;;;;;;;;;;;;;;;;;38.00;53.00;37.00;9.00;;;;76.00;81.00;72.00;;;;;;;;;1691.40;1333.00;205.700;58.900;;;;;;;;;;;;;2000.100;0.000;;;;;;;;;;91.00;91.00;95.00;;;;;;;;;68616;;;;;;;;;;;;;;1678.100;;;;;;;;;;;;37.00;45.00;;;;;;;;;;;;;;0;0.00;0.00;;251.20;;3.00;0.80;-9.40;;1.30;2.60;;;;-0.60;;;;10.20;;;;1.30;9.60;5.10;13.50;1.50;9.50;5.70;14.60;1.50;-2.40;8.00;2.00;21.00;;;;17.00;;;;31.00;;;;;;;;41.00;;;;;;;;;;;;66.00;;;;;;;;;;;;;;;;;;;;;;;;;;;;;;;;;;;;;;;;;;;;;;;;;;;;;;;;;;;;;;;;;;;;;;;;;;;;;;;;;;;;;;;;;;;;;;;;;;;;;;;;;;;;;;;;;;;;;;;;;;;;;;;;;;;;;;;;;;;;;;;;;;;;;;;;;;;;;;;;;;;;;;;;;;;;;;;;;;;;;;;;;;;;;;;;;;;;;;;;;;;;;;;;;;;;;;72.00;;;;;;;;;;;;;;;;;;;;;;;;;;;;;;;;;;;37.00;37.00;37.00;;;;;;;;;;;;;;47.00;47.00;47.00;;;;48.90;;;;;;;;;;;593.00;2000.00;373.60;0.00;0.00;394.00;;;;;;;;;;;;;;;;;;;;;;2000.10;2000.10;1;1;;;;;;;;;;;;;;;;;;;;;;;;0.60;0;0;0.00;0.00;;;;;93.00;93.00;93.00;;103.00;103.00;103.00;;96.00;96.00;96.00;;;;;;;;;;;;;0;9.50;12.50;6.20;14.90;16.10;12.80;1704;2120;613;250;250;1538.30;;;30161602;7.00;;;;;;21.00
1576427400000;2019-12-15T17:30:00.000+0100;;;;;;;;;1.00;165.10;381.50;382.20;382.10;1495.00;1484.00;1483.00;-0.70;;;;;-0.70;-0.70;;;;;;;;;1.0;;;;;;;;;;;;;;;;;;;;;;;;;;;;;;;;;;;;;;;;;;;;50.00;;;;;;;;;;;;;;;;;;;;;;;;;;;;;;;;;;;;;;38.00;53.00;37.00;9.00;;;;77.00;81.00;73.00;;;;;;;;;1657.70;1405.50;205.400;71.800;;;;;;;;;;;;;2000.100;0.000;;;;;;;;;;91.00;90.00;94.00;;;;;;;;;68616;;;;;;;;;;;;;;1674.300;;;;;;;;;;;;37.00;45.00;;;;;;;;;;;;;;0;0.00;0.00;;257.80;;3.00;-0.40;-9.00;;2.30;0.90;;;;-2.10;;;;10.20;;;;1.20;9.70;5.20;13.90;1.50;9.60;5.70;14.10;1.40;-2.50;6.50;2.10;21.00;;;;17.00;;;;34.00;;;;;;;;41.00;;;;;;;;;;;;66.00;;;;;;;;;;;;;;;;;;;;;;;;;;;;;;;;;;;;;;;;;;;;;;;;;;;;;;;;;;;;;;;;;;;;;;;;;;;;;;;;;;;;;;;;;;;;;;;;;;;;;;;;;;;;;;;;;;;;;;;;;;;;;;;;;;;;;;;;;;;;;;;;;;;;;;;;;;;;;;;;;;;;;;;;;;;;;;;;;;;;;;;;;;;;;;;;;;;;;;;;;;;;;;;;;;;;;;72.00;;;;;;;;;;;;;;;;;;;;;;;;;;;;;;;;;;;37.00;36.00;37.00;;;;;;;;;;;;;;47.00;47.00;47.00;;;;30.40;;;;;;;;;;;719.10;2000.00;312.80;0.00;0.00;332.40;;;;;;;;;;;;;;;;;;;;;;2000.10;2000.10;1;1;;;;;;;;;;;;;;;;;;;;;;;;0.30;0;0;0.00;0.00;;;;;93.00;93.00;93.00;;103.00;103.00;103.00;;96.00;96.00;96.00;;;;;;;;;;;;;0;9.60;12.40;6.40;14.90;15.80;13.40;1697;2115;740;250;250;1547.30;;;30161884;7.00;;;;;;21.00
1576428000000;2019-12-15T17:40:00.000+0100;;;;;;;;;1.00;160.10;381.50;382.30;382.20;1450.00;1440.00;1439.00;-0.90;;;;;-0.90;-0.90;;;;;;;;;1.0;;;;;;;;;;;;;;;;;;;;;;;;;;;;;;;;;;;;;;;;;;;;50.00;;;;;;;;;;;;;;;;;;;;;;;;;;;;;;;;;;;;;;38.00;53.00;37.00;9.00;;;;77.00;82.00;73.00;;;;;;;;;1671.40;1415.40;205.400;88.400;;;;;;;;;;;;;2000.100;0.000;;;;;;;;;;90.00;90.00;94.00;;;;;;;;;68616;;;;;;;;;;;;;;1623.900;;;;;;;;;;;;37.00;45.00;;;;;;;;;;;;;;0;0.00;0.00;;249.50;;3.00;-1.40;-3.90;;1.20;0.40;;;;-2.40;;;;10.10;;;;1.40;9.70;5.50;14.50;1.70;9.50;5.60;13.80;1.60;-2.40;8.20;2.10;21.00;;;;17.00;;;;32.00;;;;;;;;41.00;;;;;;;;;;;;66.00;;;;;;;;;;;;;;;;;;;;;;;;;;;;;;;;;;;;;;;;;;;;;;;;;;;;;;;;;;;;;;;;;;;;;;;;;;;;;;;;;;;;;;;;;;;;;;;;;;;;;;;;;;;;;;;;;;;;;;;;;;;;;;;;;;;;;;;;;;;;;;;;;;;;;;;;;;;;;;;;;;;;;;;;;;;;;;;;;;;;;;;;;;;;;;;;;;;;;;;;;;;;;;;;;;;;;;72.00;;;;;;;;;;;;;;;;;;;;;;;;;;;;;;;;;;;37.00;36.00;37.00;;;;;;;;;;;;;;47.00;47.00;47.00;;;;38.50;;;;;;;;;;;898.80;2000.00;310.30;0.00;0.00;332.00;;;;;;;;;;;;;;;;;;;;;;2000.10;2000.10;1;1;;;;;;;;;;;;;;;;;;;;;;;;0.30;0;0;0.00;0.00;;;;;93.00;93.00;93.00;;103.00;103.00;103.00;;96.00;96.00;96.00;;;;;;;;;;;;;0;9.60;12.90;6.30;14.90;16.10;13.70;1646;2111;912;253;251;1541.00;;;30162158;7.00;;;;;;21.00
1576428600000;2019-12-15T17:50:00.000+0100;;;;;;;;;1.00;170.00;382.50;383.20;383.10;1537.00;1527.00;1526.00;-0.20;;;;;-0.20;-0.20;;;;;;;;;1.0;;;;;;;;;;;;;;;;;;;;;;;;;;;;;;;;;;;;;;;;;;;;50.00;;;;;;;;;;;;;;;;;;;;;;;;;;;;;;;;;;;;;;38.00;53.00;37.00;9.00;;;;78.00;82.00;74.00;;;;;;;;;1675.30;1468.50;205.200;76.000;;;;;;;;;;;;;2000.100;0.000;;;;;;;;;;90.00;90.00;94.00;;;;;;;;;68616;;;;;;;;;;;;;;1721.000;;;;;;;;;;;;37.00;45.00;;;;;;;;;;;;;;0;0.00;0.00;;252.00;;3.00;-0.20;-2.80;;1.30;1.10;;;;-1.40;;;;10.40;;;;1.20;9.90;5.60;14.70;1.50;9.70;5.30;14.10;1.40;-2.40;8.80;2.50;21.00;;;;17.00;;;;31.00;;;;;;;;41.00;;;;;;;;;;;;66.00;;;;;;;;;;;;;;;;;;;;;;;;;;;;;;;;;;;;;;;;;;;;;;;;;;;;;;;;;;;;;;;;;;;;;;;;;;;;;;;;;;;;;;;;;;;;;;;;;;;;;;;;;;;;;;;;;;;;;;;;;;;;;;;;;;;;;;;;;;;;;;;;;;;;;;;;;;;;;;;;;;;;;;;;;;;;;;;;;;;;;;;;;;;;;;;;;;;;;;;;;;;;;;;;;;;;;;72.00;;;;;;;;;;;;;;;;;;;;;;;;;;;;;;;;;;;37.00;37.00;37.00;;;;;;;;;;;;;;47.00;47.00;47.00;;;;31.30;;;;;;;;;;;766.40;2000.00;282.60;0.00;0.00;303.10;;;;;;;;;;;;;;;;;;;;;;2000.10;2000.10;1;1;;;;;;;;;;;;;;;;;;;;;;;;0.30;0;0;0.00;0.00;;;;;93.00;93.00;93.00;;103.00;103.00;103.00;;96.00;96.00;96.00;;;;;;;;;;;;;0;9.80;13.20;6.50;14.90;16.10;14.00;1748;2116;773;251;251;1550.30;;;30162450;7.00;;;;;;21.00
1576429200000;2019-12-15T18:00:00.000+0100;;;;;;;;;1.00;184.60;383.10;383.90;383.70;1666.00;1654.00;1655.00;2.30;;;;;2.30;2.30;;;;;;;;;1.0;;;;;;;;;;;;;;;;;;;;;;;;;;;;;;;;;;;;;;;;;;;;50.00;;;;;;;;;;;;;;;;;;;;;;;;;;;;;;;;;;;;;;38.00;53.00;37.00;9.00;;;;79.00;83.00;75.00;;;;;;;;;1675.60;1432.70;205.300;106.600;;;;;;;;;;;;;2000.100;0.000;;;;;;;;;;91.00;91.00;95.00;;;;;;;;;68616;;;;;;;;;;;;;;1878.000;;;;;;;;;;;;37.00;45.00;;;;;;;;;;;;;;0;0.00;0.00;;250.10;;3.00;-0.80;-6.60;;1.00;0.20;;;;-2.40;;;;11.40;;;;1.30;10.60;6.10;15.80;1.60;10.50;5.90;15.60;1.60;-2.40;9.80;3.40;21.00;;;;17.00;;;;34.00;;;;;;;;41.00;;;;;;;;;;;;66.00;;;;;;;;;;;;;;;;;;;;;;;;;;;;;;;;;;;;;;;;;;;;;;;;;;;;;;;;;;;;;;;;;;;;;;;;;;;;;;;;;;;;;;;;;;;;;;;;;;;;;;;;;;;;;;;;;;;;;;;;;;;;;;;;;;;;;;;;;;;;;;;;;;;;;;;;;;;;;;;;;;;;;;;;;;;;;;;;;;;;;;;;;;;;;;;;;;;;;;;;;;;;;;;;;;;;;;72.00;;;;;;;;;;;;;;;;;;;;;;;;;;;;;;;;;;;37.00;37.00;37.00;;;;;;;;;;;;;;47.00;47.00;47.00;;;;38.50;;;;;;;;;;;1061.80;2000.00;217.50;0.00;0.00;224.10;;;;;;;;;;;;;;;;;;;;;;2000.10;2000.10;1;1;;;;;;;;;;;;;;;;;;;;;;;;0.30;0;0;0.00;0.00;;;;;93.00;93.00;93.00;;103.00;103.00;103.00;;96.00;96.00;96.00;;;;;;;;;;;;;0;10.60;14.10;7.00;14.90;16.10;13.70;1898;2124;1108;250;249;1549.70;;;30162764;7.00;;;;;;21.00
1576429800000;2019-12-15T18:10:00.000+0100;;;;;;;;;1.00;178.30;382.30;383.00;382.90;1612.00;1601.00;1601.00;1.00;;;;;1.00;1.00;;;;;;;;;1.0;;;;;;;;;;;;;;;;;;;;;;;;;;;;;;;;;;;;;;;;;;;;50.00;;;;;;;;;;;;;;;;;;;;;;;;;;;;;;;;;;;;;;38.00;54.00;37.00;9.00;;;;80.00;84.00;76.00;;;;;;;;;1681.00;1461.00;204.900;86.500;;;;;;;;;;;;;2000.100;0.000;;;;;;;;;;92.00;91.00;95.00;;;;;;;;;68616;;;;;;;;;;;;;;1815.300;;;;;;;;;;;;36.00;44.00;;;;;;;;;;;;;;0;0.00;0.00;;251.40;;3.00;0.80;0.60;;1.20;1.90;;;;-0.50;;;;10.90;;;;1.20;10.20;6.20;16.00;1.50;10.10;5.90;14.60;1.50;-2.50;9.20;3.20;21.00;;;;17.00;;;;33.00;;;;;;;;41.00;;;;;;;;;;;;66.00;;;;;;;;;;;;;;;;;;;;;;;;;;;;;;;;;;;;;;;;;;;;;;;;;;;;;;;;;;;;;;;;;;;;;;;;;;;;;;;;;;;;;;;;;;;;;;;;;;;;;;;;;;;;;;;;;;;;;;;;;;;;;;;;;;;;;;;;;;;;;;;;;;;;;;;;;;;;;;;;;;;;;;;;;;;;;;;;;;;;;;;;;;;;;;;;;;;;;;;;;;;;;;;;;;;;;;72.00;;;;;;;;;;;;;;;;;;;;;;;;;;;;;;;;;;;37.00;37.00;37.00;;;;;;;;;;;;;;47.00;47.00;47.00;;;;33.40;;;;;;;;;;;863.90;2000.00;253.50;0.00;0.00;263.20;;;;;;;;;;;;;;;;;;;;;;2000.10;2000.10;1;1;;;;;;;;;;;;;;;;;;;;;;;;0.30;0;0;0.00;1.00;;;;;93.00;93.00;93.00;;103.00;103.00;103.00;;96.00;96.00;96.00;;;;;;;;;;;;;0;10.10;12.80;7.10;14.90;16.10;14.00;1834;2121;886;250;251;1550.60;;;30163072;7.00;;;;;;21.00
1576430400000;2019-12-15T18:20:00.000+0100;;;;;;;;;1.00;187.20;382.70;383.50;383.30;1691.00;1680.00;1680.00;2.20;;;;;2.20;2.20;;;;;;;;;1.0;;;;;;;;;;;;;;;;;;;;;;;;;;;;;;;;;;;;;;;;;;;;50.00;;;;;;;;;;;;;;;;;;;;;;;;;;;;;;;;;;;;;;38.00;54.00;37.00;9.00;;;;82.00;86.00;78.00;;;;;;;;;1684.00;1471.20;205.200;113.600;;;;;;;;;;;;;2000.100;0.000;;;;;;;;;;93.00;92.00;96.00;;;;;;;;;68617;;;;;;;;;;;;;;1902.700;;;;;;;;;;;;36.00;44.00;;;;;;;;;;;;;;0;0.00;0.00;;249.70;;3.00;0.90;-0.20;;1.80;2.40;;;;-0.90;;;;11.40;;;;1.10;10.80;5.80;14.80;1.40;10.60;6.60;14.70;1.40;-2.20;11.90;3.40;21.00;;;;17.00;;;;31.00;;;;;;;;41.00;;;;;;;;;;;;66.00;;;;;;;;;;;;;;;;;;;;;;;;;;;;;;;;;;;;;;;;;;;;;;;;;;;;;;;;;;;;;;;;;;;;;;;;;;;;;;;;;;;;;;;;;;;;;;;;;;;;;;;;;;;;;;;;;;;;;;;;;;;;;;;;;;;;;;;;;;;;;;;;;;;;;;;;;;;;;;;;;;;;;;;;;;;;;;;;;;;;;;;;;;;;;;;;;;;;;;;;;;;;;;;;;;;;;;72.00;;;;;;;;;;;;;;;;;;;;;;;;;;;;;;;;;;;37.00;37.00;37.00;;;;;;;;;;;;;;47.00;47.00;47.00;;;;36.40;;;;;;;;;;;1154.10;2000.00;167.40;0.00;0.00;178.50;;;;;;;;;;;;;;;;;;;;;;2000.10;2000.10;1;1;;;;;;;;;;;;;;;;;;;;;;;;0.30;0;0;0.00;0.00;;;;;93.00;93.00;93.00;;103.00;103.00;103.00;;96.00;96.00;96.00;;;;;;;;;;;;;0;10.70;14.10;7.80;14.90;16.10;14.00;1925;2121;1167;250;251;1551.20;;;30163390;7.00;;;;;;21.00
1576431000000;2019-12-15T18:30:00.000+0100;;;;;;;;;1.00;179.30;383.10;383.90;383.70;1617.00;1609.00;1606.00;3.20;;;;;3.20;3.20;;;;;;;;;1.0;;;;;;;;;;;;;;;;;;;;;;;;;;;;;;;;;;;;;;;;;;;;50.00;;;;;;;;;;;;;;;;;;;;;;;;;;;;;;;;;;;;;;38.00;54.00;37.00;9.00;;;;83.00;87.00;79.00;;;;;;;;;1686.00;1432.40;205.100;70.500;;;;;;;;;;;;;2000.100;0.000;;;;;;;;;;93.00;93.00;97.00;;;;;;;;;68617;;;;;;;;;;;;;;1835.200;;;;;;;;;;;;37.00;44.00;;;;;;;;;;;;;;0;0.00;0.00;;251.00;;3.00;0.60;-2.50;;0.60;1.70;;;;-1.10;;;;11.60;;;;1.60;10.80;5.80;17.00;1.80;10.50;5.60;15.80;1.80;-2.50;11.40;4.10;20.00;;;;17.00;;;;33.00;;;;;;;;41.00;;;;;;;;;;;;66.00;;;;;;;;;;;;;;;;;;;;;;;;;;;;;;;;;;;;;;;;;;;;;;;;;;;;;;;;;;;;;;;;;;;;;;;;;;;;;;;;;;;;;;;;;;;;;;;;;;;;;;;;;;;;;;;;;;;;;;;;;;;;;;;;;;;;;;;;;;;;;;;;;;;;;;;;;;;;;;;;;;;;;;;;;;;;;;;;;;;;;;;;;;;;;;;;;;;;;;;;;;;;;;;;;;;;;;72.00;;;;;;;;;;;;;;;;;;;;;;;;;;;;;;;;;;;37.00;37.00;37.00;;;;;;;;;;;;;;47.00;47.00;47.00;;;;37.60;;;;;;;;;;;716.00;2000.00;286.80;0.00;0.00;290.20;;;;;;;;;;;;;;;;;;;;;;2000.10;2000.10;1;1;;;;;;;;;;;;;;;;;;;;;;;;0.30;0;0;0.00;0.00;;;;;93.00;93.00;93.00;;103.00;103.00;103.00;;96.00;96.00;96.00;;;;;;;;;;;;;0;10.70;14.70;6.50;14.90;16.10;13.70;1844;2110;722;250;250;1546.40;;;30163698;7.00;;;;;;21.00
1576431600000;2019-12-15T18:40:00.000+0100;;;;;;;;;1.00;177.20;383.60;384.30;384.20;1597.00;1588.00;1586.00;1.10;;;;;1.10;1.10;;;;;;;;;1.0;;;;;;;;;;;;;;;;;;;;;;;;;;;;;;;;;;;;;;;;;;;;50.00;;;;;;;;;;;;;;;;;;;;;;;;;;;;;;;;;;;;;;38.00;54.00;37.00;9.00;;;;84.00;88.00;80.00;;;;;;;;;1696.50;1453.60;205.400;87.700;;;;;;;;;;;;;2000.100;0.000;;;;;;;;;;93.00;92.00;96.00;;;;;;;;;68617;;;;;;;;;;;;;;1801.600;;;;;;;;;;;;37.00;44.00;;;;;;;;;;;;;;0;0.00;0.00;;249.50;;3.00;0.40;-8.40;;1.10;1.70;;;;-1.20;;;;10.90;;;;1.30;10.30;4.50;15.60;1.60;10.10;5.20;15.00;1.50;-2.50;9.90;3.40;20.00;;;;17.00;;;;34.00;;;;;;;;41.00;;;;;;;;;;;;66.00;;;;;;;;;;;;;;;;;;;;;;;;;;;;;;;;;;;;;;;;;;;;;;;;;;;;;;;;;;;;;;;;;;;;;;;;;;;;;;;;;;;;;;;;;;;;;;;;;;;;;;;;;;;;;;;;;;;;;;;;;;;;;;;;;;;;;;;;;;;;;;;;;;;;;;;;;;;;;;;;;;;;;;;;;;;;;;;;;;;;;;;;;;;;;;;;;;;;;;;;;;;;;;;;;;;;;;72.00;;;;;;;;;;;;;;;;;;;;;;;;;;;;;;;;;;;37.00;37.00;37.00;;;;;;;;;;;;;;47.00;47.00;47.00;;;;34.90;;;;;;;;;;;857.90;2000.00;264.30;0.00;0.00;277.60;;;;;;;;;;;;;;;;;;;;;;2000.10;2000.10;1;1;;;;;;;;;;;;;;;;;;;;;;;;0.30;0;0;0.00;0.00;;;;;93.00;93.00;94.00;;103.00;103.00;103.00;;96.00;96.00;97.00;;;;;;;;;;;;;0;10.20;13.40;6.50;14.90;16.40;14.00;1823;2117;906;251;251;1548.50;;;30164002;7.00;;;;;;21.00
1576432200000;2019-12-15T18:50:00.000+0100;;;;;;;;;1.00;170.30;377.60;378.40;378.30;1560.00;1550.00;1548.00;-0.80;;;;;-0.80;-0.80;;;;;;;;;1.0;;;;;;;;;;;;;;;;;;;;;;;;;;;;;;;;;;;;;;;;;;;;50.00;;;;;;;;;;;;;;;;;;;;;;;;;;;;;;;;;;;;;;38.00;54.00;37.00;9.00;;;;84.00;88.00;80.00;;;;;;;;;1657.70;1477.80;205.200;83.100;;;;;;;;;;;;;2000.100;0.000;;;;;;;;;;93.00;92.00;96.00;;;;;;;;;68617;;;;;;;;;;;;;;1728.600;;;;;;;;;;;;37.00;44.00;;;;;;;;;;;;;;0;0.00;0.00;;256.70;;3.00;-0.60;-7.10;;1.30;0.80;;;;-2.90;;;;10.30;;;;1.00;9.70;6.40;14.60;1.30;9.60;6.30;13.30;1.30;-2.50;6.80;2.00;20.00;;;;17.00;;;;31.00;;;;;;;;41.00;;;;;;;;;;;;66.00;;;;;;;;;;;;;;;;;;;;;;;;;;;;;;;;;;;;;;;;;;;;;;;;;;;;;;;;;;;;;;;;;;;;;;;;;;;;;;;;;;;;;;;;;;;;;;;;;;;;;;;;;;;;;;;;;;;;;;;;;;;;;;;;;;;;;;;;;;;;;;;;;;;;;;;;;;;;;;;;;;;;;;;;;;;;;;;;;;;;;;;;;;;;;;;;;;;;;;;;;;;;;;;;;;;;;;72.00;;;;;;;;;;;;;;;;;;;;;;;;;;;;;;;;;;;37.00;37.00;37.00;;;;;;;;;;;;;;47.00;47.00;47.00;;;;26.60;;;;;;;;;;;835.60;2000.00;259.50;0.00;0.00;278.10;;;;;;;;;;;;;;;;;;;;;;2000.10;2000.10;1;1;;;;;;;;;;;;;;;;;;;;;;;;0.30;0;0;0.00;1.00;;;;;94.00;93.00;94.00;;103.00;103.00;103.00;;97.00;96.00;97.00;;;;;;;;;;;;;0;9.60;12.40;7.10;14.90;15.80;14.30;1751;2117;868;251;251;1550.00;;;30164294;7.00;;;;;;21.00
1576432800000;2019-12-15T19:00:00.000+0100;;;;;;;;;1.00;177.50;380.10;380.90;380.70;1613.00;1601.00;1601.00;1.20;;;;;1.20;1.20;;;;;;;;;1.0;;;;;;;;;;;;;;;;;;;;;;;;;;;;;;;;;;;;;;;;;;;;50.00;;;;;;;;;;;;;;;;;;;;;;;;;;;;;;;;;;;;;;38.00;54.00;37.00;9.00;;;;84.00;88.00;80.00;;;;;;;;;1658.30;1423.70;205.100;74.700;;;;;;;;;;;;;2000.100;0.000;;;;;;;;;;93.00;92.00;96.00;;;;;;;;;68617;;;;;;;;;;;;;;1804.000;;;;;;;;;;;;37.00;44.00;;;;;;;;;;;;;;0;0.00;0.00;;250.60;;3.00;0.30;-6.80;;1.30;1.70;;;;-1.80;;;;10.90;;;;1.30;10.10;6.10;14.30;1.60;9.90;5.50;14.80;1.60;-2.50;9.40;3.00;20.00;;;;17.00;;;;33.00;;;;;;;;41.00;;;;;;;;;;;;66.00;;;;;;;;;;;;;;;;;;;;;;;;;;;;;;;;;;;;;;;;;;;;;;;;;;;;;;;;;;;;;;;;;;;;;;;;;;;;;;;;;;;;;;;;;;;;;;;;;;;;;;;;;;;;;;;;;;;;;;;;;;;;;;;;;;;;;;;;;;;;;;;;;;;;;;;;;;;;;;;;;;;;;;;;;;;;;;;;;;;;;;;;;;;;;;;;;;;;;;;;;;;;;;;;;;;;;;72.00;;;;;;;;;;;;;;;;;;;;;;;;;;;;;;;;;;;37.00;37.00;37.00;;;;;;;;;;;;;;47.00;47.00;47.00;;;;40.00;;;;;;;;;;;757.40;2000.00;314.60;0.00;0.00;323.40;;;;;;;;;;;;;;;;;;;;;;2000.10;2000.10;1;1;;;;;;;;;;;;;;;;;;;;;;;;0.30;0;0;0.00;1.00;;;;;94.00;94.00;94.00;;103.00;103.00;103.00;;97.00;97.00;97.00;;;;;;;;;;;;;0;10.00;13.20;6.70;14.90;15.80;13.70;1824;2124;776;251;251;1544.60;;;30164598;7.00;;;;;;21.00
1576433400000;2019-12-15T19:10:00.000+0100;;;;;;;;;1.00;166.30;381.20;382.00;381.90;1509.00;1498.00;1497.00;0.10;;;;;0.10;0.10;;;;;;;;;1.0;;;;;;;;;;;;;;;;;;;;;;;;;;;;;;;;;;;;;;;;;;;;50.00;;;;;;;;;;;;;;;;;;;;;;;;;;;;;;;;;;;;;;38.00;54.00;37.00;9.00;;;;84.00;88.00;80.00;;;;;;;;;1663.70;1448.80;205.400;83.600;;;;;;;;;;;;;2000.100;0.000;;;;;;;;;;92.00;91.00;95.00;;;;;;;;;68617;;;;;;;;;;;;;;1684.600;;;;;;;;;;;;36.00;44.00;;;;;;;;;;;;;;0;0.00;0.00;;252.80;;3.00;0.40;-4.10;;1.10;1.60;;;;-1.60;;;;10.40;;;;1.40;10.00;5.80;14.60;1.70;9.70;6.10;13.80;1.60;-2.50;12.60;3.10;20.00;;;;17.00;;;;34.00;;;;;;;;41.00;;;;;;;;;;;;66.00;;;;;;;;;;;;;;;;;;;;;;;;;;;;;;;;;;;;;;;;;;;;;;;;;;;;;;;;;;;;;;;;;;;;;;;;;;;;;;;;;;;;;;;;;;;;;;;;;;;;;;;;;;;;;;;;;;;;;;;;;;;;;;;;;;;;;;;;;;;;;;;;;;;;;;;;;;;;;;;;;;;;;;;;;;;;;;;;;;;;;;;;;;;;;;;;;;;;;;;;;;;;;;;;;;;;;;72.00;;;;;;;;;;;;;;;;;;;;;;;;;;;;;;;;;;;37.00;37.00;37.00;;;;;;;;;;;;;;47.00;47.00;47.00;;;;34.00;;;;;;;;;;;853.20;2000.00;291.00;0.00;0.00;311.80;;;;;;;;;;;;;;;;;;;;;;2000.10;2000.10;1;1;;;;;;;;;;;;;;;;;;;;;;;;0.30;0;0;0.00;0.00;;;;;94.00;94.00;94.00;;103.00;103.00;103.00;;97.00;97.00;97.00;;;;;;;;;;;;;0;9.80;13.30;6.80;14.90;16.10;14.00;1710;2115;866;251;251;1547.90;;;30164882;7.00;;;;;;21.00
1576434000000;2019-12-15T19:20:00.000+0100;;;;;;;;;1.00;138.50;381.10;381.90;381.80;1255.00;1247.00;1246.00;-1.80;;;;;-1.80;-1.80;;;;;;;;;1.0;;;;;;;;;;;;;;;;;;;;;;;;;;;;;;;;;;;;;;;;;;;;50.00;;;;;;;;;;;;;;;;;;;;;;;;;;;;;;;;;;;;;;38.00;53.00;37.00;9.00;;;;82.00;86.00;79.00;;;;;;;;;1696.20;1348.50;205.800;68.900;;;;;;;;;;;;;2000.100;0.000;;;;;;;;;;90.00;89.00;94.00;;;;;;;;;68618;;;;;;;;;;;;;;1403.500;;;;;;;;;;;;36.00;44.00;;;;;;;;;;;;;;0;0.00;0.00;;253.50;;3.00;1.50;-2.20;;1.00;2.80;;;;0.00;;;;9.40;;;;1.30;8.60;4.80;15.00;1.50;8.60;4.40;14.30;1.50;-2.40;7.90;1.30;20.00;;;;17.00;;;;31.00;;;;;;;;41.00;;;;;;;;;;;;66.00;;;;;;;;;;;;;;;;;;;;;;;;;;;;;;;;;;;;;;;;;;;;;;;;;;;;;;;;;;;;;;;;;;;;;;;;;;;;;;;;;;;;;;;;;;;;;;;;;;;;;;;;;;;;;;;;;;;;;;;;;;;;;;;;;;;;;;;;;;;;;;;;;;;;;;;;;;;;;;;;;;;;;;;;;;;;;;;;;;;;;;;;;;;;;;;;;;;;;;;;;;;;;;;;;;;;;;72.00;;;;;;;;;;;;;;;;;;;;;;;;;;;;;;;;;;;37.00;36.00;37.00;;;;;;;;;;;;;;47.00;46.00;47.00;;;;47.10;;;;;;;;;;;698.10;2000.00;368.30;0.00;0.00;393.60;;;;;;;;;;;;;;;;;;;;;;2000.10;2000.10;1;1;;;;;;;;;;;;;;;;;;;;;;;;0.60;0;0;0.00;0.00;;;;;94.00;94.00;94.00;;103.00;103.00;103.00;;97.00;97.00;97.00;;;;;;;;;;;;;0;8.60;13.60;5.30;14.60;16.40;12.80;1424;2115;712;251;253;1524.60;;;30165120;7.00;;;;;;21.00
1576434600000;2019-12-15T19:30:00.000+0100;;;;;;;;;1.00;158.90;382.10;382.90;382.80;1437.00;1428.00;1425.00;-0.80;;;;;-0.80;-0.80;;;;;;;;;1.0;;;;;;;;;;;;;;;;;;;;;;;;;;;;;;;;;;;;;;;;;;;;50.00;;;;;;;;;;;;;;;;;;;;;;;;;;;;;;;;;;;;;;38.00;53.00;37.00;9.00;;;;80.00;84.00;77.00;;;;;;;;;1703.40;1372.40;205.800;57.000;;;;;;;;;;;;;2000.100;0.000;;;;;;;;;;89.00;89.00;93.00;;;;;;;;;68618;;;;;;;;;;;;;;1611.600;;;;;;;;;;;;36.00;44.00;;;;;;;;;;;;;;0;0.00;0.00;;251.70;;3.00;1.30;-0.30;;0.80;3.30;;;;-0.70;;;;10.00;;;;1.30;9.40;4.50;15.30;1.60;9.30;4.60;14.80;1.50;-2.40;9.20;2.30;20.00;;;;17.00;;;;32.00;;;;;;;;41.00;;;;;;;;;;;;66.00;;;;;;;;;;;;;;;;;;;;;;;;;;;;;;;;;;;;;;;;;;;;;;;;;;;;;;;;;;;;;;;;;;;;;;;;;;;;;;;;;;;;;;;;;;;;;;;;;;;;;;;;;;;;;;;;;;;;;;;;;;;;;;;;;;;;;;;;;;;;;;;;;;;;;;;;;;;;;;;;;;;;;;;;;;;;;;;;;;;;;;;;;;;;;;;;;;;;;;;;;;;;;;;;;;;;;;72.00;;;;;;;;;;;;;;;;;;;;;;;;;;;;;;;;;;;37.00;36.00;37.00;;;;;;;;;;;;;;47.00;47.00;47.00;;;;40.30;;;;;;;;;;;575.80;2000.00;371.90;0.00;0.00;391.20;;;;;;;;;;;;;;;;;;;;;;2000.10;2000.10;1;1;;;;;;;;;;;;;;;;;;;;;;;;0.30;0;0;0.00;1.00;;;;;94.00;94.00;94.00;;103.00;103.00;103.00;;97.00;97.00;97.00;;;;;;;;;;;;;0;9.30;12.90;5.60;14.90;16.40;13.10;1634;2116;587;252;253;1543.40;;;30165392;7.00;;;;;;21.00
1576435200000;2019-12-15T19:40:00.000+0100;;;;;;;;;1.00;129.10;381.70;382.50;382.50;1168.00;1160.00;1159.00;-1.50;;;;;-1.50;-1.50;;;;;;;;;1.0;;;;;;;;;;;;;;;;;;;;;;;;;;;;;;;;;;;;;;;;;;;;50.00;;;;;;;;;;;;;;;;;;;;;;;;;;;;;;;;;;;;;;38.00;53.00;36.00;9.00;;;;79.00;82.00;75.00;;;;;;;;;1662.80;1330.90;205.200;65.900;;;;;;;;;;;;;2000.100;0.000;;;;;;;;;;88.00;87.00;91.00;;;;;;;;;68618;;;;;;;;;;;;;;1317.100;;;;;;;;;;;;36.00;44.00;;;;;;;;;;;;;;0;0.00;0.00;;252.80;;3.00;-0.10;-18.90;;2.50;1.00;;;;-1.90;;;;9.20;;;;1.30;8.40;4.80;13.30;1.50;8.30;4.50;12.90;1.50;-2.50;6.20;1.70;20.00;;;;17.00;;;;34.00;;;;;;;;41.00;;;;;;;;;;;;65.00;;;;;;;;;;;;;;;;;;;;;;;;;;;;;;;;;;;;;;;;;;;;;;;;;;;;;;;;;;;;;;;;;;;;;;;;;;;;;;;;;;;;;;;;;;;;;;;;;;;;;;;;;;;;;;;;;;;;;;;;;;;;;;;;;;;;;;;;;;;;;;;;;;;;;;;;;;;;;;;;;;;;;;;;;;;;;;;;;;;;;;;;;;;;;;;;;;;;;;;;;;;;;;;;;;;;;;72.00;;;;;;;;;;;;;;;;;;;;;;;;;;;;;;;;;;;37.00;36.00;37.00;;;;;;;;;;;;;;46.00;46.00;47.00;;;;71.60;;;;;;;;;;;668.60;2000.00;381.10;0.00;0.00;396.50;;;;;;;;;;;;;;;;;;;;;;2000.10;2000.10;1;1;;;;;;;;;;;;;;;;;;;;;;;;0.60;0;0;0.00;0.00;;;;;93.00;93.00;94.00;;103.00;103.00;103.00;;97.00;96.00;97.00;;;;;;;;;;;;;0;8.40;12.10;5.80;14.30;16.10;12.80;1327;2115;682;253;253;1500.70;;;30165614;7.00;;;;;;21.00
1576435800000;2019-12-15T19:50:00.000+0100;;;;;;;;;1.00;159.50;382.30;383.10;383.00;1442.00;1433.00;1431.00;-1.00;;;;;-1.00;-1.00;;;;;;;;;1.0;;;;;;;;;;;;;;;;;;;;;;;;;;;;;;;;;;;;;;;;;;;;50.00;;;;;;;;;;;;;;;;;;;;;;;;;;;;;;;;;;;;;;38.00;53.00;37.00;9.00;;;;76.00;80.00;73.00;;;;;;;;;1687.20;1470.90;205.300;91.600;;;;;;;;;;;;;2000.100;0.000;;;;;;;;;;87.00;87.00;91.00;;;;;;;;;68618;;;;;;;;;;;;;;1618.000;;;;;;;;;;;;36.00;44.00;;;;;;;;;;;;;;0;0.00;0.00;;250.70;;3.00;-0.60;-4.00;;1.10;1.00;;;;-2.80;;;;10.00;;;;1.10;9.50;5.30;15.60;1.40;9.30;5.90;14.30;1.40;-2.50;8.40;2.20;20.00;;;;17.00;;;;31.00;;;;;;;;40.00;;;;;;;;;;;;65.00;;;;;;;;;;;;;;;;;;;;;;;;;;;;;;;;;;;;;;;;;;;;;;;;;;;;;;;;;;;;;;;;;;;;;;;;;;;;;;;;;;;;;;;;;;;;;;;;;;;;;;;;;;;;;;;;;;;;;;;;;;;;;;;;;;;;;;;;;;;;;;;;;;;;;;;;;;;;;;;;;;;;;;;;;;;;;;;;;;;;;;;;;;;;;;;;;;;;;;;;;;;;;;;;;;;;;;72.00;;;;;;;;;;;;;;;;;;;;;;;;;;;;;;;;;;;37.00;36.00;37.00;;;;;;;;;;;;;;46.00;46.00;47.00;;;;26.30;;;;;;;;;;;910.60;2000.00;291.80;0.00;0.00;315.30;;;;;;;;;;;;;;;;;;;;;;2000.10;2000.10;1;1;;;;;;;;;;;;;;;;;;;;;;;;0.30;0;0;0.00;0.00;;;;;93.00;93.00;93.00;;103.00;103.00;103.00;;96.00;96.00;97.00;;;;;;;;;;;;;0;9.40;13.50;6.80;14.90;16.10;14.00;1640;2111;936;252;251;1549.10;;;30165886;7.00;;;;;;20.00
1576436400000;2019-12-15T20:00:00.000+0100;;;;;;;;;1.00;176.30;382.80;383.60;383.50;1592.00;1582.00;1579.00;0.30;;;;;0.30;0.30;;;;;;;;;1.0;;;;;;;;;;;;;;;;;;;;;;;;;;;;;;;;;;;;;;;;;;;;50.00;;;;;;;;;;;;;;;;;;;;;;;;;;;;;;;;;;;;;;38.00;53.00;37.00;9.00;;;;76.00;80.00;73.00;;;;;;;;;1659.50;1460.70;205.400;88.900;;;;;;;;;;;;;2000.100;0.000;;;;;;;;;;89.00;88.00;92.00;;;;;;;;;68618;;;;;;;;;;;;;;1785.400;;;;;;;;;;;;36.00;44.00;;;;;;;;;;;;;;0;0.00;0.00;;253.30;;3.00;0.60;-9.80;;2.20;1.70;;;;-0.60;;;;10.70;;;;1.20;10.00;5.20;15.50;1.50;9.70;5.30;14.70;1.40;-2.40;7.90;2.70;20.00;;;;17.00;;;;32.00;;;;;;;;41.00;;;;;;;;;;;;65.00;;;;;;;;;;;;;;;;;;;;;;;;;;;;;;;;;;;;;;;;;;;;;;;;;;;;;;;;;;;;;;;;;;;;;;;;;;;;;;;;;;;;;;;;;;;;;;;;;;;;;;;;;;;;;;;;;;;;;;;;;;;;;;;;;;;;;;;;;;;;;;;;;;;;;;;;;;;;;;;;;;;;;;;;;;;;;;;;;;;;;;;;;;;;;;;;;;;;;;;;;;;;;;;;;;;;;;72.00;;;;;;;;;;;;;;;;;;;;;;;;;;;;;;;;;;;37.00;36.00;37.00;;;;;;;;;;;;;;47.00;46.00;47.00;;;;32.50;;;;;;;;;;;889.40;2000.00;257.70;0.00;0.00;274.80;;;;;;;;;;;;;;;;;;;;;;2000.10;2000.10;1;1;;;;;;;;;;;;;;;;;;;;;;;;0.30;0;0;0.00;0.00;;;;;93.00;93.00;93.00;;103.00;103.00;103.00;;96.00;96.00;96.00;;;;;;;;;;;;;0;9.90;12.80;6.60;14.90;15.80;14.00;1813;2117;909;253;254;1550.00;;;30166190;7.00;;;;;;20.00
1576437000000;2019-12-15T20:10:00.000+0100;;;;;;;;;1.00;179.70;383.40;384.10;384.00;1621.00;1610.00;1608.00;1.10;;;;;1.10;1.00;;;;;;;;;1.0;;;;;;;;;;;;;;;;;;;;;;;;;;;;;;;;;;;;;;;;;;;;50.00;;;;;;;;;;;;;;;;;;;;;;;;;;;;;;;;;;;;;;37.00;53.00;37.00;9.00;;;;79.00;82.00;75.00;;;;;;;;;1690.80;1440.20;205.500;88.800;;;;;;;;;;;;;2000.100;0.000;;;;;;;;;;90.00;90.00;94.00;;;;;;;;;68618;;;;;;;;;;;;;;1829.100;;;;;;;;;;;;36.00;44.00;;;;;;;;;;;;;;0;0.00;0.00;;252.70;;3.00;0.30;0.20;;1.10;1.70;;;;-1.60;;;;11.00;;;;1.10;10.10;5.40;14.60;1.40;9.90;5.10;14.80;1.40;-2.50;8.80;3.10;20.00;;;;17.00;;;;34.00;;;;;;;;41.00;;;;;;;;;;;;66.00;;;;;;;;;;;;;;;;;;;;;;;;;;;;;;;;;;;;;;;;;;;;;;;;;;;;;;;;;;;;;;;;;;;;;;;;;;;;;;;;;;;;;;;;;;;;;;;;;;;;;;;;;;;;;;;;;;;;;;;;;;;;;;;;;;;;;;;;;;;;;;;;;;;;;;;;;;;;;;;;;;;;;;;;;;;;;;;;;;;;;;;;;;;;;;;;;;;;;;;;;;;;;;;;;;;;;;72.00;;;;;;;;;;;;;;;;;;;;;;;;;;;;;;;;;;;37.00;37.00;37.00;;;;;;;;;;;;;;47.00;47.00;47.00;;;;35.80;;;;;;;;;;;899.80;2000.00;253.10;0.00;0.00;262.00;;;;;;;;;;;;;;;;;;;;;;2000.10;2000.10;1;1;;;;;;;;;;;;;;;;;;;;;;;;0.30;0;0;0.00;0.00;;;;;93.00;93.00;93.00;;103.00;103.00;103.00;;96.00;96.00;96.00;;;;;;;;;;;;;0;10.00;12.30;6.60;14.90;16.10;13.70;1848;2120;921;254;255;1548.80;;;30166496;7.00;;;;;;20.00
1576437600000;2019-12-15T20:20:00.000+0100;;;;;;;;;1.00;180.90;378.20;379.00;378.90;1654.00;1642.00;1642.00;0.30;;;;;0.30;0.30;;;;;;;;;1.0;;;;;;;;;;;;;;;;;;;;;;;;;;;;;;;;;;;;;;;;;;;;50.00;;;;;;;;;;;;;;;;;;;;;;;;;;;;;;;;;;;;;;38.00;53.00;37.00;9.00;;;;80.00;84.00;76.00;;;;;;;;;1665.80;1464.00;205.700;111.700;;;;;;;;;;;;;2000.100;0.000;;;;;;;;;;91.00;91.00;95.00;;;;;;;;;68619;;;;;;;;;;;;;;1830.000;;;;;;;;;;;;36.00;44.00;;;;;;;;;;;;;;0;0.00;0.00;;256.30;;3.00;-2.00;-4.20;;0.60;-0.20;;;;-4.30;;;;10.80;;;;1.00;10.20;6.00;14.80;1.30;10.00;6.20;16.90;1.30;-2.40;8.10;2.50;20.00;;;;17.00;;;;32.00;;;;;;;;41.00;;;;;;;;;;;;66.00;;;;;;;;;;;;;;;;;;;;;;;;;;;;;;;;;;;;;;;;;;;;;;;;;;;;;;;;;;;;;;;;;;;;;;;;;;;;;;;;;;;;;;;;;;;;;;;;;;;;;;;;;;;;;;;;;;;;;;;;;;;;;;;;;;;;;;;;;;;;;;;;;;;;;;;;;;;;;;;;;;;;;;;;;;;;;;;;;;;;;;;;;;;;;;;;;;;;;;;;;;;;;;;;;;;;;;72.00;;;;;;;;;;;;;;;;;;;;;;;;;;;;;;;;;;;37.00;37.00;37.00;;;;;;;;;;;;;;47.00;47.00;47.00;;;;36.40;;;;;;;;;;;1130.80;2000.00;201.70;0.00;0.00;221.20;;;;;;;;;;;;;;;;;;;;;;2000.10;2000.10;1;1;;;;;;;;;;;;;;;;;;;;;;;;0.30;0;0;0.00;1.00;;;;;93.00;93.00;93.00;;103.00;103.00;103.00;;96.00;96.00;96.00;;;;;;;;;;;;;0;10.10;12.90;7.20;14.90;16.10;14.00;1860;2121;1142;257;255;1550.30;;;30166806;7.00;;;;;;20.00
1576438200000;2019-12-15T20:30:00.000+0100;;;;;;;;;1.00;174.20;378.10;378.90;378.80;1592.00;1581.00;1579.00;0.90;;;;;0.90;0.90;;;;;;;;;1.0;;;;;;;;;;;;;;;;;;;;;;;;;;;;;;;;;;;;;;;;;;;;50.00;;;;;;;;;;;;;;;;;;;;;;;;;;;;;;;;;;;;;;38.00;53.00;37.00;9.00;;;;81.00;85.00;77.00;;;;;;;;;1683.40;1426.70;205.400;104.500;;;;;;;;;;;;;2000.100;0.000;;;;;;;;;;92.00;91.00;95.00;;;;;;;;;68619;;;;;;;;;;;;;;1764.500;;;;;;;;;;;;36.00;44.00;;;;;;;;;;;;;;0;0.00;0.00;;254.10;;3.00;-0.60;-1.30;;1.40;1.50;;;;-2.30;;;;10.80;;;;1.30;10.20;5.90;14.20;1.60;10.10;6.00;15.10;1.50;-2.50;9.70;3.20;20.00;;;;17.00;;;;31.00;;;;;;;;41.00;;;;;;;;;;;;66.00;;;;;;;;;;;;;;;;;;;;;;;;;;;;;;;;;;;;;;;;;;;;;;;;;;;;;;;;;;;;;;;;;;;;;;;;;;;;;;;;;;;;;;;;;;;;;;;;;;;;;;;;;;;;;;;;;;;;;;;;;;;;;;;;;;;;;;;;;;;;;;;;;;;;;;;;;;;;;;;;;;;;;;;;;;;;;;;;;;;;;;;;;;;;;;;;;;;;;;;;;;;;;;;;;;;;;;72.00;;;;;;;;;;;;;;;;;;;;;;;;;;;;;;;;;;;37.00;37.00;37.00;;;;;;;;;;;;;;47.00;47.00;47.00;;;;39.70;;;;;;;;;;;1047.80;2000.00;263.00;0.00;0.00;281.90;;;;;;;;;;;;;;;;;;;;;;2000.10;2000.10;1;1;;;;;;;;;;;;;;;;;;;;;;;;0.30;0;0;0.00;0.00;;;;;93.00;93.00;93.00;;103.00;103.00;103.00;;96.00;96.00;97.00;;;;;;;;;;;;;0;10.10;13.30;6.90;14.90;16.10;13.70;1791;2115;1075;257;257;1550.00;;;30167106;7.00;;;;;;20.00
1576438800000;2019-12-15T20:40:00.000+0100;;;;;;;;;1.00;171.90;379.30;380.10;380.00;1567.00;1556.00;1556.00;-0.30;;;;;-0.30;-0.30;;;;;;;;;1.0;;;;;;;;;;;;;;;;;;;;;;;;;;;;;;;;;;;;;;;;;;;;50.00;;;;;;;;;;;;;;;;;;;;;;;;;;;;;;;;;;;;;;38.00;53.00;37.00;9.00;;;;81.00;85.00;77.00;;;;;;;;;1654.40;1473.30;205.300;82.600;;;;;;;;;;;;;2000.100;0.000;;;;;;;;;;91.00;91.00;95.00;;;;;;;;;68619;;;;;;;;;;;;;;1738.600;;;;;;;;;;;;36.00;44.00;;;;;;;;;;;;;;0;0.00;0.00;;256.30;;3.00;-0.50;-0.60;;1.10;0.80;;;;-3.00;;;;10.50;;;;1.10;9.90;5.00;14.10;1.40;9.70;5.10;14.20;1.40;-2.50;8.00;2.40;20.00;;;;17.00;;;;34.00;;;;;;;;41.00;;;;;;;;;;;;66.00;;;;;;;;;;;;;;;;;;;;;;;;;;;;;;;;;;;;;;;;;;;;;;;;;;;;;;;;;;;;;;;;;;;;;;;;;;;;;;;;;;;;;;;;;;;;;;;;;;;;;;;;;;;;;;;;;;;;;;;;;;;;;;;;;;;;;;;;;;;;;;;;;;;;;;;;;;;;;;;;;;;;;;;;;;;;;;;;;;;;;;;;;;;;;;;;;;;;;;;;;;;;;;;;;;;;;;72.00;;;;;;;;;;;;;;;;;;;;;;;;;;;;;;;;;;;37.00;37.00;37.00;;;;;;;;;;;;;;47.00;47.00;47.00;;;;31.60;;;;;;;;;;;812.90;2000.00;260.00;0.00;0.00;281.50;;;;;;;;;;;;;;;;;;;;;;2000.10;2000.10;1;1;;;;;;;;;;;;;;;;;;;;;;;;0.30;0;0;0.00;0.00;;;;;93.00;93.00;93.00;;103.00;103.00;103.00;;97.00;96.00;97.00;;;;;;;;;;;;;0;9.80;12.90;7.00;14.90;15.80;14.00;1768;2117;853;257;257;1550.00;;;30167402;7.00;;;;;;20.00
1576439400000;2019-12-15T20:50:00.000+0100;;;;;;;;;1.00;174.10;380.40;381.20;381.10;1581.00;1571.00;1569.00;0.10;;;;;0.10;0.10;;;;;;;;;1.0;;;;;;;;;;;;;;;;;;;;;;;;;;;;;;;;;;;;;;;;;;;;50.00;;;;;;;;;;;;;;;;;;;;;;;;;;;;;;;;;;;;;;38.00;53.00;37.00;9.00;;;;82.00;86.00;78.00;;;;;;;;;1671.70;1416.00;205.300;92.300;;;;;;;;;;;;;2000.100;0.000;;;;;;;;;;92.00;91.00;95.00;;;;;;;;;68619;;;;;;;;;;;;;;1769.100;;;;;;;;;;;;36.00;44.00;;;;;;;;;;;;;;0;0.00;0.00;;256.30;;3.00;-0.20;-0.70;;0.50;1.80;;;;-1.80;;;;10.60;;;;1.20;10.00;6.00;14.70;1.50;9.80;5.40;14.70;1.50;-2.40;7.40;2.60;20.00;;;;17.00;;;;33.00;;;;;;;;41.00;;;;;;;;;;;;66.00;;;;;;;;;;;;;;;;;;;;;;;;;;;;;;;;;;;;;;;;;;;;;;;;;;;;;;;;;;;;;;;;;;;;;;;;;;;;;;;;;;;;;;;;;;;;;;;;;;;;;;;;;;;;;;;;;;;;;;;;;;;;;;;;;;;;;;;;;;;;;;;;;;;;;;;;;;;;;;;;;;;;;;;;;;;;;;;;;;;;;;;;;;;;;;;;;;;;;;;;;;;;;;;;;;;;;;72.00;;;;;;;;;;;;;;;;;;;;;;;;;;;;;;;;;;;37.00;37.00;37.00;;;;;;;;;;;;;;47.00;47.00;47.00;;;;36.70;;;;;;;;;;;926.40;2000.00;261.80;0.00;0.00;276.50;;;;;;;;;;;;;;;;;;;;;;2000.10;2000.10;1;1;;;;;;;;;;;;;;;;;;;;;;;;0.30;0;0;0.00;0.00;;;;;93.00;93.00;93.00;;103.00;103.00;103.00;;97.00;97.00;97.00;;;;;;;;;;;;;0;9.90;12.90;6.60;14.90;16.10;13.70;1790;2121;953;257;257;1545.50;;;30167700;7.00;;;;;;20.00
1576440000000;2019-12-15T21:00:00.000+0100;;;;;;;;;1.00;178.30;380.50;381.20;381.20;1619.00;1609.00;1606.00;-0.10;;;;;-0.10;-0.10;;;;;;;;;1.0;;;;;;;;;;;;;;;;;;;;;;;;;;;;;;;;;;;;;;;;;;;;50.00;;;;;;;;;;;;;;;;;;;;;;;;;;;;;;;;;;;;;;38.00;53.00;37.00;9.00;;;;82.00;86.00;78.00;;;;;;;;;1660.70;1440.50;205.200;94.400;;;;;;;;;;;;;2000.100;0.000;;;;;;;;;;92.00;91.00;95.00;;;;;;;;;68619;;;;;;;;;;;;;;1798.300;;;;;;;;;;;;36.00;44.00;;;;;;;;;;;;;;0;0.00;0.00;;256.00;;3.00;-0.10;-3.90;;0.60;2.20;;;;-1.50;;;;10.60;;;;1.30;9.90;5.40;14.70;1.60;9.80;4.60;13.10;1.50;-2.50;6.30;2.20;20.00;;;;17.00;;;;31.00;;;;;;;;41.00;;;;;;;;;;;;66.00;;;;;;;;;;;;;;;;;;;;;;;;;;;;;;;;;;;;;;;;;;;;;;;;;;;;;;;;;;;;;;;;;;;;;;;;;;;;;;;;;;;;;;;;;;;;;;;;;;;;;;;;;;;;;;;;;;;;;;;;;;;;;;;;;;;;;;;;;;;;;;;;;;;;;;;;;;;;;;;;;;;;;;;;;;;;;;;;;;;;;;;;;;;;;;;;;;;;;;;;;;;;;;;;;;;;;;72.00;;;;;;;;;;;;;;;;;;;;;;;;;;;;;;;;;;;37.00;37.00;37.00;;;;;;;;;;;;;;47.00;47.00;47.00;;;;34.00;;;;;;;;;;;946.00;2000.00;241.10;0.00;0.00;261.60;;;;;;;;;;;;;;;;;;;;;;2000.10;2000.10;1;1;;;;;;;;;;;;;;;;;;;;;;;;0.30;0;0;0.00;0.00;;;;;93.00;93.00;93.00;;103.00;103.00;103.00;;97.00;97.00;97.00;;;;;;;;;;;;;0;9.90;12.60;5.80;14.90;15.80;13.70;1833;2115;974;257;257;1546.10;;;30168004;7.00;;;;;;20.00
1576440600000;2019-12-15T21:10:00.000+0100;;;;;;;;;1.00;171.60;381.00;381.70;381.60;1558.00;1548.00;1545.00;-0.80;;;;;-0.80;-0.80;;;;;;;;;1.0;;;;;;;;;;;;;;;;;;;;;;;;;;;;;;;;;;;;;;;;;;;;50.00;;;;;;;;;;;;;;;;;;;;;;;;;;;;;;;;;;;;;;38.00;53.00;37.00;9.00;;;;82.00;86.00;79.00;;;;;;;;;1682.20;1457.50;205.100;99.100;;;;;;;;;;;;;2000.100;0.000;;;;;;;;;;92.00;91.00;95.00;;;;;;;;;68619;;;;;;;;;;;;;;1735.700;;;;;;;;;;;;36.00;44.00;;;;;;;;;;;;;;0;0.00;0.00;;258.10;;3.00;0.70;-0.40;;0.40;2.60;;;;-1.80;;;;10.40;;;;1.00;9.70;4.40;14.80;1.40;9.60;6.60;16.00;1.20;-2.40;6.70;2.00;20.00;;;;17.00;;;;34.00;;;;;;;;41.00;;;;;;;;;;;;66.00;;;;;;;;;;;;;;;;;;;;;;;;;;;;;;;;;;;;;;;;;;;;;;;;;;;;;;;;;;;;;;;;;;;;;;;;;;;;;;;;;;;;;;;;;;;;;;;;;;;;;;;;;;;;;;;;;;;;;;;;;;;;;;;;;;;;;;;;;;;;;;;;;;;;;;;;;;;;;;;;;;;;;;;;;;;;;;;;;;;;;;;;;;;;;;;;;;;;;;;;;;;;;;;;;;;;;;72.00;;;;;;;;;;;;;;;;;;;;;;;;;;;;;;;;;;;37.00;37.00;37.00;;;;;;;;;;;;;;47.00;47.00;47.00;;;;29.80;;;;;;;;;;;1009.90;2000.00;234.00;0.00;0.00;258.40;;;;;;;;;;;;;;;;;;;;;;2000.10;2000.10;1;1;;;;;;;;;;;;;;;;;;;;;;;;0.30;0;0;0.00;0.00;;;;;93.00;93.00;93.00;;103.00;103.00;103.00;;97.00;97.00;97.00;;;;;;;;;;;;;0;9.60;12.80;7.10;14.90;16.10;14.00;1765;2115;1019;257;258;1550.30;;;30168298;7.00;;;;;;20.00
1576441200000;2019-12-15T21:20:00.000+0100;;;;;;;;;1.00;190.80;380.20;380.90;380.70;1735.00;1723.00;1722.00;3.90;;;;;3.90;3.90;;;;;;;;;1.0;;;;;;;;;;;;;;;;;;;;;;;;;;;;;;;;;;;;;;;;;;;;50.00;;;;;;;;;;;;;;;;;;;;;;;;;;;;;;;;;;;;;;38.00;54.00;37.00;9.00;;;;83.00;87.00;79.00;;;;;;;;;1678.30;1426.10;205.800;131.500;;;;;;;;;;;;;2000.100;0.000;;;;;;;;;;92.00;92.00;96.00;;;;;;;;;68620;;;;;;;;;;;;;;1947.300;;;;;;;;;;;;36.00;44.00;;;;;;;;;;;;;;0;0.00;0.00;;258.10;;3.00;1.50;-1.60;;1.00;3.60;;;;-0.30;;;;12.00;;;;1.30;11.40;7.00;16.60;1.70;11.20;5.90;17.50;1.60;-2.10;12.30;3.60;20.00;;;;17.00;;;;33.00;;;;;;;;41.00;;;;;;;;;;;;66.00;;;;;;;;;;;;;;;;;;;;;;;;;;;;;;;;;;;;;;;;;;;;;;;;;;;;;;;;;;;;;;;;;;;;;;;;;;;;;;;;;;;;;;;;;;;;;;;;;;;;;;;;;;;;;;;;;;;;;;;;;;;;;;;;;;;;;;;;;;;;;;;;;;;;;;;;;;;;;;;;;;;;;;;;;;;;;;;;;;;;;;;;;;;;;;;;;;;;;;;;;;;;;;;;;;;;;;72.00;;;;;;;;;;;;;;;;;;;;;;;;;;;;;;;;;;;37.00;37.00;37.00;;;;;;;;;;;;;;47.00;47.00;47.00;;;;41.50;;;;;;;;;;;1342.80;2000.00;130.10;0.00;0.00;136.10;;;;;;;;;;;;;;;;;;;;;;2000.10;2000.10;1;1;;;;;;;;;;;;;;;;;;;;;;;;0.30;0;0;0.00;1.00;;;;;94.00;93.00;94.00;;103.00;103.00;103.00;;97.00;97.00;97.00;;;;;;;;;;;;;0;11.30;15.20;7.20;14.90;16.10;13.70;1962;2116;1357;257;259;1550.90;;;30168626;7.00;;;;;;20.00
1576441800000;2019-12-15T21:30:00.000+0100;;;;;;;;;1.00;188.10;380.00;380.80;380.60;1712.00;1698.00;1699.00;1.50;;;;;1.50;1.50;;;;;;;;;1.0;;;;;;;;;;;;;;;;;;;;;;;;;;;;;;;;;;;;;;;;;;;;50.00;;;;;;;;;;;;;;;;;;;;;;;;;;;;;;;;;;;;;;38.00;54.00;37.00;9.00;;;;85.00;89.00;81.00;;;;;;;;;1659.80;1459.00;205.600;129.300;;;;;;;;;;;;;2000.100;0.000;;;;;;;;;;93.00;93.00;97.00;;;;;;;;;68620;;;;;;;;;;;;;;1911.000;;;;;;;;;;;;36.00;45.00;;;;;;;;;;;;;;0;0.00;0.00;;258.70;;3.00;1.10;-1.90;;0.70;2.90;;;;-0.90;;;;11.20;;;;1.10;10.70;6.70;14.90;1.40;10.50;6.90;14.90;1.30;-2.30;7.70;2.80;20.00;;;;17.00;;;;31.00;;;;;;;;41.00;;;;;;;;;;;;66.00;;;;;;;;;;;;;;;;;;;;;;;;;;;;;;;;;;;;;;;;;;;;;;;;;;;;;;;;;;;;;;;;;;;;;;;;;;;;;;;;;;;;;;;;;;;;;;;;;;;;;;;;;;;;;;;;;;;;;;;;;;;;;;;;;;;;;;;;;;;;;;;;;;;;;;;;;;;;;;;;;;;;;;;;;;;;;;;;;;;;;;;;;;;;;;;;;;;;;;;;;;;;;;;;;;;;;;72.00;;;;;;;;;;;;;;;;;;;;;;;;;;;;;;;;;;;37.00;37.00;37.00;;;;;;;;;;;;;;47.00;47.00;47.00;;;;34.60;;;;;;;;;;;1312.10;2000.00;144.40;0.00;0.00;157.60;;;;;;;;;;;;;;;;;;;;;;2000.10;2000.10;1;1;;;;;;;;;;;;;;;;;;;;;;;;0.30;0;0;0.00;0.00;;;;;94.00;94.00;94.00;;104.00;103.00;104.00;;97.00;97.00;97.00;;;;;;;;;;;;;0;10.60;13.20;7.90;14.90;15.80;14.00;1934;2115;1333;257;258;1549.70;;;30168948;7.00;;;;;;20.00
1576442400000;2019-12-15T21:40:00.000+0100;;;;;;;;;1.00;165.00;380.50;381.30;381.20;1498.00;1488.00;1487.00;-0.80;;;;;-0.80;-0.80;;;;;;;;;1.0;;;;;;;;;;;;;;;;;;;;;;;;;;;;;;;;;;;;;;;;;;;;50.00;;;;;;;;;;;;;;;;;;;;;;;;;;;;;;;;;;;;;;38.00;54.00;37.00;9.00;;;;86.00;90.00;82.00;;;;;;;;;1672.60;1473.00;205.400;61.000;;;;;;;;;;;;;2000.100;0.000;;;;;;;;;;93.00;92.00;96.00;;;;;;;;;68620;;;;;;;;;;;;;;1669.100;;;;;;;;;;;;36.00;45.00;;;;;;;;;;;;;;0;0.00;0.00;;257.90;;3.00;-0.20;-0.50;;1.00;1.00;;;;-1.80;;;;10.20;;;;1.20;9.60;4.60;14.00;1.50;9.40;5.00;13.30;1.40;-2.50;6.70;1.90;20.00;;;;17.00;;;;33.00;;;;;;;;41.00;;;;;;;;;;;;66.00;;;;;;;;;;;;;;;;;;;;;;;;;;;;;;;;;;;;;;;;;;;;;;;;;;;;;;;;;;;;;;;;;;;;;;;;;;;;;;;;;;;;;;;;;;;;;;;;;;;;;;;;;;;;;;;;;;;;;;;;;;;;;;;;;;;;;;;;;;;;;;;;;;;;;;;;;;;;;;;;;;;;;;;;;;;;;;;;;;;;;;;;;;;;;;;;;;;;;;;;;;;;;;;;;;;;;;72.00;;;;;;;;;;;;;;;;;;;;;;;;;;;;;;;;;;;37.00;37.00;37.00;;;;;;;;;;;;;;47.00;47.00;47.00;;;;26.90;;;;;;;;;;;610.60;2000.00;330.40;0.00;0.00;351.90;;;;;;;;;;;;;;;;;;;;;;2000.10;2000.10;1;1;;;;;;;;;;;;;;;;;;;;;;;;0.30;0;0;0.00;0.00;;;;;94.00;94.00;94.00;;104.00;104.00;104.00;;97.00;97.00;97.00;;;;;;;;;;;;;0;9.50;12.50;6.50;14.90;16.10;14.00;1696;2117;630;257;257;1549.10;;;30169230;7.00;;;;;;21.00
1576443000000;2019-12-15T21:50:00.000+0100;;;;;;;;;1.00;130.80;379.70;380.60;380.40;1188.00;1181.00;1178.00;-2.20;;;;;-2.20;-2.20;;;;;;;;;1.0;;;;;;;;;;;;;;;;;;;;;;;;;;;;;;;;;;;;;;;;;;;;50.00;;;;;;;;;;;;;;;;;;;;;;;;;;;;;;;;;;;;;;38.00;53.00;36.00;9.00;;;;83.00;87.00;79.00;;;;;;;;;1612.60;1309.10;205.100;47.000;;;;;;;;;;;;;2000.100;0.000;;;;;;;;;;90.00;89.00;93.00;;;;;;;;;68620;;;;;;;;;;;;;;1339.300;;;;;;;;;;;;36.00;45.00;;;;;;;;;;;;;;0;0.00;0.00;;254.80;;3.00;-0.60;-7.00;;1.70;1.30;;;;-2.20;;;;9.10;;;;0.90;8.70;5.30;12.90;1.20;8.50;5.20;17.00;1.20;-2.40;1.70;0.40;20.00;;;;17.00;;;;34.00;;;;;;;;41.00;;;;;;;;;;;;66.00;;;;;;;;;;;;;;;;;;;;;;;;;;;;;;;;;;;;;;;;;;;;;;;;;;;;;;;;;;;;;;;;;;;;;;;;;;;;;;;;;;;;;;;;;;;;;;;;;;;;;;;;;;;;;;;;;;;;;;;;;;;;;;;;;;;;;;;;;;;;;;;;;;;;;;;;;;;;;;;;;;;;;;;;;;;;;;;;;;;;;;;;;;;;;;;;;;;;;;;;;;;;;;;;;;;;;;73.00;;;;;;;;;;;;;;;;;;;;;;;;;;;;;;;;;;;37.00;36.00;37.00;;;;;;;;;;;;;;47.00;47.00;47.00;;;;35.50;;;;;;;;;;;472.00;2000.00;295.60;0.00;0.00;303.30;;;;;;;;;;;;;;;;;;;;;;2000.10;2000.10;1;1;;;;;;;;;;;;;;;;;;;;;;;;0.30;0;0;0.00;0.00;;;;;94.00;94.00;94.00;;104.00;104.00;104.00;;97.00;97.00;97.00;;;;;;;;;;;;;0;8.60;12.20;6.00;14.90;15.50;12.50;1344;2115;488;254;253;1541.60;;;30169454;7.00;;;;;;21.00
1576443600000;2019-12-15T22:00:00.000+0100;;;;;;;;;1.00;101.30;379.60;380.60;380.40;922.00;915.00;915.00;-2.20;;;;;-2.20;-2.20;;;;;;;;;1.0;;;;;;;;;;;;;;;;;;;;;;;;;;;;;;;;;;;;;;;;;;;;50.00;;;;;;;;;;;;;;;;;;;;;;;;;;;;;;;;;;;;;;38.00;52.00;36.00;9.00;;;;78.00;82.00;75.00;;;;;;;;;1572.70;1112.80;159.300;37.600;;;;;;;;;;;;;2000.100;0.000;;;;;;;;;;86.00;85.00;89.00;;;;;;;;;68620;;;;;;;;;;;;;;1041.500;;;;;;;;;;;;36.00;45.00;;;;;;;;;;;;;;0;0.00;0.00;;251.10;;3.00;-1.00;-2.00;;2.60;0.60;;;;-2.30;;;;8.30;;;;1.10;8.00;4.20;12.10;1.30;7.70;3.30;11.90;1.30;-2.30;-1.90;0.10;20.00;;;;17.00;;;;31.00;;;;;;;;40.00;;;;;;;;;;;;65.00;;;;;;;;;;;;;;;;;;;;;;;;;;;;;;;;;;;;;;;;;;;;;;;;;;;;;;;;;;;;;;;;;;;;;;;;;;;;;;;;;;;;;;;;;;;;;;;;;;;;;;;;;;;;;;;;;;;;;;;;;;;;;;;;;;;;;;;;;;;;;;;;;;;;;;;;;;;;;;;;;;;;;;;;;;;;;;;;;;;;;;;;;;;;;;;;;;;;;;;;;;;;;;;;;;;;;;72.00;;;;;;;;;;;;;;;;;;;;;;;;;;;;;;;;;;;37.00;36.00;37.00;;;;;;;;;;;;;;46.00;46.00;47.00;;;;101.80;;;;;;;;;;;386.70;1657.20;244.70;0.00;0.00;244.50;;;;;;;;;;;;;;;;;;;;;;2000.10;2000.10;1;1;;;;;;;;;;;;;;;;;;;;;;;;0.90;0;0;0.00;0.00;;;;;94.00;93.00;94.00;;104.00;103.00;104.00;;97.00;97.00;97.00;;;;;;;;;;;;;0;7.80;11.30;4.50;14.30;15.20;10.70;1041;1634;392;250;249;1477.20;;;30169628;7.00;;;;;;21.00
1576444200000;2019-12-15T22:10:00.000+0100;;;;;;;;;1.00;114.60;380.90;381.60;381.60;1039.00;1032.00;1030.00;-2.20;;;;;-2.20;-2.20;;;;;;;;;1.0;;;;;;;;;;;;;;;;;;;;;;;;;;;;;;;;;;;;;;;;;;;;50.00;;;;;;;;;;;;;;;;;;;;;;;;;;;;;;;;;;;;;;38.00;52.00;36.00;9.00;;;;74.00;78.00;71.00;;;;;;;;;1580.10;1276.30;175.700;57.000;;;;;;;;;;;;;2000.100;0.000;;;;;;;;;;84.00;84.00;88.00;;;;;;;;;68620;;;;;;;;;;;;;;1177.500;;;;;;;;;;;;36.00;45.00;;;;;;;;;;;;;;0;0.00;0.00;;246.30;;3.00;0.80;-2.70;;0.80;2.00;;;;-0.50;;;;8.70;;;;1.00;8.00;3.70;12.20;1.40;7.80;4.50;11.60;1.20;-2.40;-1.90;0.10;20.00;;;;17.00;;;;33.00;;;;;;;;40.00;;;;;;;;;;;;65.00;;;;;;;;;;;;;;;;;;;;;;;;;;;;;;;;;;;;;;;;;;;;;;;;;;;;;;;;;;;;;;;;;;;;;;;;;;;;;;;;;;;;;;;;;;;;;;;;;;;;;;;;;;;;;;;;;;;;;;;;;;;;;;;;;;;;;;;;;;;;;;;;;;;;;;;;;;;;;;;;;;;;;;;;;;;;;;;;;;;;;;;;;;;;;;;;;;;;;;;;;;;;;;;;;;;;;;72.00;;;;;;;;;;;;;;;;;;;;;;;;;;;;;;;;;;;36.00;36.00;37.00;;;;;;;;;;;;;;46.00;46.00;46.00;;;;71.60;;;;;;;;;;;579.60;1815.80;295.40;0.00;0.00;294.80;;;;;;;;;;;;;;;;;;;;;;2000.10;2000.10;1;1;;;;;;;;;;;;;;;;;;;;;;;;0.60;0;0;0.00;0.00;;;;;93.00;93.00;94.00;;103.00;103.00;103.00;;97.00;97.00;97.00;;;;;;;;;;;;;0;7.90;10.40;5.20;14.30;15.20;12.20;1178;1803;591;247;248;1490.90;;;30169824;7.00;;;;;;21.00
1576444800000;2019-12-15T22:20:00.000+0100;;;;;;;;;1.00;118.80;378.30;378.80;378.80;1086.00;1078.00;1076.00;-2.20;;;;;-2.20;-2.20;;;;;;;;;1.0;;;;;;;;;;;;;;;;;;;;;;;;;;;;;;;;;;;;;;;;;;;;50.00;;;;;;;;;;;;;;;;;;;;;;;;;;;;;;;;;;;;;;38.00;52.00;36.00;9.00;;;;71.00;75.00;69.00;;;;;;;;;1581.60;1233.70;203.800;52.000;;;;;;;;;;;;;2000.100;0.000;;;;;;;;;;83.00;82.00;86.00;;;;;;;;;68621;;;;;;;;;;;;;;1218.800;;;;;;;;;;;;36.00;45.00;;;;;;;;;;;;;;0;0.00;0.00;;249.60;;3.00;-1.10;-3.00;;1.30;1.00;;;;-2.40;;;;8.80;;;;1.00;8.50;5.00;12.90;1.30;8.20;5.10;12.40;1.30;-2.40;-1.80;0.10;20.00;;;;17.00;;;;34.00;;;;;;;;40.00;;;;;;;;;;;;65.00;;;;;;;;;;;;;;;;;;;;;;;;;;;;;;;;;;;;;;;;;;;;;;;;;;;;;;;;;;;;;;;;;;;;;;;;;;;;;;;;;;;;;;;;;;;;;;;;;;;;;;;;;;;;;;;;;;;;;;;;;;;;;;;;;;;;;;;;;;;;;;;;;;;;;;;;;;;;;;;;;;;;;;;;;;;;;;;;;;;;;;;;;;;;;;;;;;;;;;;;;;;;;;;;;;;;;;72.00;;;;;;;;;;;;;;;;;;;;;;;;;;;;;;;;;;;36.00;36.00;37.00;;;;;;;;;;;;;;46.00;46.00;46.00;;;;65.10;;;;;;;;;;;534.80;1979.50;314.80;0.00;0.00;320.10;;;;;;;;;;;;;;;;;;;;;;2000.10;2000.10;1;1;;;;;;;;;;;;;;;;;;;;;;;;0.60;0;0;0.00;0.00;;;;;93.00;93.00;94.00;;103.00;103.00;103.00;;96.00;96.00;97.00;;;;;;;;;;;;;0;8.30;11.60;5.80;14.60;15.20;11.90;1221;2095;538;247;246;1511.50;;;30170028;7.00;;;;;;23.00
1576445400000;2019-12-15T22:30:00.000+0100;;;;;;;;;1.00;100.10;376.90;377.70;377.70;918.00;913.00;909.00;-2.20;;;;;-2.20;-2.20;;;;;;;;;1.0;;;;;;;;;;;;;;;;;;;;;;;;;;;;;;;;;;;;;;;;;;;;50.00;;;;;;;;;;;;;;;;;;;;;;;;;;;;;;;;;;;;;;38.00;51.00;36.00;9.00;;;;69.00;72.00;66.00;;;;;;;;;1568.80;1302.90;166.200;52.700;;;;;;;;;;;;;2000.100;0.000;;;;;;;;;;82.00;81.00;85.00;;;;;;;;;68621;;;;;;;;;;;;;;1029.200;;;;;;;;;;;;36.00;45.00;;;;;;;;;;;;;;0;0.00;0.00;;238.30;;3.00;0.10;-2.80;;1.30;1.30;;;;-1.10;;;;8.30;;;;1.20;8.10;4.60;12.70;1.50;7.80;4.60;12.20;1.40;-2.40;-1.10;0.20;20.00;;;;17.00;;;;31.00;;;;;;;;40.00;;;;;;;;;;;;64.00;;;;;;;;;;;;;;;;;;;;;;;;;;;;;;;;;;;;;;;;;;;;;;;;;;;;;;;;;;;;;;;;;;;;;;;;;;;;;;;;;;;;;;;;;;;;;;;;;;;;;;;;;;;;;;;;;;;;;;;;;;;;;;;;;;;;;;;;;;;;;;;;;;;;;;;;;;;;;;;;;;;;;;;;;;;;;;;;;;;;;;;;;;;;;;;;;;;;;;;;;;;;;;;;;;;;;;72.00;;;;;;;;;;;;;;;;;;;;;;;;;;;;;;;;;;;36.00;36.00;37.00;;;;;;;;;;;;;;46.00;45.00;46.00;;;;62.70;;;;;;;;;;;532.20;1716.50;236.80;0.00;0.00;236.00;;;;;;;;;;;;;;;;;;;;;;2000.10;2000.10;1;1;;;;;;;;;;;;;;;;;;;;;;;;0.60;0;0;0.00;0.00;;;;;93.00;93.00;93.00;;103.00;102.00;103.00;;96.00;96.00;96.00;;;;;;;;;;;;;0;8.00;10.80;5.70;14.30;14.90;12.50;1029;1701;541;242;242;1486.70;;;30170200;6.00;;;;;;21.00
1576446000000;2019-12-15T22:40:00.000+0100;;;;;;;;;1.00;108.80;377.70;378.30;378.30;996.00;989.00;987.00;-2.20;;;;;-2.20;-2.20;;;;;;;;;1.0;;;;;;;;;;;;;;;;;;;;;;;;;;;;;;;;;;;;;;;;;;;;50.00;;;;;;;;;;;;;;;;;;;;;;;;;;;;;;;;;;;;;;38.00;51.00;36.00;9.00;;;;65.00;69.00;63.00;;;;;;;;;1567.00;1315.10;150.800;62.700;;;;;;;;;;;;;2000.100;0.000;;;;;;;;;;81.00;80.00;84.00;;;;;;;;;68621;;;;;;;;;;;;;;1117.400;;;;;;;;;;;;36.00;45.00;;;;;;;;;;;;;;0;0.00;0.00;;242.00;;3.00;0.50;-5.50;;1.70;1.80;;;;-1.40;;;;8.60;;;;1.00;8.20;4.40;11.60;1.30;8.00;5.00;11.80;1.30;-2.40;-1.90;0.10;20.00;;;;17.00;;;;31.00;;;;;;;;40.00;;;;;;;;;;;;64.00;;;;;;;;;;;;;;;;;;;;;;;;;;;;;;;;;;;;;;;;;;;;;;;;;;;;;;;;;;;;;;;;;;;;;;;;;;;;;;;;;;;;;;;;;;;;;;;;;;;;;;;;;;;;;;;;;;;;;;;;;;;;;;;;;;;;;;;;;;;;;;;;;;;;;;;;;;;;;;;;;;;;;;;;;;;;;;;;;;;;;;;;;;;;;;;;;;;;;;;;;;;;;;;;;;;;;;72.00;;;;;;;;;;;;;;;;;;;;;;;;;;;;;;;;;;;36.00;36.00;37.00;;;;;;;;;;;;;;46.00;45.00;46.00;;;;52.20;;;;;;;;;;;629.50;1556.00;160.80;0.00;0.00;160.30;;;;;;;;;;;;;;;;;;;;;;2000.10;2000.10;1;1;;;;;;;;;;;;;;;;;;;;;;;;0.60;0;0;0.00;1.00;;;;;92.00;92.00;93.00;;102.00;102.00;102.00;;96.00;95.00;96.00;;;;;;;;;;;;;0;8.10;10.20;5.70;14.60;14.90;12.50;1118;1544;643;244;244;1513.90;;;30170386;6.00;;;;;;22.00
1576446600000;2019-12-15T22:50:00.000+0100;;;;;;;;;1.00;132.00;378.10;378.90;378.90;1207.00;1198.00;1197.00;-2.20;;;;;-2.20;-2.20;;;;;;;;;1.0;;;;;;;;;;;;;;;;;;;;;;;;;;;;;;;;;;;;;;;;;;;;50.00;;;;;;;;;;;;;;;;;;;;;;;;;;;;;;;;;;;;;;38.00;52.00;36.00;9.00;;;;64.00;68.00;62.00;;;;;;;;;1574.70;1476.60;200.800;83.800;;;;;;;;;;;;;2000.100;0.000;;;;;;;;;;81.00;81.00;84.00;;;;;;;;;68621;;;;;;;;;;;;;;1355.300;;;;;;;;;;;;36.00;44.00;;;;;;;;;;;;;;0;0.00;0.00;;245.80;;3.00;1.00;0.10;;1.40;2.50;;;;-0.60;;;;9.10;;;;0.80;8.60;4.80;13.00;1.10;8.30;5.70;12.10;1.10;-2.40;-1.80;0.10;20.00;;;;17.00;;;;34.00;;;;;;;;40.00;;;;;;;;;;;;65.00;;;;;;;;;;;;;;;;;;;;;;;;;;;;;;;;;;;;;;;;;;;;;;;;;;;;;;;;;;;;;;;;;;;;;;;;;;;;;;;;;;;;;;;;;;;;;;;;;;;;;;;;;;;;;;;;;;;;;;;;;;;;;;;;;;;;;;;;;;;;;;;;;;;;;;;;;;;;;;;;;;;;;;;;;;;;;;;;;;;;;;;;;;;;;;;;;;;;;;;;;;;;;;;;;;;;;;72.00;;;;;;;;;;;;;;;;;;;;;;;;;;;;;;;;;;;36.00;36.00;37.00;;;;;;;;;;;;;;46.00;46.00;46.00;;;;15.50;;;;;;;;;;;840.90;1979.80;233.30;0.00;0.00;236.70;;;;;;;;;;;;;;;;;;;;;;2000.10;2000.10;1;1;;;;;;;;;;;;;;;;;;;;;;;;0.30;0;0;0.00;0.00;;;;;92.00;92.00;92.00;;102.00;101.00;102.00;;95.00;95.00;96.00;;;;;;;;;;;;;0;8.50;10.80;6.60;14.90;15.20;14.30;1357;2061;869;248;249;1544.00;;;30170612;6.00;;;;;;21.00
1576447200000;2019-12-15T23:00:00.000+0100;;;;;;;;;1.00;160.70;378.90;379.20;379.40;1468.00;1457.00;1457.00;-1.70;;;;;-1.70;-1.70;;;;;;;;;1.0;;;;;;;;;;;;;;;;;;;;;;;;;;;;;;;;;;;;;;;;;;;;50.00;;;;;;;;;;;;;;;;;;;;;;;;;;;;;;;;;;;;;;38.00;52.00;37.00;9.00;;;;65.00;68.00;62.00;;;;;;;;;1609.10;1512.40;205.200;102.800;;;;;;;;;;;;;2000.100;0.000;;;;;;;;;;83.00;83.00;86.00;;;;;;;;;68621;;;;;;;;;;;;;;1642.200;;;;;;;;;;;;35.00;44.00;;;;;;;;;;;;;;0;0.00;0.00;;250.00;;3.00;-1.50;-5.80;;0.80;-0.40;;;;-3.00;;;;9.90;;;;0.80;9.70;6.40;14.70;1.10;9.30;5.90;14.70;1.10;-2.50;2.80;1.00;20.00;;;;16.00;;;;32.00;;;;;;;;40.00;;;;;;;;;;;;65.00;;;;;;;;;;;;;;;;;;;;;;;;;;;;;;;;;;;;;;;;;;;;;;;;;;;;;;;;;;;;;;;;;;;;;;;;;;;;;;;;;;;;;;;;;;;;;;;;;;;;;;;;;;;;;;;;;;;;;;;;;;;;;;;;;;;;;;;;;;;;;;;;;;;;;;;;;;;;;;;;;;;;;;;;;;;;;;;;;;;;;;;;;;;;;;;;;;;;;;;;;;;;;;;;;;;;;;72.00;;;;;;;;;;;;;;;;;;;;;;;;;;;;;;;;;;;36.00;36.00;37.00;;;;;;;;;;;;;;46.00;46.00;46.00;;;;13.70;;;;;;;;;;;1039.30;2000.00;217.80;0.00;0.00;232.10;;;;;;;;;;;;;;;;;;;;;;2000.10;2000.10;1;1;;;;;;;;;;;;;;;;;;;;;;;;0.00;0;0;0.00;0.00;;;;;92.00;92.00;92.00;;101.00;101.00;102.00;;95.00;95.00;95.00;;;;;;;;;;;;;0;9.50;12.20;7.30;14.90;15.50;14.60;1652;2109;1061;250;248;1550.90;;;30170886;6.00;;;;;;21.00
1576447800000;2019-12-15T23:10:00.000+0100;;;;;;;;;1.00;177.60;379.90;379.80;380.10;1618.00;1606.00;1606.00;-1.50;;;;;-1.50;-1.50;;;;;;;;;1.0;;;;;;;;;;;;;;;;;;;;;;;;;;;;;;;;;;;;;;;;;;;;50.00;;;;;;;;;;;;;;;;;;;;;;;;;;;;;;;;;;;;;;38.00;52.00;37.00;9.00;;;;68.00;72.00;65.00;;;;;;;;;1602.20;1491.80;204.700;129.900;;;;;;;;;;;;;2000.100;0.000;;;;;;;;;;87.00;86.00;90.00;;;;;;;;;68621;;;;;;;;;;;;;;1815.700;;;;;;;;;;;;36.00;44.00;;;;;;;;;;;;;;0;0.00;0.00;;246.40;;3.00;1.60;-1.50;;0.60;3.30;;;;0.00;;;;10.40;;;;0.80;9.80;6.00;14.50;1.20;9.40;6.10;14.10;1.10;-2.40;3.70;1.00;20.00;;;;16.00;;;;31.00;;;;;;;;41.00;;;;;;;;;;;;65.00;;;;;;;;;;;;;;;;;;;;;;;;;;;;;;;;;;;;;;;;;;;;;;;;;;;;;;;;;;;;;;;;;;;;;;;;;;;;;;;;;;;;;;;;;;;;;;;;;;;;;;;;;;;;;;;;;;;;;;;;;;;;;;;;;;;;;;;;;;;;;;;;;;;;;;;;;;;;;;;;;;;;;;;;;;;;;;;;;;;;;;;;;;;;;;;;;;;;;;;;;;;;;;;;;;;;;;72.00;;;;;;;;;;;;;;;;;;;;;;;;;;;;;;;;;;;37.00;36.00;37.00;;;;;;;;;;;;;;46.00;46.00;47.00;;;;15.20;;;;;;;;;;;1323.10;2000.00;149.20;0.00;0.00;159.10;;;;;;;;;;;;;;;;;;;;;;2000.10;2000.10;1;1;;;;;;;;;;;;;;;;;;;;;;;;0.00;0;0;0.00;0.00;;;;;92.00;92.00;92.00;;101.00;101.00;102.00;;95.00;95.00;95.00;;;;;;;;;;;;;0;9.60;12.00;7.50;14.90;15.50;14.30;1826;2106;1339;245;247;1549.70;;;30171192;6.00;;;;;;24.00
1576448400000;2019-12-15T23:20:00.000+0100;;;;;;;;;1.00;143.40;377.60;378.20;378.10;1314.00;1305.00;1302.00;-2.10;;;;;-2.10;-2.10;;;;;;;;;1.0;;;;;;;;;;;;;;;;;;;;;;;;;;;;;;;;;;;;;;;;;;;;50.00;;;;;;;;;;;;;;;;;;;;;;;;;;;;;;;;;;;;;;38.00;52.00;37.00;9.00;;;;71.00;74.00;68.00;;;;;;;;;1584.90;1370.00;205.200;78.100;;;;;;;;;;;;;2000.100;0.000;;;;;;;;;;87.00;87.00;90.00;;;;;;;;;68622;;;;;;;;;;;;;;1472.100;;;;;;;;;;;;36.00;44.00;;;;;;;;;;;;;;0;0.00;0.00;;245.50;;3.00;-0.60;-1.00;;0.80;1.40;;;;-2.70;;;;9.40;;;;1.10;9.10;5.10;13.50;1.40;8.70;5.40;13.10;1.30;-2.40;-0.40;0.30;19.00;;;;16.00;;;;33.00;;;;;;;;41.00;;;;;;;;;;;;65.00;;;;;;;;;;;;;;;;;;;;;;;;;;;;;;;;;;;;;;;;;;;;;;;;;;;;;;;;;;;;;;;;;;;;;;;;;;;;;;;;;;;;;;;;;;;;;;;;;;;;;;;;;;;;;;;;;;;;;;;;;;;;;;;;;;;;;;;;;;;;;;;;;;;;;;;;;;;;;;;;;;;;;;;;;;;;;;;;;;;;;;;;;;;;;;;;;;;;;;;;;;;;;;;;;;;;;;72.00;;;;;;;;;;;;;;;;;;;;;;;;;;;;;;;;;;;37.00;36.00;37.00;;;;;;;;;;;;;;46.00;46.00;47.00;;;;28.90;;;;;;;;;;;769.10;2000.00;256.80;0.00;0.00;260.70;;;;;;;;;;;;;;;;;;;;;;2000.10;2000.10;1;1;;;;;;;;;;;;;;;;;;;;;;;;0.30;0;0;0.00;0.00;;;;;92.00;92.00;92.00;;101.00;101.00;102.00;;95.00;95.00;95.00;;;;;;;;;;;;;0;8.90;12.00;6.00;14.90;15.20;13.10;1474;2105;805;245;245;1541.60;;;30171436;6.00;;;;;;23.00
1576449000000;2019-12-15T23:30:00.000+0100;;;;;;;;;1.00;122.20;377.40;378.10;378.10;1119.00;1111.00;1110.00;-2.20;;;;;-2.20;-2.20;;;;;;;;;1.0;;;;;;;;;;;;;;;;;;;;;;;;;;;;;;;;;;;;;;;;;;;;50.00;;;;;;;;;;;;;;;;;;;;;;;;;;;;;;;;;;;;;;38.00;52.00;36.00;9.00;;;;70.00;73.00;67.00;;;;;;;;;1567.30;1380.50;167.800;75.600;;;;;;;;;;;;;2000.100;0.000;;;;;;;;;;86.00;85.00;88.00;;;;;;;;;68622;;;;;;;;;;;;;;1255.400;;;;;;;;;;;;36.00;44.00;;;;;;;;;;;;;;0;0.00;0.00;;244.20;;3.00;-0.50;-0.80;;0.60;1.30;;;;-2.40;;;;8.90;;;;1.10;8.50;4.20;12.40;1.30;8.10;4.90;12.80;1.30;-2.40;-1.30;0.20;19.00;;;;16.00;;;;34.00;;;;;;;;40.00;;;;;;;;;;;;65.00;;;;;;;;;;;;;;;;;;;;;;;;;;;;;;;;;;;;;;;;;;;;;;;;;;;;;;;;;;;;;;;;;;;;;;;;;;;;;;;;;;;;;;;;;;;;;;;;;;;;;;;;;;;;;;;;;;;;;;;;;;;;;;;;;;;;;;;;;;;;;;;;;;;;;;;;;;;;;;;;;;;;;;;;;;;;;;;;;;;;;;;;;;;;;;;;;;;;;;;;;;;;;;;;;;;;;;72.00;;;;;;;;;;;;;;;;;;;;;;;;;;;;;;;;;;;36.00;36.00;37.00;;;;;;;;;;;;;;46.00;46.00;46.00;;;;43.30;;;;;;;;;;;769.20;1736.60;183.90;0.00;0.00;183.20;;;;;;;;;;;;;;;;;;;;;;2000.10;2000.10;1;1;;;;;;;;;;;;;;;;;;;;;;;;0.30;0;0;0.00;0.00;;;;;92.00;92.00;92.00;;101.00;101.00;101.00;;95.00;95.00;95.00;;;;;;;;;;;;;0;8.30;11.50;6.30;14.60;14.90;13.10;1256;1728;786;245;245;1518.60;;;30171646;6.00;;;;;;21.00
1576449600000;2019-12-15T23:40:00.000+0100;;;;;;;;;1.00;79.60;377.10;377.90;377.80;730.00;725.00;722.00;-2.10;;;;;-2.10;-2.10;;;;;;;;;1.0;;;;;;;;;;;;;;;;;;;;;;;;;;;;;;;;;;;;;;;;;;;;50.00;;;;;;;;;;;;;;;;;;;;;;;;;;;;;;;;;;;;;;38.00;51.00;36.00;9.00;;;;66.00;70.00;64.00;;;;;;;;;1551.50;1192.50;152.900;40.600;;;;;;;;;;;;;2000.100;0.000;;;;;;;;;;82.00;81.00;85.00;;;;;;;;;68622;;;;;;;;;;;;;;817.600;;;;;;;;;;;;36.00;44.00;;;;;;;;;;;;;;0;0.00;0.00;;244.60;;3.00;0.90;0.60;;1.40;1.70;;;;-0.80;;;;7.70;;;;1.00;7.20;4.20;12.10;1.30;7.00;4.40;11.20;1.20;-2.40;-1.70;0.10;19.00;;;;16.00;;;;31.00;;;;;;;;40.00;;;;;;;;;;;;64.00;;;;;;;;;;;;;;;;;;;;;;;;;;;;;;;;;;;;;;;;;;;;;;;;;;;;;;;;;;;;;;;;;;;;;;;;;;;;;;;;;;;;;;;;;;;;;;;;;;;;;;;;;;;;;;;;;;;;;;;;;;;;;;;;;;;;;;;;;;;;;;;;;;;;;;;;;;;;;;;;;;;;;;;;;;;;;;;;;;;;;;;;;;;;;;;;;;;;;;;;;;;;;;;;;;;;;;71.00;;;;;;;;;;;;;;;;;;;;;;;;;;;;;;;;;;;36.00;36.00;37.00;;;;;;;;;;;;;;45.00;45.00;46.00;;;;88.30;;;;;;;;;;;406.90;1580.30;199.20;0.00;0.00;198.80;;;;;;;;;;;;;;;;;;;;;;2000.10;2000.10;1;1;;;;;;;;;;;;;;;;;;;;;;;;0.90;0;0;0.00;0.00;;;;;91.00;91.00;92.00;;101.00;101.00;101.00;;95.00;94.00;95.00;;;;;;;;;;;;;0;7.10;10.90;5.40;13.10;14.90;11.30;818;1572;418;245;246;1377.50;;;30171784;6.00;;;;;;21.00
1576450200000;2019-12-15T23:50:00.000+0100;;;;;;;;;1.00;125.00;378.50;378.70;378.90;1143.00;1134.00;1134.00;-2.20;;;;;-2.20;-2.20;;;;;;;;;1.0;;;;;;;;;;;;;;;;;;;;;;;;;;;;;;;;;;;;;;;;;;;;50.00;;;;;;;;;;;;;;;;;;;;;;;;;;;;;;;;;;;;;;38.00;51.00;36.00;9.00;;;;63.00;66.00;61.00;;;;;;;;;1572.10;1333.30;175.900;62.100;;;;;;;;;;;;;2000.100;0.000;;;;;;;;;;81.00;80.00;84.00;;;;;;;;;68622;;;;;;;;;;;;;;1284.800;;;;;;;;;;;;35.00;43.00;;;;;;;;;;;;;;0;0.00;0.00;;245.60;;3.00;1.20;-7.60;;1.10;3.00;;;;-0.40;;;;9.00;;;;1.00;8.50;3.90;13.20;1.30;8.10;5.00;12.30;1.30;-2.40;-1.40;0.10;19.00;;;;16.00;;;;32.00;;;;;;;;40.00;;;;;;;;;;;;64.00;;;;;;;;;;;;;;;;;;;;;;;;;;;;;;;;;;;;;;;;;;;;;;;;;;;;;;;;;;;;;;;;;;;;;;;;;;;;;;;;;;;;;;;;;;;;;;;;;;;;;;;;;;;;;;;;;;;;;;;;;;;;;;;;;;;;;;;;;;;;;;;;;;;;;;;;;;;;;;;;;;;;;;;;;;;;;;;;;;;;;;;;;;;;;;;;;;;;;;;;;;;;;;;;;;;;;;71.00;;;;;;;;;;;;;;;;;;;;;;;;;;;;;;;;;;;36.00;36.00;36.00;;;;;;;;;;;;;;45.00;45.00;46.00;;;;49.50;;;;;;;;;;;626.00;1836.90;219.90;0.00;0.00;219.40;;;;;;;;;;;;;;;;;;;;;;2000.10;2000.10;1;1;;;;;;;;;;;;;;;;;;;;;;;;0.60;0;0;0.00;0.00;;;;;91.00;91.00;91.00;;101.00;101.00;101.00;;94.00;94.00;95.00;;;;;;;;;;;;;0;8.30;11.70;5.90;14.60;15.20;12.80;1285;1811;645;245;246;1516.80;;;30171996;6.00;;;;;;21.00
