Timestamp;DateTime;T Generatorkuehlluft;T Gear Bearing Temperatur HS-ROT;T Wellenlager;Scheinleistung;U ac;I ac;Operation Mode;Turmauslenkung;Grid Production CosPhi (avg);Blindleistung;Spannung L1-N;Spannung L2-N;Spannung L3-N;Strom L1;Strom L2;Strom L3;Pitch Angle 1 (avg);Gondelumdrehung;Generatordrehzahl;DC Modules;Windabweichung 1 sek;Pitch Angle 2 (avg);Pitch Angle 3 (avg);Blattwinkel 1 (Soll);Blattwinkel 2 (Soll);Blattwinkel 3 (Soll);cos phi (Soll);n-Soll 1;n-Soll 2;Drehmoment;Drehmoment (Soll);Max. Operatingstate;Gondelbild;Windabweichung 10 sek;Schnelllaufzahl;Digital 1;Digital 2;Leistungsschalter Zuschaltungen;Triebstr.beschleunigung;Turmbeschleunigung;Anlagenzustand;Gear Bearing High Speed Shaft Generator Temperature (avg);Hydraulikvordruck;T.1(202);T.2(205);T.3(208);T.4(211);T.5(214);T.6(217);T.7(220);T.8(224);T.9(227);T.10(231);T.11(234);Int.Temp.;T.Sub1(202);T.Sub2(205);T.Sub3(208);T.Sub4(211);T.Sub5(214);T.Sub6(217);T.Sub7(220);T.Sub8(224);T.Sub9(227);T.Sub10(231);T.Sub11(234);Intern T.Sub;Windg. 1+2;T. SAMI;A.Ein(236);A.Ein(239);A.Ein(242);A.Ein(245);A.Aus(400);A.Aus(404);Netz Freq.;Grid voltage;Drehstromsteller Soll;Deviation Wind Direction To Nacelle Direction (avg);Leistungsmittelwert 5 Sek;Leistungsmittelwert 30 Sek;zugeschaltete Blindleistung;Leistungsklasse;Zustand Blatt;Anzahl Komp. Stufen;T Stator;Subtotal Energy Generator 1;Subtotal Energy Generator 2;Subtotal Production Time Generator 1;Subtotal Production Time Generator 2;Subtotal Availability Total Hours;Subtotal Availability Total Error;Subtotal Availability;Subtotal Wind Average;Subtotal Wind Maximum;Subtotal Availability Wind OK Hours;Subtotal Availability Braked Hours;Subtotal Availability External Error Hours;Subtotal Availability Grid Error Hours;Total Energy Generator 1;Total Energy Generator 2;Total Production Time Generator 1;Total Production Time Generator 2;Total Availability Total Hours;Total Availability Total Error;Total Availability;Total Wind Average;Total Wind Maximum;Total Availability Wind OK Hours;Total Availability Braked Hours;Total Availability External Error Hours;Total Availability Grid Error Hours;Blattwinkel;T Hydraulic Oil;T Gear Oil;T Generator Cooling Water;T Spin;Generator Slip Ring Top Temperature (avg);FreeForReuse;T Spin Slip Ring;High Voltage Trafo Phase 1 Temperature (avg);High Voltage Trafo Phase 2 Temperature (avg);High Voltage Trafo Phase 3 Temperature (avg);Event;Event Modul;Air Pressure;Niederschlag;Wingeschwindigkeit (Extern);Windrichtungsabweichung Max;Windrichtungsabweichung Min;Windrichtungsabweichung (Extern);Generatordrehzahl Max;Generatordrehzahl Min;Blindleistung Max;Blindleistung Min;Netzspannung Max;Netzspannung Min;Netzstrom;Netzstrom Max;Netzstrom Min;Statorstrom;Blattwinkel Durchschnitt;Blattwinkel Max;Blattwinkel Min;Leistung Bezug;Scheinleistung Bezug;Scheinleistung Bezug Max;Active Power Reference Value;Reactive Power Reference Value;Schwingungssensor 1 X Achse Max;Schwingungssensor 1 Y Achse Max;Schwingungssensor 2 X Achse Max;Schwingungssensor 2 Y Achse Max;Energie Produktion;Energie Bezug;Blindenergie Produktion;Blindenergie Bezug;Gondelposition Sensor;Statortemperatur L1;Statortemperatur L2;Statortemperatur L3;Blatt1 Motortemperatur;Blatt2 Motortemperatur;Blatt3 Motortemperatur;Umrichter (Generator zu Gleich) Temperatur;Umrichter (Gleich zu Netz) Temperatur;Produktionsstunden;Bezugszaehler;Setpoint frequenzy;t (Total);t (Produktionsbetrieb);t (Innerhalb Windgrenzen);Setpoint voltage;Produktion Zaehler-Lebenszeit kWh;Exported active energy;Exported active energy (red. op-mode);Setpoint in percent;Setpoint active power in percent;Internal setpoint max power;Internal setpoint stop WTG;Internal setpoint start WTG;Betriebsstunden Gen. 1;Betriebsstunden Gen. 2;Grid Possible Power (avg);Air Density;Max. Grid Active Power (Setpoint);Min. Grid Active Power (Setpoint);Max. Possible Grid Active Power (Setpoint);Full Power Operation Time;Power Reduced Operation Time;Min. Operatingstate;Wind Speed 2;Wind Speed 3;Wind Direction 2;Relative Humidity;T Generator Bearing DE;T Generator Bearing NDE;Radiation Module [W/m2];Radiation Horizontal [W/m2];Module Temperature;Wind Speed 4;Wind Speed 5;Wind Speed 6;Wind Speed 7;Wind Speed 8;Wind Direction 3;Wind Direction 4;Temperature Outside 2;Availability Wind Sensor 1;Availability Wind Sensor 2;Active Wind Sector In Period LaPM / Boost);Sector Angle Begin In Period (LaPM / Boost);Sector Angle End In Period (LaPM / Boost);Sector Time In Period (LaPM / Boost);Wind Direction Leading To Power Management (LaPM / Boost);Number Of Currently Main Wind Sensor;Active Wind Sensor;Relative Wind Direction (avg);Relative Wind Direction (min);Relative Wind Direction (max);Relative Wind Direction (stddev);Relative Wind Direction Sensor 1 (avg);Relative Wind Direction Sensor 1 (min);Relative Wind Direction Sensor 1 (max);Relative Wind Direction Sensor 1 (stddev);Relative Wind Direction Sensor 2 (avg);Relative Wind Direction Sensor 2 (min);Relative Wind Direction Sensor 2 (max);Relative Wind Direction Sensor 2 (stddev);Estimated Wind Speed (avg);Estimated Wind Speed (min);Estimated Wind Speed (max);Estimated Wind Speed (stddev);Wind Speed (stddev);Wind Speed Sensor 1 (avg);Wind Speed Sensor 1 (min);Wind Speed Sensor 1 (max);Wind Speed Sensor 1 (stddev);Wind Speed Sensor 2 (avg);Wind Speed Sensor 2 (min);Wind Speed Sensor 2 (max);Wind Speed Sensor 2 (stddev);Pitch Angle 1 (min);Pitch Angle 1 (max);Pitch Angle 1 (stddev);Ground Controller Temperature (avg);Ground Controller Temperature (min);Ground Controller Temperature (max);Ground Controller Temperature (std);Hub Controller Temperature (avg);Hub Controller Temperature (min);Hub Controller Temperature (max);Hub Controller Temperature (stddev);Top Controller Temperature (avg);Top Controller Temperature (min);Top Controller Temperature (max);Top Controller Temperature (stddev);VCP Choke Coil Temperature (avg);VCP Choke Coil Temperature (min);VCP Choke Coil Temperature (max);VCP Choke Coil Temperature (stddev);VCP Temperature (avg);VCP Temperature (min);VCP Temperature (max);VCP Temperature (stddev);VCP Wtr Temperatur (avg);VCP Wtr Temperatur (min);VCP Wtr Temperatur (max);VCP Wtr Temperatur (stddev);Gear Bearing Temperature A (avg);Gear Bearing Temperature A (min);Gear Bearing Temperature A (max);Gear Bearing Temperature A (stddev);Gear Bearing Temperature B (avg);Gear Bearing Temperature B (min);Gear Bearing Temperature B (max);Fermenter Niveau;Fermenter Druck;Fermenter ph-Wert;Fermenter Redoxpotential;Fermenter Temperatur 1;Fermenter Gasanalyse CO2;Fermenter Gasanalyse H2S;Fermenter Gasanalyse CH4;Fermenter Gasanalyse O2;Fermenter TS-Gehalt;Fermenter oTS-Gehalt;Fermenter1 Niveau;Fermenter1 Druck;Fermenter1 ph-Wert;Fermenter1 Redoxpotential;Fermenter1 Temperatur 1;Fermenter1 Gasanalyse CO2;Fermenter1 Gasanalyse H2S;Fermenter1 Gasanalyse CH4;Fermenter1 Gasanalyse O2;Fermenter1 TS-Gehalt;Fermenter1 oTS-Gehalt;Fermenter2 Niveau;Fermenter2 Druck;Fermenter2 ph-Wert;Fermenter2 Redoxpotential;Fermenter2 Temperatur 1;Fermenter2 Gasanalyse CO2;Fermenter2 Gasanalyse H2S;Fermenter2 Gasanalyse CH4;Fermenter2 Gasanalyse O2;Fermenter2 TS-Gehalt;Fermenter2 oTS-Gehalt;Fermenter3 Niveau;Fermenter3 Druck;Fermenter3 ph-Wert;Fermenter3 Redoxpotential;Fermenter3 Temperatur 1;Fermenter3 Gasanalyse CO2;Fermenter3 Gasanalyse H2S;Fermenter3 Gasanalyse CH4;Fermenter3 Gasanalyse O2;Fermenter3 TS-Gehalt;Fermenter3 oTS-Gehalt;Fermenter4 Niveau;Fermenter4 Druck;Fermenter4 ph-Wert;Fermenter4 Redoxpotential;Fermenter4 Temperatur 1;Fermenter4 Gasanalyse CO2;Fermenter4 Gasanalyse H2S;Fermenter4 Gasanalyse CH4;Fermenter4 Gasanalyse O2;Fermenter4 TS-Gehalt;Fermenter4 oTS-Gehalt;Fermenter5 Niveau;Fermenter5 Druck;Fermenter5 ph-Wert;Fermenter5 Redoxpotential;Fermenter5 Temperatur 1;Fermenter5 Gasanalyse CO2;Fermenter5 Gasanalyse H2S;Fermenter5 Gasanalyse CH4;Fermenter5 Gasanalyse O2;Fermenter5 TS-Gehalt;Fermenter5 oTS-Gehalt;Nachgaerer Niveau;Nachgaerer Kopfdruckmessung;Nachgaerer Temperatur 1;Nachgaerer TS-Gehalt;Nachgaerer oTS-Gehalt;Nachgaerer1 Niveau;Nachgaerer1 Kopfdruckmessung;Nachgaerer1 Temperatur 1;Nachgaerer1 TS-Gehalt;Nachgaerer1 oTS-Gehalt;Nachgaerer2 Niveau;Nachgaerer2 Kopfdruckmessung;Nachgaerer2 Temperatur 1;Nachgaerer2 TS-Gehalt;Nachgaerer2 oTS-Gehalt;Nachgaerer3 Niveau;Nachgaerer3 Kopfdruckmessung;Nachgaerer3 Temperatur 1;Nachgaerer3 TS-Gehalt;Nachgaerer3 oTS-Gehalt;Nachgaerer4 Niveau;Nachgaerer4 Kopfdruckmessung;Nachgaerer4 Temperatur 1;Nachgaerer4 TS-Gehalt;Nachgaerer4 oTS-Gehalt;Nachgaerer5 Niveau;Nachgaerer5 Kopfdruckmessung;Nachgaerer5 Temperatur 1;Nachgaerer5 TS-Gehalt;Nachgaerer5 oTS-Gehalt;Rohstofflager Fuellstand;Rohstofflager TS-Gehalt;Rohstofflager oTS-Gehalt;Gasspeicher Fuellstand 1;Gasspeicher Gasdruck;Gasspeicher Temperatur;Gasspeicher1 Fuellstand 1;Gasspeicher1 Gasdruck;Gasspeicher1 Temperatur;Gasspeicher2 Fuellstand 1;Gasspeicher2 Gasdruck;Gasspeicher2 Temperatur;Gasspeicher3 Fuellstand 1;Gasspeicher3 Gasdruck;Gasspeicher3 Temperatur;Gasspeicher4 Fuellstand 1;Gasspeicher4 Gasdruck;Gasspeicher4 Temperatur;Gasspeicher5 Fuellstand 1;Gasspeicher5 Gasdruck;Gasspeicher5 Temperatur;BHKW Leistung;BHKW Gasdurchfluss;BHKW Vorlauftemperatur Fermenter;BHKW Ruecklauftemperatur Fermenter;BHKW Gasanalyse CO2;BHKW Gasanalyse H2S;BHKW Gasanalyse O2;BHKW Gasanalyse CH4;BHKW Gasanalyse H2;BHKW1 Leistung;BHKW1 Gasdurchfluss;BHKW1 Vorlauftemperatur Fermenter;BHKW1 Ruecklauftemperatur Fermenter;BHKW1 Gasanalyse CO2;BHKW1 Gasanalyse H2S;BHKW1 Gasanalyse O2;BHKW1 Gasanalyse CH4;BHKW1 Gasanalyse H2;BHKW2 Leistung;BHKW2 Gasdurchfluss;BHKW2 Vorlauftemperatur Fermenter;BHKW2 Ruecklauftemperatur Fermenter;BHKW2 Gasanalyse CO2;BHKW2 Gasanalyse H2S;BHKW2 Gasanalyse O2;BHKW2 Gasanalyse CH4;BHKW2 Gasanalyse H2;BHKW3 Leistung;BHKW3 Gasdurchfluss;BHKW3 Vorlauftemperatur Fermenter;BHKW3 Ruecklauftemperatur Fermenter;BHKW3 Gasanalyse CO2;BHKW3 Gasanalyse H2S;BHKW3 Gasanalyse O2;BHKW3 Gasanalyse CH4;BHKW3 Gasanalyse H2;BHKW4 Leistung;BHKW4 Gasdurchfluss;BHKW4 Vorlauftemperatur Fermenter;BHKW4 Ruecklauftemperatur Fermenter;BHKW4 Gasanalyse CO2;BHKW4 Gasanalyse H2S;BHKW4 Gasanalyse O2;BHKW4 Gasanalyse CH4;BHKW4 Gasanalyse H2;BHKW5 Leistung;BHKW5 Gasdurchfluss;BHKW5 Vorlauftemperatur Fermenter;BHKW5 Ruecklauftemperatur Fermenter;BHKW5 Gasanalyse CO2;BHKW5 Gasanalyse H2S;BHKW5 Gasanalyse O2;BHKW5 Gasanalyse CH4;BHKW5 Gasanalyse H2;ZM-Pumpe Druckmessung;ZM-Pumpe Temperatur;ZM-Pumpe Durchflussmessung;Durchflussmenge;Leitapparat;Oberpegel;Pegel;BHKW Gesamtleistungsbezug Eigenbedarf;BHKW Gasverbrauch heute;BHKW Gasverbrauch gesamt;Fuellstand Vorgrube;Niederschlag max;Niederschlag min;T Mittelspannungstrafo Windung U ;T Mittelspannungstrafo Windung V;T Mittelspannungstrafo Windung W ;T Mittelspannungstrafo Umbegung;Ice Level;External setpoint power factor;Free For Reuse;Water Flow Rate;Upstream Water Level;Downstream Water Level;Weir Water Level;Setpoint power from grid operator;Setpoint power from direct marketer;Setpoint power from customer;Vmin;Vmax;Vout;Iout;%Wout;Freq;%Cap;Vbat;TupsC;%VAout;Setpoint active power controller;Wind Average of Running plants;Gear Bearing Temperature B (stddev);Gear Bearing Temperature C (avg);Gear Bearing Temperature C (min);Gear Bearing Temperature C (max);Gear Bearing Temperature C (stddev);Gear Bearing Hollow Shaft Generator Temperature (avg);Gear Bearing Hollow Shaft Generator Temperature (min);Gear Bearing Hollow Shaft Generator Temperature (max);Gear Bearing Hollow Shaft Generator Temperature (stddev);Gear Bearing Hollow Shaft Rotor Temperature (avg);Gear Bearing Hollow Shaft Rotor Temperature (min);Gear Bearing Hollow Shaft Rotor Temperature (max);Gear Bearing Hollow Shaft Rotor Temperature (stddev);Gear Bearing High Speed Generator Temperature (min);Gear Bearing High Speed Generator Temperature (max);Gear Bearing High Speed Generator Temperature (stddev);Gear Bearing High Speed Middle Temperature (avg);Gear Bearing High Speed Middle Temperature (min);Gear Bearing High Speed Middle Temperature (max);Gear Bearing High Speed Middle Temperature (stddev);Gear Bearing High Speed Rotor Temperature (avg);Gear Bearing High Speed Rotor Temperature (min);Gear Bearing High Speed Rotor Temperature (max);Gear Bearing High Speed Rotor Temperature (stddev);Gear Bearing Intermediate Shaft 1 Temperature (avg);Gear Bearing Intermediate Shaft 1 Temperature (min);Gear Bearing Intermediate Shaft 1 Temperature (max);Gear Bearing Intermediate Shaft 1 Temperature (stddev);Gear Bearing Intermediate Shaft 2 Temperature (avg);Gear Bearing Intermediate Shaft 2 Temperature (min);Gear Bearing Intermediate Shaft 2 Temperature (max);Gear Bearing Intermediate Shaft 2 Temperature (stddev);Gear Bearing Intermediate Shaft 3 Temperature (avg);Gear Bearing Intermediate Shaft 3 Temperature (min);Gear Bearing Intermediate Shaft 3 Temperature (max);Gear Bearing Intermediate Shaft 3 Temperature (stddev);Gear Cooling Water Temperature (avg);Gear Cooling Water Temperature (min);Gear Cooling Water Temperature (max);Gear Cooling Water Temperature (stddev);Gear Lubrication Oil Temperature (avg);Gear Lubrication Oil Temperature (min);Gear Lubrication Oil Temperature (max);Gear Lubrication Oil Temperature (stddev);Gear Main Bearing Temperature (avg);Gear Main Bearing Temperature (min);Gear Main Bearing Temperature (max);Gear Main Bearing Temperature (stddev);Gear Main Tank Oil Temperature (avg);Gear Main Tank Oil Temperature (min);Gear Main Tank Oil Temperature (max);Gear Main Tank Oil Temperature (stddev);Gear Oil Inlet Temperature (avg);Gear Oil Inlet Temperature (min);Gear Oil Inlet Temperature (max);Gear Oil Inlet Temperature (stddev);Generator RPM (min);Generator RPM (max);Generator RPM (stddev);Generator Slip Ring Top Temperature (min);Generator Slip Ring Top Temperature (max);Generator Slip Ring Top Temperature (stddev);Grid Busbar Temperature (avg);Grid Busbar Temperature (min);Grid Busbar Temperature (max);Grid Busbar Temperature (stddev);Grid Production CosPhi (min);Grid Production CosPhi (max);Grid Production CosPhi (stddev);Grid Possible Power (min);Grid Possible Power (max);Grid Possible Power (stddev);Grid Produced Power Internal Derate State;Grid Produced Power Internal Derate Time;Grid Produced Power Standard Deviation;Grid Rotor (Inverter) Phase 1 Current (avg);Grid Rotor (Inverter) Phase 1 Current (min);Grid Rotor (Inverter) Phase 1 Current (max);Grid Rotor (Inverter) Phase 1 Current (stddec);Grid Rotor (Inverter) Phase 1 Temperature (avg);Grid Rotor (Inverter) Phase 2 Current (avg);Grid Rotor (Inverter) Phase 2 Current (min);Grid Rotor (Inverter) Phase 2 Current (max);Grid Rotor (Inverter) Phase 2 Current (stddev);Grid Rotor (Inverter) Phase 2 Temperature (avg);Grid Rotor (Inverter) Phase 2 Temperature (min);Grid Rotor (Inverter) Phase 2 Temperature (max);Grid Rotor (Inverter) Phase 2 Temperature (stddev);Grid Rotor (Inverter) Phase 3 Current (avg);Grid Rotor (Inverter) Phase 3 Current (min);Grid Rotor (Inverter) Phase 3 Current (max);Grid Rotor (Inverter) Phase 3 Current (stddev);Grid Rotor (Inverter) Phase 3 Temperature (avg);Grid Rotor (Inverter) Phase 3 Temperature (min);Grid Rotor (Inverter) Phase 3 Temperature (max);Grid Rotor (Inverter) Phase 3 Temperature (stddev);Active Power Reference Value (min);Active Power Reference Value (max);Active Power Setting Source;Reactive Power Setting Source;VCRS Chopper Temperature (avg);High Voltage Trafo Air Outlet Temperature (avg);High Voltage Trafo Core Temperature 1 (avg);High Voltage Trafo Core Temperature 1 (min);High Voltage Trafo Core Temperature 1 (max);High Voltage Trafo Core Temperature 1 (stddev);High Voltage Trafo Core Temperature 2 (avg);High Voltage Trafo Core Temperature 2 (min);High Voltage Trafo Core Temperature 2 (max);High Voltage Trafo Core Temperature 2 (stddev);High Voltage Trafo Phase 1 Temperature (min);High Voltage Trafo Phase 1 Temperature (max);High Voltage Trafo Phase 1 Temperature (stddev);High Voltage Trafo Phase 2 Temperature (min);High Voltage Trafo Phase 2 Temperature (max);High Voltage Trafo Phase 2 Temperature (stddev);High Voltage Trafo Phase 3 Temperature (min);High Voltage Trafo Phase 3 Temperature (max);High Voltage Trafo Phase 3 Temperature (stddev);Nacelle Damper Temperature (avg);Nacelle Damper Temperature (min);Nacelle Damper Temperature (max);Nacelle Damper Temperature (stddev);Rotor RPM (stddev);First Active Alarm Parameter 1;First Active Alarm Parameter 2;Tower Acceleration X Axis;Tower Acceleration Y Axis;Yaw Motors Temperature (avg);Yaw Motors Temperature (min);Yaw Motors Temperature (max);Yaw Motors Temperature (stddev);High Voltage Trafo Phase 1 Core Temperature (avg);High Voltage Trafo Phase 1 Core Temperature (min);High Voltage Trafo Phase 1 Core Temperature (max);High Voltage Trafo Phase 1 Core Temperature (stddev);High Voltage Trafo Phase 2 Core Temperature (avg);High Voltage Trafo Phase 2 Core Temperature (min);High Voltage Trafo Phase 2 Core Temperature (max);High Voltage Trafo Phase 2 Core Temperature (stddev);High Voltage Trafo Phase 3 Core Temperature (avg);High Voltage Trafo Phase 3 Core Temperature (min);High Voltage Trafo Phase 3 Core Temperature (max);High Voltage Trafo Phase 3 Core Temperature (stddev);PowerBoost gain (absolute) [kWh];Nacelle Orientation (max) [degrees];Nacelle Orientation (min) [degrees];Regulator power reference [kW];DMI power demand [kW];Utility power demand [kW];Visibility Range (avg);Visibility Range (min);Visibility Range (max);T Outside Ground Level (avg);Calculated By ROTORsoft;Fehlernummer;Windgeschwindigkeit;Windgeschwindigkeit Max;Windgeschwindigkeit Min;Rotor RPM (avg);Rotor RPM (max);Rotor RPM (min);Leistung;Leistung Max;Leistung Min;Gondelposition;Windrichtung;Generator RPM (avg);Stop Fault;Schwingung;Produktion Zaehler;T Outside Nacelle Level (avg);T Gen1;T Gen2;T Getriebe;T Lager A;T Lager B;T Inside Nacelle (avg)
1574118000000;2019-11-19T00:00:00.000+0100;;;;;;;;;1.00;137.80;378.30;377.80;378.70;1484.00;1472.00;1475.00;-1.20;;;;;-1.20;-1.20;;;;;;;;;1.0;;;;;;;;;;;;;;;;;;;;;;;;;;;;;;;;;;;;;;;;;;;;50.00;;;;;;;;;;;;;;;;;;;;;;;;;;;;;;;;;;;;;;38.00;53.00;36.00;8.00;;;;57.00;60.00;57.00;;;;;;;;;1622.20;1510.00;173.800;87.500;;;;;;;;;;;;;2000.100;;;;;;;;;;;86.00;84.00;89.00;;;;;;;;;68818;;;;;;;;;;;;;;1660.900;;;;;;;;;;;;68.00;39.00;;;;;;;;;;;;;;0;0.00;0.00;;178.80;;3.00;-0.60;-0.60;;0.80;1.20;;;;-2.60;;;;10.00;;;;0.70;10.20;7.30;14.60;1.00;9.90;7.40;13.10;0.90;-2.30;4.20;1.00;21.00;;;;15.00;;;;33.00;;;;;;;;44.00;;;;;;;;;;;;58.00;;;;;;;;;;;;;;;;;;;;;;;;;;;;;;;;;;;;;;;;;;;;;;;;;;;;;;;;;;;;;;;;;;;;;;;;;;;;;;;;;;;;;;;;;;;;;;;;;;;;;;;;;;;;;;;;;;;;;;;;;;;;;;;;;;;;;;;;;;;;;;;;;;;;;;;;;;;;;;;;;;;;;;;;;;;;;;;;;;;;;;;;;;;;;;;;;;;;;;;;;;;;;;;;;;;;;;54.00;;;;;;;;;;;;;;;;;;;;;;;;;;;;;;;;;;;35.00;35.00;35.00;;;;;;;;;;;;;;46.00;46.00;46.00;;;;12.50;;;;;;;;;;;1049.00;2000.00;229.40;0.00;0.00;241.70;;;;;;;;;;;;;;;;;;;;;;2000.10;2000.10;1;1;;;;;;;;;;;;;;;;;;;;;;;;0.00;0;0;0.00;0.00;;;;;72.00;72.00;72.00;;81.00;81.00;81.00;;72.00;72.00;73.00;;;;;;;;;;;;;0;10.10;12.20;8.20;14.90;15.50;14.60;1670;2114;1061;177;176;1550.30;;;30676208;7.00;;;;;;24.00
1574118600000;2019-11-19T00:10:00.000+0100;;;;;;;;;1.00;136.60;376.60;376.60;377.00;1477.00;1465.00;1468.00;-1.30;;;;;-1.30;-1.30;;;;;;;;;1.0;;;;;;;;;;;;;;;;;;;;;;;;;;;;;;;;;;;;;;;;;;;;50.00;;;;;;;;;;;;;;;;;;;;;;;;;;;;;;;;;;;;;;39.00;53.00;36.00;8.00;;;;59.00;62.00;59.00;;;;;;;;;1620.10;1491.50;173.800;88.600;;;;;;;;;;;;;2000.100;;;;;;;;;;;87.00;84.00;89.00;;;;;;;;;68818;;;;;;;;;;;;;;1649.400;;;;;;;;;;;;69.00;40.00;;;;;;;;;;;;;;0;0.00;0.00;;170.50;;3.00;1.10;-0.60;;0.70;2.80;;;;-0.70;;;;10.00;;;;0.70;10.20;6.40;13.90;1.00;9.90;7.20;13.50;1.00;-2.20;2.90;0.90;21.00;;;;15.00;;;;31.00;;;;;;;;44.00;;;;;;;;;;;;57.00;;;;;;;;;;;;;;;;;;;;;;;;;;;;;;;;;;;;;;;;;;;;;;;;;;;;;;;;;;;;;;;;;;;;;;;;;;;;;;;;;;;;;;;;;;;;;;;;;;;;;;;;;;;;;;;;;;;;;;;;;;;;;;;;;;;;;;;;;;;;;;;;;;;;;;;;;;;;;;;;;;;;;;;;;;;;;;;;;;;;;;;;;;;;;;;;;;;;;;;;;;;;;;;;;;;;;;54.00;;;;;;;;;;;;;;;;;;;;;;;;;;;;;;;;;;;35.00;34.00;35.00;;;;;;;;;;;;;;46.00;46.00;46.00;;;;14.00;;;;;;;;;;;1065.00;2000.00;226.60;0.00;0.00;235.50;;;;;;;;;;;;;;;;;;;;;;2000.10;2000.10;1;1;;;;;;;;;;;;;;;;;;;;;;;;0.00;0;0;0.00;0.00;;;;;73.00;72.00;73.00;;82.00;81.00;82.00;;73.00;73.00;73.00;;;;;;;;;;;;;0;10.00;12.30;8.10;14.90;15.50;14.30;1656;2113;1074;172;174;1550.00;;;30676482;7.00;;;;;;24.00
1574119200000;2019-11-19T00:20:00.000+0100;;;;;;;;;1.00;128.00;377.70;377.80;378.20;1379.00;1369.00;1371.00;-1.70;;;;;-1.70;-1.70;;;;;;;;;1.0;;;;;;;;;;;;;;;;;;;;;;;;;;;;;;;;;;;;;;;;;;;;50.00;;;;;;;;;;;;;;;;;;;;;;;;;;;;;;;;;;;;;;38.00;53.00;36.00;7.00;;;;60.00;63.00;60.00;;;;;;;;;1575.30;1525.80;162.300;97.200;;;;;;;;;;;;;2000.100;;;;;;;;;;;87.00;84.00;89.00;;;;;;;;;68818;;;;;;;;;;;;;;1550.700;;;;;;;;;;;;69.00;39.00;;;;;;;;;;;;;;0;0.00;0.00;;173.10;;3.00;0.10;-3.70;;0.80;2.30;;;;-1.90;;;;9.70;;;;0.50;9.80;6.90;12.80;0.90;9.60;6.70;12.20;0.80;-2.40;-0.90;0.30;21.00;;;;15.00;;;;30.00;;;;;;;;44.00;;;;;;;;;;;;57.00;;;;;;;;;;;;;;;;;;;;;;;;;;;;;;;;;;;;;;;;;;;;;;;;;;;;;;;;;;;;;;;;;;;;;;;;;;;;;;;;;;;;;;;;;;;;;;;;;;;;;;;;;;;;;;;;;;;;;;;;;;;;;;;;;;;;;;;;;;;;;;;;;;;;;;;;;;;;;;;;;;;;;;;;;;;;;;;;;;;;;;;;;;;;;;;;;;;;;;;;;;;;;;;;;;;;;;54.00;;;;;;;;;;;;;;;;;;;;;;;;;;;;;;;;;;;35.00;34.00;35.00;;;;;;;;;;;;;;46.00;46.00;46.00;;;;9.30;;;;;;;;;;;1157.50;1971.90;175.30;0.00;0.00;174.90;;;;;;;;;;;;;;;;;;;;;;2000.10;2000.10;1;1;;;;;;;;;;;;;;;;;;;;;;;;0.00;0;0;0.00;0.00;;;;;73.00;73.00;73.00;;82.00;82.00;82.00;;73.00;73.00;73.00;;;;;;;;;;;;;0;9.70;11.10;8.30;14.90;15.20;14.60;1551;1959;1179;172;173;1550.00;;;30676740;6.00;;;;;;22.00
1574119800000;2019-11-19T00:30:00.000+0100;;;;;;;;;1.00;133.30;381.80;381.80;382.30;1423.00;1412.00;1414.00;-1.40;;;;;-1.40;-1.40;;;;;;;;;1.0;;;;;;;;;;;;;;;;;;;;;;;;;;;;;;;;;;;;;;;;;;;;50.00;;;;;;;;;;;;;;;;;;;;;;;;;;;;;;;;;;;;;;38.00;53.00;36.00;7.00;;;;60.00;63.00;60.00;;;;;;;;;1647.90;1514.20;173.900;84.700;;;;;;;;;;;;;2000.100;;;;;;;;;;;86.00;84.00;89.00;;;;;;;;;68818;;;;;;;;;;;;;;1596.900;;;;;;;;;;;;69.00;39.00;;;;;;;;;;;;;;0;0.00;0.00;;173.50;;3.00;1.20;0.10;;0.60;2.90;;;;-0.60;;;;9.90;;;;0.90;10.00;6.50;14.40;1.20;9.70;6.10;13.50;1.10;-2.40;5.20;1.00;21.00;;;;15.00;;;;30.00;;;;;;;;44.00;;;;;;;;;;;;57.00;;;;;;;;;;;;;;;;;;;;;;;;;;;;;;;;;;;;;;;;;;;;;;;;;;;;;;;;;;;;;;;;;;;;;;;;;;;;;;;;;;;;;;;;;;;;;;;;;;;;;;;;;;;;;;;;;;;;;;;;;;;;;;;;;;;;;;;;;;;;;;;;;;;;;;;;;;;;;;;;;;;;;;;;;;;;;;;;;;;;;;;;;;;;;;;;;;;;;;;;;;;;;;;;;;;;;;54.00;;;;;;;;;;;;;;;;;;;;;;;;;;;;;;;;;;;35.00;34.00;35.00;;;;;;;;;;;;;;46.00;46.00;46.00;;;;16.70;;;;;;;;;;;1021.50;2000.00;248.10;0.00;0.00;271.60;;;;;;;;;;;;;;;;;;;;;;2000.10;2000.10;1;1;;;;;;;;;;;;;;;;;;;;;;;;0.30;0;0;0.00;0.00;;;;;73.00;73.00;74.00;;82.00;82.00;83.00;;74.00;73.00;74.00;;;;;;;;;;;;;0;9.80;12.50;7.40;14.90;15.80;14.60;1616;2110;1027;173;175;1550.60;;;30677012;6.00;;;;;;21.00
1574120400000;2019-11-19T00:40:00.000+0100;;;;;;;;;1.00;119.50;378.50;378.60;379.10;1286.00;1276.00;1278.00;-1.90;;;;;-1.90;-1.90;;;;;;;;;1.0;;;;;;;;;;;;;;;;;;;;;;;;;;;;;;;;;;;;;;;;;;;;50.00;;;;;;;;;;;;;;;;;;;;;;;;;;;;;;;;;;;;;;38.00;53.00;36.00;7.00;;;;61.00;64.00;61.00;;;;;;;;;1585.20;1515.70;173.400;68.000;;;;;;;;;;;;;2000.100;;;;;;;;;;;86.00;84.00;89.00;;;;;;;;;68819;;;;;;;;;;;;;;1445.800;;;;;;;;;;;;68.00;39.00;;;;;;;;;;;;;;0;0.00;0.00;;175.30;;3.00;-1.20;-1.30;;0.90;0.20;;;;-2.70;;;;9.40;;;;0.80;9.50;5.50;13.30;1.10;9.30;6.90;12.60;1.00;-2.50;0.20;0.50;20.00;;;;15.00;;;;31.00;;;;;;;;44.00;;;;;;;;;;;;57.00;;;;;;;;;;;;;;;;;;;;;;;;;;;;;;;;;;;;;;;;;;;;;;;;;;;;;;;;;;;;;;;;;;;;;;;;;;;;;;;;;;;;;;;;;;;;;;;;;;;;;;;;;;;;;;;;;;;;;;;;;;;;;;;;;;;;;;;;;;;;;;;;;;;;;;;;;;;;;;;;;;;;;;;;;;;;;;;;;;;;;;;;;;;;;;;;;;;;;;;;;;;;;;;;;;;;;;54.00;;;;;;;;;;;;;;;;;;;;;;;;;;;;;;;;;;;35.00;34.00;35.00;;;;;;;;;;;;;;46.00;45.00;46.00;;;;11.30;;;;;;;;;;;815.40;1978.50;234.30;0.00;0.00;238.70;;;;;;;;;;;;;;;;;;;;;;2000.10;2000.10;1;1;;;;;;;;;;;;;;;;;;;;;;;;0.00;0;0;0.00;0.00;;;;;74.00;74.00;74.00;;83.00;82.00;83.00;;74.00;74.00;74.00;;;;;;;;;;;;;0;9.40;11.80;7.60;14.90;15.20;14.60;1448;2102;820;178;177;1550.00;;;30677252;6.00;;;;;;21.00
1574121000000;2019-11-19T00:50:00.000+0100;;;;;;;;;1.00;99.50;381.70;381.70;382.30;1061.00;1052.00;1053.00;-2.20;;;;;-2.20;-2.20;;;;;;;;;1.0;;;;;;;;;;;;;;;;;;;;;;;;;;;;;;;;;;;;;;;;;;;;50.00;;;;;;;;;;;;;;;;;;;;;;;;;;;;;;;;;;;;;;38.00;52.00;36.00;7.00;;;;60.00;63.00;60.00;;;;;;;;;1569.40;1507.30;172.400;53.700;;;;;;;;;;;;;2000.100;;;;;;;;;;;85.00;83.00;87.00;;;;;;;;;68819;;;;;;;;;;;;;;1204.200;;;;;;;;;;;;68.00;39.00;;;;;;;;;;;;;;0;0.00;0.00;;175.00;;3.00;-1.10;-2.50;;1.00;0.80;;;;-3.20;;;;8.80;;;;0.60;8.90;6.80;12.20;0.90;8.80;6.00;11.80;0.90;-2.40;-0.80;0.30;20.00;;;;15.00;;;;32.00;;;;;;;;44.00;;;;;;;;;;;;57.00;;;;;;;;;;;;;;;;;;;;;;;;;;;;;;;;;;;;;;;;;;;;;;;;;;;;;;;;;;;;;;;;;;;;;;;;;;;;;;;;;;;;;;;;;;;;;;;;;;;;;;;;;;;;;;;;;;;;;;;;;;;;;;;;;;;;;;;;;;;;;;;;;;;;;;;;;;;;;;;;;;;;;;;;;;;;;;;;;;;;;;;;;;;;;;;;;;;;;;;;;;;;;;;;;;;;;;53.00;;;;;;;;;;;;;;;;;;;;;;;;;;;;;;;;;;;34.00;34.00;35.00;;;;;;;;;;;;;;45.00;45.00;46.00;;;;9.30;;;;;;;;;;;635.90;1997.50;197.60;0.00;0.00;199.80;;;;;;;;;;;;;;;;;;;;;;2000.10;2000.10;1;1;;;;;;;;;;;;;;;;;;;;;;;;0.00;0;0;0.00;0.00;;;;;74.00;74.00;74.00;;83.00;83.00;83.00;;74.00;74.00;74.00;;;;;;;;;;;;;0;8.90;11.00;7.20;14.90;14.90;14.30;1205;2088;656;175;173;1548.20;;;30677454;6.00;;;;;;20.00
1574121600000;2019-11-19T01:00:00.000+0100;;;;;;;;;1.00;81.00;381.00;380.70;381.50;865.00;858.00;860.00;-2.20;;;;;-2.20;-2.20;;;;;;;;;1.0;;;;;;;;;;;;;;;;;;;;;;;;;;;;;;;;;;;;;;;;;;;;50.00;;;;;;;;;;;;;;;;;;;;;;;;;;;;;;;;;;;;;;38.00;51.00;36.00;7.00;;;;58.00;60.00;57.00;;;;;;;;;1574.10;1396.60;114.800;46.800;;;;;;;;;;;;;2000.100;;;;;;;;;;;82.00;80.00;85.00;;;;;;;;;68819;;;;;;;;;;;;;;980.800;;;;;;;;;;;;68.00;39.00;;;;;;;;;;;;;;0;0.00;0.00;;171.80;;3.00;0.40;-9.20;;1.90;1.80;;;;-1.30;;;;8.20;;;;0.60;8.30;5.60;11.70;0.90;8.10;5.50;11.00;0.80;-2.40;-2.00;0.10;20.00;;;;15.00;;;;33.00;;;;;;;;44.00;;;;;;;;;;;;56.00;;;;;;;;;;;;;;;;;;;;;;;;;;;;;;;;;;;;;;;;;;;;;;;;;;;;;;;;;;;;;;;;;;;;;;;;;;;;;;;;;;;;;;;;;;;;;;;;;;;;;;;;;;;;;;;;;;;;;;;;;;;;;;;;;;;;;;;;;;;;;;;;;;;;;;;;;;;;;;;;;;;;;;;;;;;;;;;;;;;;;;;;;;;;;;;;;;;;;;;;;;;;;;;;;;;;;;53.00;;;;;;;;;;;;;;;;;;;;;;;;;;;;;;;;;;;35.00;34.00;35.00;;;;;;;;;;;;;;45.00;44.00;45.00;;;;31.30;;;;;;;;;;;559.70;1410.90;174.10;0.00;0.00;174.00;;;;;;;;;;;;;;;;;;;;;;2000.10;2000.10;1;1;;;;;;;;;;;;;;;;;;;;;;;;0.30;0;0;0.00;0.00;;;;;74.00;74.00;74.00;;83.00;83.00;83.00;;74.00;74.00;75.00;;;;;;;;;;;;;0;8.20;9.90;6.60;14.60;15.20;13.40;981;1393;565;167;168;1538.00;;;30677618;6.00;;;;;;21.00
1574122200000;2019-11-19T01:10:00.000+0100;;;;;;;;;1.00;98.70;381.10;380.80;381.60;1054.00;1046.00;1047.00;-2.10;;;;;-2.10;-2.10;;;;;;;;;1.0;;;;;;;;;;;;;;;;;;;;;;;;;;;;;;;;;;;;;;;;;;;;50.00;;;;;;;;;;;;;;;;;;;;;;;;;;;;;;;;;;;;;;38.00;51.00;36.00;7.00;;;;56.00;59.00;56.00;;;;;;;;;1580.10;1532.70;146.400;58.900;;;;;;;;;;;;;2000.100;;;;;;;;;;;82.00;79.00;84.00;;;;;;;;;68819;;;;;;;;;;;;;;1196.100;;;;;;;;;;;;68.00;40.00;;;;;;;;;;;;;;0;0.00;0.00;;166.20;;3.00;-1.10;-4.00;;0.50;1.00;;;;-2.60;;;;8.80;;;;0.70;9.00;6.40;12.80;0.90;8.90;5.70;12.10;0.90;-2.40;-1.20;0.30;20.00;;;;15.00;;;;34.00;;;;;;;;44.00;;;;;;;;;;;;56.00;;;;;;;;;;;;;;;;;;;;;;;;;;;;;;;;;;;;;;;;;;;;;;;;;;;;;;;;;;;;;;;;;;;;;;;;;;;;;;;;;;;;;;;;;;;;;;;;;;;;;;;;;;;;;;;;;;;;;;;;;;;;;;;;;;;;;;;;;;;;;;;;;;;;;;;;;;;;;;;;;;;;;;;;;;;;;;;;;;;;;;;;;;;;;;;;;;;;;;;;;;;;;;;;;;;;;;53.00;;;;;;;;;;;;;;;;;;;;;;;;;;;;;;;;;;;34.00;34.00;35.00;;;;;;;;;;;;;;45.00;45.00;45.00;;;;7.80;;;;;;;;;;;699.10;1780.20;235.60;0.00;0.00;235.50;;;;;;;;;;;;;;;;;;;;;;2000.10;2000.10;1;1;;;;;;;;;;;;;;;;;;;;;;;;0.00;0;0;0.00;0.00;;;;;74.00;74.00;74.00;;83.00;83.00;83.00;;75.00;75.00;75.00;;;;;;;;;;;;;0;8.90;10.90;7.30;14.90;15.20;14.60;1196;1774;709;164;163;1550.30;;;30677816;6.00;;;;;;23.00
1574122800000;2019-11-19T01:20:00.000+0100;;;;;;;;;1.00;75.10;380.10;379.90;380.60;805.00;798.00;800.00;-2.20;;;;;-2.20;-2.20;;;;;;;;;1.0;;;;;;;;;;;;;;;;;;;;;;;;;;;;;;;;;;;;;;;;;;;;50.00;;;;;;;;;;;;;;;;;;;;;;;;;;;;;;;;;;;;;;38.00;51.00;35.00;7.00;;;;56.00;58.00;56.00;;;;;;;;;1565.50;1379.00;116.400;44.000;;;;;;;;;;;;;2000.100;;;;;;;;;;;80.00;78.00;82.00;;;;;;;;;68819;;;;;;;;;;;;;;910.100;;;;;;;;;;;;68.00;41.00;;;;;;;;;;;;;;0;0.00;0.00;;160.70;;3.00;1.00;-1.10;;1.10;2.90;;;;-1.10;;;;8.00;;;;0.70;8.10;6.00;12.10;0.90;7.90;5.80;11.10;0.90;-2.40;-2.00;0.10;20.00;;;;15.00;;;;35.00;;;;;;;;44.00;;;;;;;;;;;;56.00;;;;;;;;;;;;;;;;;;;;;;;;;;;;;;;;;;;;;;;;;;;;;;;;;;;;;;;;;;;;;;;;;;;;;;;;;;;;;;;;;;;;;;;;;;;;;;;;;;;;;;;;;;;;;;;;;;;;;;;;;;;;;;;;;;;;;;;;;;;;;;;;;;;;;;;;;;;;;;;;;;;;;;;;;;;;;;;;;;;;;;;;;;;;;;;;;;;;;;;;;;;;;;;;;;;;;;52.00;;;;;;;;;;;;;;;;;;;;;;;;;;;;;;;;;;;34.00;34.00;35.00;;;;;;;;;;;;;;44.00;44.00;45.00;;;;46.30;;;;;;;;;;;525.30;1418.20;220.10;0.00;0.00;219.80;;;;;;;;;;;;;;;;;;;;;;2000.10;2000.10;1;1;;;;;;;;;;;;;;;;;;;;;;;;0.30;0;0;0.00;0.00;;;;;74.00;74.00;75.00;;84.00;83.00;84.00;;75.00;75.00;75.00;;;;;;;;;;;;;0;8.00;9.90;6.50;14.60;14.90;13.10;910;1403;534;163;164;1518.90;;;30677966;6.00;;;;;;24.00
1574123400000;2019-11-19T01:30:00.000+0100;;;;;;;;;1.00;90.00;380.70;380.70;381.20;963.00;956.00;957.00;-2.20;;;;;-2.20;-2.20;;;;;;;;;1.0;;;;;;;;;;;;;;;;;;;;;;;;;;;;;;;;;;;;;;;;;;;;50.00;;;;;;;;;;;;;;;;;;;;;;;;;;;;;;;;;;;;;;39.00;51.00;36.00;7.00;;;;54.00;57.00;54.00;;;;;;;;;1573.20;1487.90;129.000;60.500;;;;;;;;;;;;;2000.100;;;;;;;;;;;80.00;77.00;81.00;;;;;;;;;68819;;;;;;;;;;;;;;1091.100;;;;;;;;;;;;69.00;42.00;;;;;;;;;;;;;;0;0.00;0.00;;167.40;;3.00;0.20;0.10;;1.50;2.00;;;;-1.70;;;;8.50;;;;0.60;8.60;6.30;11.80;0.80;8.50;6.00;12.80;0.90;-2.40;-1.60;0.10;20.00;;;;15.00;;;;34.00;;;;;;;;44.00;;;;;;;;;;;;56.00;;;;;;;;;;;;;;;;;;;;;;;;;;;;;;;;;;;;;;;;;;;;;;;;;;;;;;;;;;;;;;;;;;;;;;;;;;;;;;;;;;;;;;;;;;;;;;;;;;;;;;;;;;;;;;;;;;;;;;;;;;;;;;;;;;;;;;;;;;;;;;;;;;;;;;;;;;;;;;;;;;;;;;;;;;;;;;;;;;;;;;;;;;;;;;;;;;;;;;;;;;;;;;;;;;;;;;52.00;;;;;;;;;;;;;;;;;;;;;;;;;;;;;;;;;;;34.00;34.00;35.00;;;;;;;;;;;;;;44.00;44.00;44.00;;;;9.50;;;;;;;;;;;730.80;1569.50;153.50;0.00;0.00;153.20;;;;;;;;;;;;;;;;;;;;;;2000.10;2000.10;1;1;;;;;;;;;;;;;;;;;;;;;;;;0.00;0;0;0.00;0.00;;;;;75.00;75.00;75.00;;84.00;84.00;84.00;;75.00;75.00;75.00;;;;;;;;;;;;;0;8.60;10.70;6.90;14.90;15.20;14.30;1091;1560;732;170;170;1548.50;;;30678148;6.00;;;;;;25.00
1574124000000;2019-11-19T01:40:00.000+0100;;;;;;;;;1.00;90.60;379.90;380.20;380.60;971.00;963.00;964.00;-2.20;;;;;-2.20;-2.30;;;;;;;;;1.0;;;;;;;;;;;;;;;;;;;;;;;;;;;;;;;;;;;;;;;;;;;;50.00;;;;;;;;;;;;;;;;;;;;;;;;;;;;;;;;;;;;;;39.00;50.00;36.00;7.00;;;;53.00;56.00;53.00;;;;;;;;;1570.60;1331.50;139.600;40.600;;;;;;;;;;;;;2000.100;;;;;;;;;;;80.00;77.00;81.00;;;;;;;;;68820;;;;;;;;;;;;;;1097.200;;;;;;;;;;;;69.00;42.00;;;;;;;;;;;;;;0;0.00;0.00;;171.40;;3.00;-0.70;-2.60;;0.90;1.00;;;;-2.80;;;;8.50;;;;0.70;8.70;5.30;11.70;1.00;8.50;5.60;12.80;0.90;-2.40;-2.00;0.10;20.00;;;;15.00;;;;32.00;;;;;;;;44.00;;;;;;;;;;;;56.00;;;;;;;;;;;;;;;;;;;;;;;;;;;;;;;;;;;;;;;;;;;;;;;;;;;;;;;;;;;;;;;;;;;;;;;;;;;;;;;;;;;;;;;;;;;;;;;;;;;;;;;;;;;;;;;;;;;;;;;;;;;;;;;;;;;;;;;;;;;;;;;;;;;;;;;;;;;;;;;;;;;;;;;;;;;;;;;;;;;;;;;;;;;;;;;;;;;;;;;;;;;;;;;;;;;;;;53.00;;;;;;;;;;;;;;;;;;;;;;;;;;;;;;;;;;;34.00;34.00;35.00;;;;;;;;;;;;;;44.00;44.00;44.00;;;;43.60;;;;;;;;;;;484.90;1698.20;229.10;0.00;0.00;228.90;;;;;;;;;;;;;;;;;;;;;;2000.10;2000.10;1;1;;;;;;;;;;;;;;;;;;;;;;;;0.30;0;0;0.00;0.00;;;;;74.00;74.00;75.00;;83.00;83.00;84.00;;75.00;75.00;75.00;;;;;;;;;;;;;0;8.60;10.50;6.20;14.60;15.20;12.80;1097;1690;490;169;169;1536.20;;;30678332;6.00;;;;;;24.00
1574124600000;2019-11-19T01:50:00.000+0100;;;;;;;;;1.00;110.50;380.50;380.70;381.20;1183.00;1173.00;1175.00;-2.00;;;;;-2.00;-2.00;;;;;;;;;1.0;;;;;;;;;;;;;;;;;;;;;;;;;;;;;;;;;;;;;;;;;;;;50.00;;;;;;;;;;;;;;;;;;;;;;;;;;;;;;;;;;;;;;38.00;51.00;36.00;7.00;;;;52.00;55.00;52.00;;;;;;;;;1572.90;1525.50;147.900;75.800;;;;;;;;;;;;;2000.100;;;;;;;;;;;80.00;78.00;82.00;;;;;;;;;68820;;;;;;;;;;;;;;1339.500;;;;;;;;;;;;68.00;41.00;;;;;;;;;;;;;;0;0.00;0.00;;167.40;;3.00;-0.40;-1.10;;1.10;1.90;;;;-2.50;;;;9.10;;;;0.70;9.30;6.60;12.30;0.90;9.20;6.50;12.20;1.00;-2.40;-1.00;0.30;20.00;;;;14.00;;;;30.00;;;;;;;;44.00;;;;;;;;;;;;56.00;;;;;;;;;;;;;;;;;;;;;;;;;;;;;;;;;;;;;;;;;;;;;;;;;;;;;;;;;;;;;;;;;;;;;;;;;;;;;;;;;;;;;;;;;;;;;;;;;;;;;;;;;;;;;;;;;;;;;;;;;;;;;;;;;;;;;;;;;;;;;;;;;;;;;;;;;;;;;;;;;;;;;;;;;;;;;;;;;;;;;;;;;;;;;;;;;;;;;;;;;;;;;;;;;;;;;;53.00;;;;;;;;;;;;;;;;;;;;;;;;;;;;;;;;;;;34.00;34.00;35.00;;;;;;;;;;;;;;44.00;44.00;44.00;;;;9.00;;;;;;;;;;;913.00;1811.00;200.50;0.00;0.00;200.20;;;;;;;;;;;;;;;;;;;;;;2000.10;2000.10;1;1;;;;;;;;;;;;;;;;;;;;;;;;0.00;0;0;0.00;0.00;;;;;74.00;74.00;74.00;;83.00;83.00;83.00;;75.00;74.00;75.00;;;;;;;;;;;;;0;9.30;11.10;7.50;14.90;15.20;14.60;1340;1799;918;168;167;1550.30;;;30678556;6.00;;;;;;22.00
1574125200000;2019-11-19T02:00:00.000+0100;;;;;;;;;1.00;105.90;379.30;379.60;380.00;1136.00;1127.00;1129.00;-2.10;;;;;-2.10;-2.10;;;;;;;;;1.0;;;;;;;;;;;;;;;;;;;;;;;;;;;;;;;;;;;;;;;;;;;;50.00;;;;;;;;;;;;;;;;;;;;;;;;;;;;;;;;;;;;;;38.00;51.00;36.00;7.00;;;;53.00;55.00;53.00;;;;;;;;;1570.90;1530.90;137.200;76.700;;;;;;;;;;;;;2000.100;;;;;;;;;;;81.00;79.00;83.00;;;;;;;;;68820;;;;;;;;;;;;;;1282.200;;;;;;;;;;;;68.00;40.00;;;;;;;;;;;;;;0;0.00;0.00;;167.40;;3.00;-1.40;-2.60;;1.20;0.20;;;;-4.00;;;;9.00;;;;0.40;9.20;6.50;11.50;0.70;9.10;6.10;11.70;0.80;-2.40;-1.70;0.20;20.00;;;;14.00;;;;30.00;;;;;;;;44.00;;;;;;;;;;;;56.00;;;;;;;;;;;;;;;;;;;;;;;;;;;;;;;;;;;;;;;;;;;;;;;;;;;;;;;;;;;;;;;;;;;;;;;;;;;;;;;;;;;;;;;;;;;;;;;;;;;;;;;;;;;;;;;;;;;;;;;;;;;;;;;;;;;;;;;;;;;;;;;;;;;;;;;;;;;;;;;;;;;;;;;;;;;;;;;;;;;;;;;;;;;;;;;;;;;;;;;;;;;;;;;;;;;;;;53.00;;;;;;;;;;;;;;;;;;;;;;;;;;;;;;;;;;;34.00;34.00;35.00;;;;;;;;;;;;;;44.00;44.00;44.00;;;;6.60;;;;;;;;;;;923.60;1674.80;135.60;0.00;0.00;135.10;;;;;;;;;;;;;;;;;;;;;;2000.10;2000.10;1;1;;;;;;;;;;;;;;;;;;;;;;;;0.00;0;0;0.00;0.00;;;;;74.00;74.00;74.00;;83.00;83.00;83.00;;75.00;74.00;75.00;;;;;;;;;;;;;0;9.20;10.20;8.00;14.90;14.90;14.60;1282;1661;928;168;166;1550.00;;;30678768;6.00;;;;;;21.00
1574125800000;2019-11-19T02:10:00.000+0100;;;;;;;;;1.00;103.90;378.20;378.50;378.90;1117.00;1109.00;1110.00;-2.10;;;;;-2.10;-2.10;;;;;;;;;1.0;;;;;;;;;;;;;;;;;;;;;;;;;;;;;;;;;;;;;;;;;;;;50.00;;;;;;;;;;;;;;;;;;;;;;;;;;;;;;;;;;;;;;38.00;51.00;36.00;7.00;;;;52.00;55.00;52.00;;;;;;;;;1584.00;1527.90;148.400;69.100;;;;;;;;;;;;;2000.100;;;;;;;;;;;82.00;79.00;83.00;;;;;;;;;68820;;;;;;;;;;;;;;1258.400;;;;;;;;;;;;67.00;40.00;;;;;;;;;;;;;;0;0.00;0.00;;166.20;;3.00;-1.80;-2.10;;0.90;0.30;;;;-3.70;;;;8.90;;;;0.60;9.10;6.30;12.30;0.90;9.00;6.60;12.00;0.90;-2.50;-1.50;0.30;19.00;;;;14.00;;;;31.00;;;;;;;;44.00;;;;;;;;;;;;56.00;;;;;;;;;;;;;;;;;;;;;;;;;;;;;;;;;;;;;;;;;;;;;;;;;;;;;;;;;;;;;;;;;;;;;;;;;;;;;;;;;;;;;;;;;;;;;;;;;;;;;;;;;;;;;;;;;;;;;;;;;;;;;;;;;;;;;;;;;;;;;;;;;;;;;;;;;;;;;;;;;;;;;;;;;;;;;;;;;;;;;;;;;;;;;;;;;;;;;;;;;;;;;;;;;;;;;;52.00;;;;;;;;;;;;;;;;;;;;;;;;;;;;;;;;;;;34.00;34.00;35.00;;;;;;;;;;;;;;44.00;44.00;44.00;;;;8.40;;;;;;;;;;;822.10;1802.50;193.40;0.00;0.00;193.20;;;;;;;;;;;;;;;;;;;;;;2000.10;2000.10;1;1;;;;;;;;;;;;;;;;;;;;;;;;0.00;0;0;0.00;0.00;;;;;74.00;74.00;74.00;;83.00;83.00;84.00;;75.00;74.00;75.00;;;;;;;;;;;;;0;9.10;11.00;7.30;14.90;15.20;14.60;1259;1794;838;168;166;1549.70;;;30678980;6.00;;;;;;21.00
1574126400000;2019-11-19T02:20:00.000+0100;;;;;;;;;1.00;108.60;378.30;378.50;379.00;1169.00;1159.00;1161.00;-2.10;;;;;-2.10;-2.10;;;;;;;;;1.0;;;;;;;;;;;;;;;;;;;;;;;;;;;;;;;;;;;;;;;;;;;;50.00;;;;;;;;;;;;;;;;;;;;;;;;;;;;;;;;;;;;;;38.00;51.00;36.00;7.00;;;;52.00;55.00;52.00;;;;;;;;;1575.00;1515.40;145.700;73.000;;;;;;;;;;;;;2000.100;;;;;;;;;;;82.00;80.00;84.00;;;;;;;;;68820;;;;;;;;;;;;;;1315.900;;;;;;;;;;;;67.00;40.00;;;;;;;;;;;;;;0;0.00;0.00;;166.10;;3.00;0.10;-12.60;;1.20;2.00;;;;-2.10;;;;9.00;;;;0.60;9.20;6.70;12.10;0.90;9.00;6.70;11.90;0.80;-2.40;-1.50;0.20;19.00;;;;14.00;;;;31.00;;;;;;;;44.00;;;;;;;;;;;;56.00;;;;;;;;;;;;;;;;;;;;;;;;;;;;;;;;;;;;;;;;;;;;;;;;;;;;;;;;;;;;;;;;;;;;;;;;;;;;;;;;;;;;;;;;;;;;;;;;;;;;;;;;;;;;;;;;;;;;;;;;;;;;;;;;;;;;;;;;;;;;;;;;;;;;;;;;;;;;;;;;;;;;;;;;;;;;;;;;;;;;;;;;;;;;;;;;;;;;;;;;;;;;;;;;;;;;;;52.00;;;;;;;;;;;;;;;;;;;;;;;;;;;;;;;;;;;34.00;34.00;35.00;;;;;;;;;;;;;;44.00;44.00;44.00;;;;9.00;;;;;;;;;;;876.90;1783.60;178.90;0.00;0.00;178.60;;;;;;;;;;;;;;;;;;;;;;2000.10;2000.10;1;1;;;;;;;;;;;;;;;;;;;;;;;;0.00;0;0;0.00;0.00;;;;;74.00;74.00;74.00;;83.00;83.00;84.00;;75.00;74.00;75.00;;;;;;;;;;;;;0;9.10;10.70;7.60;14.90;15.20;14.60;1316;1765;884;165;165;1550.30;;;30679196;6.00;;;;;;20.00
1574127000000;2019-11-19T02:30:00.000+0100;;;;;;;;;1.00;114.40;377.80;377.80;378.40;1232.00;1222.00;1224.00;-2.00;;;;;-2.00;-2.00;;;;;;;;;1.0;;;;;;;;;;;;;;;;;;;;;;;;;;;;;;;;;;;;;;;;;;;;50.00;;;;;;;;;;;;;;;;;;;;;;;;;;;;;;;;;;;;;;38.00;51.00;36.00;7.00;;;;53.00;55.00;53.00;;;;;;;;;1576.20;1528.20;155.300;82.200;;;;;;;;;;;;;2000.100;;;;;;;;;;;82.00;80.00;84.00;;;;;;;;;68820;;;;;;;;;;;;;;1385.400;;;;;;;;;;;;67.00;40.00;;;;;;;;;;;;;;0;0.00;0.00;;164.70;;3.00;1.30;1.30;;1.00;4.10;;;;-0.90;;;;9.20;;;;0.50;9.40;5.70;12.60;0.90;9.20;6.80;11.40;0.80;-2.40;-1.40;0.20;19.00;;;;14.00;;;;32.00;;;;;;;;44.00;;;;;;;;;;;;56.00;;;;;;;;;;;;;;;;;;;;;;;;;;;;;;;;;;;;;;;;;;;;;;;;;;;;;;;;;;;;;;;;;;;;;;;;;;;;;;;;;;;;;;;;;;;;;;;;;;;;;;;;;;;;;;;;;;;;;;;;;;;;;;;;;;;;;;;;;;;;;;;;;;;;;;;;;;;;;;;;;;;;;;;;;;;;;;;;;;;;;;;;;;;;;;;;;;;;;;;;;;;;;;;;;;;;;;52.00;;;;;;;;;;;;;;;;;;;;;;;;;;;;;;;;;;;34.00;34.00;35.00;;;;;;;;;;;;;;44.00;44.00;44.00;;;;8.10;;;;;;;;;;;985.20;1894.50;165.70;0.00;0.00;165.30;;;;;;;;;;;;;;;;;;;;;;2000.10;2000.10;1;1;;;;;;;;;;;;;;;;;;;;;;;;0.00;0;0;0.00;0.00;;;;;75.00;74.00;75.00;;84.00;83.00;84.00;;75.00;75.00;75.00;;;;;;;;;;;;;0;9.30;11.00;8.10;14.90;15.20;14.60;1386;1888;993;163;165;1550.00;;;30679430;6.00;;;;;;22.00
1574127600000;2019-11-19T02:40:00.000+0100;;;;;;;;;1.00;86.80;376.40;376.30;377.00;940.00;932.00;933.00;-2.20;;;;;-2.20;-2.20;;;;;;;;;1.0;;;;;;;;;;;;;;;;;;;;;;;;;;;;;;;;;;;;;;;;;;;;50.00;;;;;;;;;;;;;;;;;;;;;;;;;;;;;;;;;;;;;;38.00;51.00;36.00;7.00;;;;54.00;57.00;54.00;;;;;;;;;1573.50;1425.20;134.700;43.300;;;;;;;;;;;;;2000.100;;;;;;;;;;;82.00;80.00;84.00;;;;;;;;;68821;;;;;;;;;;;;;;1052.900;;;;;;;;;;;;67.00;41.00;;;;;;;;;;;;;;0;0.00;0.00;;163.90;;3.00;-0.80;-1.20;;0.80;1.60;;;;-3.20;;;;8.30;;;;0.80;8.60;6.20;11.50;1.00;8.50;5.80;10.90;1.00;-2.40;-1.80;0.10;19.00;;;;14.00;;;;34.00;;;;;;;;44.00;;;;;;;;;;;;56.00;;;;;;;;;;;;;;;;;;;;;;;;;;;;;;;;;;;;;;;;;;;;;;;;;;;;;;;;;;;;;;;;;;;;;;;;;;;;;;;;;;;;;;;;;;;;;;;;;;;;;;;;;;;;;;;;;;;;;;;;;;;;;;;;;;;;;;;;;;;;;;;;;;;;;;;;;;;;;;;;;;;;;;;;;;;;;;;;;;;;;;;;;;;;;;;;;;;;;;;;;;;;;;;;;;;;;;52.00;;;;;;;;;;;;;;;;;;;;;;;;;;;;;;;;;;;34.00;34.00;35.00;;;;;;;;;;;;;;44.00;44.00;44.00;;;;30.40;;;;;;;;;;;512.80;1640.10;303.70;0.00;0.00;303.60;;;;;;;;;;;;;;;;;;;;;;2000.10;2000.10;1;1;;;;;;;;;;;;;;;;;;;;;;;;0.30;0;0;0.00;0.00;;;;;75.00;75.00;75.00;;84.00;84.00;84.00;;75.00;75.00;75.00;;;;;;;;;;;;;0;8.50;10.20;6.60;14.60;15.20;13.70;1053;1632;523;162;161;1532.70;;;30679604;6.00;;;;;;23.00
1574128200000;2019-11-19T02:50:00.000+0100;;;;;;;;;1.00;93.20;375.50;375.50;376.10;1011.00;1002.00;1004.00;-2.30;;;;;-2.30;-2.30;;;;;;;;;1.0;;;;;;;;;;;;;;;;;;;;;;;;;;;;;;;;;;;;;;;;;;;;50.00;;;;;;;;;;;;;;;;;;;;;;;;;;;;;;;;;;;;;;38.00;52.00;36.00;7.00;;;;53.00;56.00;53.00;;;;;;;;;1569.10;1460.10;118.600;57.900;;;;;;;;;;;;;2000.100;;;;;;;;;;;81.00;78.00;82.00;;;;;;;;;68821;;;;;;;;;;;;;;1128.900;;;;;;;;;;;;67.00;42.00;;;;;;;;;;;;;;0;0.00;0.00;;155.70;;3.00;0.60;-4.80;;1.00;2.70;;;;-1.40;;;;8.60;;;;0.50;8.70;5.90;11.50;0.80;8.50;6.00;10.80;0.80;-2.40;-2.10;0.10;19.00;;;;14.00;;;;35.00;;;;;;;;44.00;;;;;;;;;;;;55.00;;;;;;;;;;;;;;;;;;;;;;;;;;;;;;;;;;;;;;;;;;;;;;;;;;;;;;;;;;;;;;;;;;;;;;;;;;;;;;;;;;;;;;;;;;;;;;;;;;;;;;;;;;;;;;;;;;;;;;;;;;;;;;;;;;;;;;;;;;;;;;;;;;;;;;;;;;;;;;;;;;;;;;;;;;;;;;;;;;;;;;;;;;;;;;;;;;;;;;;;;;;;;;;;;;;;;;52.00;;;;;;;;;;;;;;;;;;;;;;;;;;;;;;;;;;;34.00;34.00;34.00;;;;;;;;;;;;;;44.00;44.00;45.00;;;;14.60;;;;;;;;;;;698.30;1438.80;143.50;0.00;0.00;143.30;;;;;;;;;;;;;;;;;;;;;;2000.10;2000.10;1;1;;;;;;;;;;;;;;;;;;;;;;;;0.00;0;0;0.00;0.00;;;;;75.00;75.00;75.00;;84.00;84.00;84.00;;75.00;75.00;75.00;;;;;;;;;;;;;0;8.60;10.10;6.60;14.90;14.90;14.00;1129;1436;710;158;159;1546.70;;;30679794;6.00;;;;;;23.00
1574128800000;2019-11-19T03:00:00.000+0100;;;;;;;;;1.00;124.80;376.70;377.00;377.40;1348.00;1338.00;1340.00;-1.90;;;;;-1.90;-1.90;;;;;;;;;1.0;;;;;;;;;;;;;;;;;;;;;;;;;;;;;;;;;;;;;;;;;;;;50.00;;;;;;;;;;;;;;;;;;;;;;;;;;;;;;;;;;;;;;38.00;53.00;36.00;7.00;;;;54.00;57.00;54.00;;;;;;;;;1578.60;1526.40;161.800;97.900;;;;;;;;;;;;;2000.100;;;;;;;;;;;81.00;79.00;83.00;;;;;;;;;68821;;;;;;;;;;;;;;1512.500;;;;;;;;;;;;68.00;42.00;;;;;;;;;;;;;;0;0.00;0.00;;159.70;;3.00;0.40;-2.80;;1.00;2.10;;;;-1.70;;;;9.50;;;;0.40;9.60;7.00;12.30;0.80;9.40;7.10;11.60;0.70;-2.30;-1.60;0.20;19.00;;;;14.00;;;;34.00;;;;;;;;44.00;;;;;;;;;;;;56.00;;;;;;;;;;;;;;;;;;;;;;;;;;;;;;;;;;;;;;;;;;;;;;;;;;;;;;;;;;;;;;;;;;;;;;;;;;;;;;;;;;;;;;;;;;;;;;;;;;;;;;;;;;;;;;;;;;;;;;;;;;;;;;;;;;;;;;;;;;;;;;;;;;;;;;;;;;;;;;;;;;;;;;;;;;;;;;;;;;;;;;;;;;;;;;;;;;;;;;;;;;;;;;;;;;;;;;53.00;;;;;;;;;;;;;;;;;;;;;;;;;;;;;;;;;;;34.00;34.00;34.00;;;;;;;;;;;;;;44.00;44.00;45.00;;;;7.20;;;;;;;;;;;1177.00;1967.60;149.10;0.00;0.00;148.90;;;;;;;;;;;;;;;;;;;;;;2000.10;2000.10;1;1;;;;;;;;;;;;;;;;;;;;;;;;0.00;0;0;0.00;0.00;;;;;75.00;75.00;75.00;;84.00;84.00;84.00;;75.00;75.00;75.00;;;;;;;;;;;;;0;9.50;10.90;8.40;14.90;15.20;14.60;1512;1958;1187;162;162;1550.30;;;30680046;6.00;;;;;;24.00
1574129400000;2019-11-19T03:10:00.000+0100;;;;;;;;;1.00;124.30;379.20;379.60;379.90;1334.00;1324.00;1326.00;-1.90;;;;;-1.90;-1.90;;;;;;;;;1.0;;;;;;;;;;;;;;;;;;;;;;;;;;;;;;;;;;;;;;;;;;;;50.00;;;;;;;;;;;;;;;;;;;;;;;;;;;;;;;;;;;;;;38.00;54.00;36.00;6.00;;;;55.00;58.00;55.00;;;;;;;;;1570.90;1529.40;165.700;96.400;;;;;;;;;;;;;2000.100;;;;;;;;;;;83.00;81.00;85.00;;;;;;;;;68821;;;;;;;;;;;;;;1506.000;;;;;;;;;;;;68.00;41.00;;;;;;;;;;;;;;0;0.00;0.00;;163.40;;3.00;-0.40;-0.40;;0.40;1.40;;;;-2.20;;;;9.50;;;;0.50;9.60;7.00;12.30;0.80;9.50;7.50;12.20;0.80;-2.40;-1.20;0.20;19.00;;;;14.00;;;;32.00;;;;;;;;44.00;;;;;;;;;;;;56.00;;;;;;;;;;;;;;;;;;;;;;;;;;;;;;;;;;;;;;;;;;;;;;;;;;;;;;;;;;;;;;;;;;;;;;;;;;;;;;;;;;;;;;;;;;;;;;;;;;;;;;;;;;;;;;;;;;;;;;;;;;;;;;;;;;;;;;;;;;;;;;;;;;;;;;;;;;;;;;;;;;;;;;;;;;;;;;;;;;;;;;;;;;;;;;;;;;;;;;;;;;;;;;;;;;;;;;53.00;;;;;;;;;;;;;;;;;;;;;;;;;;;;;;;;;;;34.00;34.00;34.00;;;;;;;;;;;;;;45.00;45.00;45.00;;;;6.90;;;;;;;;;;;1165.80;1973.00;170.50;0.00;0.00;171.50;;;;;;;;;;;;;;;;;;;;;;2000.10;2000.10;1;1;;;;;;;;;;;;;;;;;;;;;;;;0.00;0;0;0.00;0.00;;;;;75.00;75.00;75.00;;84.00;84.00;84.00;;75.00;75.00;75.00;;;;;;;;;;;;;0;9.50;10.90;8.30;14.90;15.20;14.60;1507;2006;1172;162;161;1550.00;;;30680296;5.00;;;;;;22.00
1574130000000;2019-11-19T03:20:00.000+0100;;;;;;;;;1.00;145.20;380.20;380.60;380.80;1553.00;1541.00;1545.00;-1.30;;;;;-1.30;-1.30;;;;;;;;;1.0;;;;;;;;;;;;;;;;;;;;;;;;;;;;;;;;;;;;;;;;;;;;50.00;;;;;;;;;;;;;;;;;;;;;;;;;;;;;;;;;;;;;;38.00;55.00;36.00;6.00;;;;57.00;59.00;57.00;;;;;;;;;1568.20;1531.50;169.700;115.100;;;;;;;;;;;;;2000.100;;;;;;;;;;;85.00;83.00;87.00;;;;;;;;;68821;;;;;;;;;;;;;;1754.400;;;;;;;;;;;;67.00;40.00;;;;;;;;;;;;;;0;0.00;0.00;;159.50;;3.00;-1.60;-3.40;;0.80;0.00;;;;-3.00;;;;10.20;;;;0.40;10.20;7.30;13.10;0.80;10.20;7.50;13.10;0.80;-1.80;-0.60;0.40;19.00;;;;14.00;;;;30.00;;;;;;;;44.00;;;;;;;;;;;;57.00;;;;;;;;;;;;;;;;;;;;;;;;;;;;;;;;;;;;;;;;;;;;;;;;;;;;;;;;;;;;;;;;;;;;;;;;;;;;;;;;;;;;;;;;;;;;;;;;;;;;;;;;;;;;;;;;;;;;;;;;;;;;;;;;;;;;;;;;;;;;;;;;;;;;;;;;;;;;;;;;;;;;;;;;;;;;;;;;;;;;;;;;;;;;;;;;;;;;;;;;;;;;;;;;;;;;;;54.00;;;;;;;;;;;;;;;;;;;;;;;;;;;;;;;;;;;34.00;34.00;34.00;;;;;;;;;;;;;;45.00;45.00;46.00;;;;6.90;;;;;;;;;;;1395.20;1979.90;114.00;0.00;0.00;120.50;;;;;;;;;;;;;;;;;;;;;;2000.10;2000.10;1;1;;;;;;;;;;;;;;;;;;;;;;;;0.00;0;0;0.00;0.00;;;;;75.00;75.00;75.00;;84.00;84.00;85.00;;75.00;75.00;75.00;;;;;;;;;;;;;0;10.20;11.60;9.10;14.90;14.90;14.60;1759;2056;1404;162;160;1550.00;;;30680588;5.00;;;;;;21.00
1574130600000;2019-11-19T03:30:00.000+0100;;;;;;;;;1.00;153.80;378.70;379.30;379.30;1653.00;1639.00;1643.00;-0.80;;;;;-0.80;-0.80;;;;;;;;;1.0;;;;;;;;;;;;;;;;;;;;;;;;;;;;;;;;;;;;;;;;;;;;50.00;;;;;;;;;;;;;;;;;;;;;;;;;;;;;;;;;;;;;;37.00;56.00;36.00;6.00;;;;59.00;62.00;59.00;;;;;;;;;1595.00;1510.90;173.900;123.600;;;;;;;;;;;;;2000.100;;;;;;;;;;;87.00;85.00;89.00;;;;;;;;;68821;;;;;;;;;;;;;;1855.400;;;;;;;;;;;;67.00;40.00;;;;;;;;;;;;;;0;0.00;0.00;;159.00;;3.00;-1.00;-6.90;;1.20;1.00;;;;-2.90;;;;10.50;;;;0.50;10.40;7.40;12.60;0.90;10.40;7.60;13.90;0.80;-1.80;3.60;1.00;19.00;;;;14.00;;;;30.00;;;;;;;;44.00;;;;;;;;;;;;57.00;;;;;;;;;;;;;;;;;;;;;;;;;;;;;;;;;;;;;;;;;;;;;;;;;;;;;;;;;;;;;;;;;;;;;;;;;;;;;;;;;;;;;;;;;;;;;;;;;;;;;;;;;;;;;;;;;;;;;;;;;;;;;;;;;;;;;;;;;;;;;;;;;;;;;;;;;;;;;;;;;;;;;;;;;;;;;;;;;;;;;;;;;;;;;;;;;;;;;;;;;;;;;;;;;;;;;;54.00;;;;;;;;;;;;;;;;;;;;;;;;;;;;;;;;;;;34.00;34.00;34.00;;;;;;;;;;;;;;46.00;46.00;46.00;;;;10.70;;;;;;;;;;;1487.90;2000.00;125.70;0.00;0.00;134.40;;;;;;;;;;;;;;;;;;;;;;2000.10;2000.10;1;1;;;;;;;;;;;;;;;;;;;;;;;;0.00;0;0;0.00;0.00;;;;;75.00;75.00;76.00;;85.00;85.00;85.00;;76.00;75.00;76.00;;;;;;;;;;;;;0;10.40;11.70;9.10;14.90;15.20;14.60;1863;2105;1499;162;161;1551.20;;;30680900;5.00;;;;;;20.00
1574131200000;2019-11-19T03:40:00.000+0100;;;;;;;;;1.00;162.10;379.20;379.30;379.70;1741.00;1727.00;1731.00;0.60;;;;;0.60;0.60;;;;;;;;;1.0;;;;;;;;;;;;;;;;;;;;;;;;;;;;;;;;;;;;;;;;;;;;50.00;;;;;;;;;;;;;;;;;;;;;;;;;;;;;;;;;;;;;;37.00;56.00;36.00;6.00;;;;63.00;66.00;63.00;;;;;;;;;1628.20;1484.90;173.800;134.600;;;;;;;;;;;;;2000.100;;;;;;;;;;;89.00;87.00;91.00;;;;;;;;;68822;;;;;;;;;;;;;;1945.600;;;;;;;;;;;;67.00;40.00;;;;;;;;;;;;;;0;0.00;0.00;;161.70;;3.00;-0.60;-1.20;;0.60;1.00;;;;-2.70;;;;11.00;;;;0.50;11.00;7.20;14.80;1.00;10.90;8.10;14.00;0.90;-1.70;5.30;1.50;19.00;;;;14.00;;;;31.00;;;;;;;;44.00;;;;;;;;;;;;57.00;;;;;;;;;;;;;;;;;;;;;;;;;;;;;;;;;;;;;;;;;;;;;;;;;;;;;;;;;;;;;;;;;;;;;;;;;;;;;;;;;;;;;;;;;;;;;;;;;;;;;;;;;;;;;;;;;;;;;;;;;;;;;;;;;;;;;;;;;;;;;;;;;;;;;;;;;;;;;;;;;;;;;;;;;;;;;;;;;;;;;;;;;;;;;;;;;;;;;;;;;;;;;;;;;;;;;;55.00;;;;;;;;;;;;;;;;;;;;;;;;;;;;;;;;;;;35.00;34.00;35.00;;;;;;;;;;;;;;47.00;46.00;48.00;;;;21.50;;;;;;;;;;;1619.40;2000.00;81.90;0.00;0.00;93.10;;;;;;;;;;;;;;;;;;;;;;2000.10;2000.10;1;1;;;;;;;;;;;;;;;;;;;;;;;;0.30;0;0;0.00;0.00;;;;;76.00;76.00;76.00;;85.00;85.00;86.00;;76.00;76.00;77.00;;;;;;;;;;;;;0;10.90;12.50;9.10;14.90;15.50;14.30;1965;2108;1630;162;161;1550.30;;;30681226;5.00;;;;;;21.00
1574131800000;2019-11-19T03:50:00.000+0100;;;;;;;;;1.00;157.70;379.90;379.80;380.30;1691.00;1678.00;1681.00;-0.20;;;;;-0.20;-0.20;;;;;;;;;1.0;;;;;;;;;;;;;;;;;;;;;;;;;;;;;;;;;;;;;;;;;;;;50.00;;;;;;;;;;;;;;;;;;;;;;;;;;;;;;;;;;;;;;37.00;55.00;36.00;6.00;;;;67.00;70.00;67.00;;;;;;;;;1631.70;1500.70;174.400;113.500;;;;;;;;;;;;;2000.100;;;;;;;;;;;90.00;88.00;93.00;;;;;;;;;68822;;;;;;;;;;;;;;1890.200;;;;;;;;;;;;67.00;40.00;;;;;;;;;;;;;;0;0.00;0.00;;161.20;;3.00;-0.40;-4.30;;0.40;0.80;;;;-2.60;;;;10.70;;;;0.60;10.70;7.70;13.60;1.00;10.60;7.40;13.70;1.00;-1.90;4.80;1.20;18.00;;;;14.00;;;;32.00;;;;;;;;45.00;;;;;;;;;;;;58.00;;;;;;;;;;;;;;;;;;;;;;;;;;;;;;;;;;;;;;;;;;;;;;;;;;;;;;;;;;;;;;;;;;;;;;;;;;;;;;;;;;;;;;;;;;;;;;;;;;;;;;;;;;;;;;;;;;;;;;;;;;;;;;;;;;;;;;;;;;;;;;;;;;;;;;;;;;;;;;;;;;;;;;;;;;;;;;;;;;;;;;;;;;;;;;;;;;;;;;;;;;;;;;;;;;;;;;55.00;;;;;;;;;;;;;;;;;;;;;;;;;;;;;;;;;;;35.00;34.00;35.00;;;;;;;;;;;;;;47.00;47.00;47.00;;;;17.90;;;;;;;;;;;1374.10;2000.00;129.50;0.00;0.00;145.50;;;;;;;;;;;;;;;;;;;;;;2000.10;2000.10;1;1;;;;;;;;;;;;;;;;;;;;;;;;0.30;0;0;0.00;0.00;;;;;77.00;76.00;77.00;;86.00;86.00;86.00;;77.00;77.00;77.00;;;;;;;;;;;;;0;10.60;12.30;8.50;14.90;15.50;14.30;1912;2111;1380;162;161;1550.90;;;30681546;5.00;;;;;;24.00
1574132400000;2019-11-19T04:00:00.000+0100;;;;;;;;;1.00;152.60;382.90;383.10;383.40;1623.00;1611.00;1614.00;-0.10;;;;;-0.10;-0.10;;;;;;;;;1.0;;;;;;;;;;;;;;;;;;;;;;;;;;;;;;;;;;;;;;;;;;;;50.00;;;;;;;;;;;;;;;;;;;;;;;;;;;;;;;;;;;;;;38.00;54.00;36.00;6.00;;;;70.00;73.00;70.00;;;;;;;;;1621.00;1482.50;174.000;108.600;;;;;;;;;;;;;2000.100;;;;;;;;;;;91.00;88.00;93.00;;;;;;;;;68822;;;;;;;;;;;;;;1830.500;;;;;;;;;;;;68.00;41.00;;;;;;;;;;;;;;0;0.00;0.00;;162.10;;3.00;0.80;0.30;;0.50;2.50;;;;-1.10;;;;10.60;;;;0.60;10.70;7.50;14.50;1.00;10.50;7.70;13.90;0.90;-2.00;4.80;1.60;18.00;;;;14.00;;;;33.00;;;;;;;;45.00;;;;;;;;;;;;58.00;;;;;;;;;;;;;;;;;;;;;;;;;;;;;;;;;;;;;;;;;;;;;;;;;;;;;;;;;;;;;;;;;;;;;;;;;;;;;;;;;;;;;;;;;;;;;;;;;;;;;;;;;;;;;;;;;;;;;;;;;;;;;;;;;;;;;;;;;;;;;;;;;;;;;;;;;;;;;;;;;;;;;;;;;;;;;;;;;;;;;;;;;;;;;;;;;;;;;;;;;;;;;;;;;;;;;;55.00;;;;;;;;;;;;;;;;;;;;;;;;;;;;;;;;;;;35.00;34.00;35.00;;;;;;;;;;;;;;47.00;47.00;47.00;;;;20.00;;;;;;;;;;;1311.60;2000.00;178.00;0.00;0.00;194.50;;;;;;;;;;;;;;;;;;;;;;2000.10;2000.10;1;1;;;;;;;;;;;;;;;;;;;;;;;;0.30;0;0;0.00;0.00;;;;;77.00;77.00;78.00;;87.00;86.00;87.00;;78.00;77.00;78.00;;;;;;;;;;;;;0;10.60;12.50;8.80;14.90;15.50;14.30;1851;2111;1321;162;162;1551.20;;;30681854;5.00;;;;;;24.00
1574133000000;2019-11-19T04:10:00.000+0100;;;;;;;;;1.00;162.90;382.10;382.60;382.70;1736.00;1722.00;1726.00;1.30;;;;;1.40;1.30;;;;;;;;;1.0;;;;;;;;;;;;;;;;;;;;;;;;;;;;;;;;;;;;;;;;;;;;50.00;;;;;;;;;;;;;;;;;;;;;;;;;;;;;;;;;;;;;;38.00;54.00;36.00;6.00;;;;72.00;75.00;72.00;;;;;;;;;1633.50;1490.30;174.300;127.600;;;;;;;;;;;;;2000.100;;;;;;;;;;;92.00;89.00;94.00;;;;;;;;;68822;;;;;;;;;;;;;;1957.200;;;;;;;;;;;;68.00;41.00;;;;;;;;;;;;;;0;0.00;0.00;;161.50;;3.00;0.10;-0.60;;0.50;2.00;;;;-1.60;;;;11.20;;;;0.50;11.20;8.30;16.20;0.90;11.00;7.50;14.10;0.90;-0.90;5.50;1.60;18.00;;;;14.00;;;;34.00;;;;;;;;45.00;;;;;;;;;;;;58.00;;;;;;;;;;;;;;;;;;;;;;;;;;;;;;;;;;;;;;;;;;;;;;;;;;;;;;;;;;;;;;;;;;;;;;;;;;;;;;;;;;;;;;;;;;;;;;;;;;;;;;;;;;;;;;;;;;;;;;;;;;;;;;;;;;;;;;;;;;;;;;;;;;;;;;;;;;;;;;;;;;;;;;;;;;;;;;;;;;;;;;;;;;;;;;;;;;;;;;;;;;;;;;;;;;;;;;55.00;;;;;;;;;;;;;;;;;;;;;;;;;;;;;;;;;;;35.00;34.00;35.00;;;;;;;;;;;;;;47.00;47.00;47.00;;;;26.30;;;;;;;;;;;1526.60;2000.00;83.60;0.00;0.00;94.30;;;;;;;;;;;;;;;;;;;;;;2000.10;2000.10;1;1;;;;;;;;;;;;;;;;;;;;;;;;0.30;0;0;0.00;0.00;;;;;78.00;77.00;78.00;;87.00;87.00;88.00;;78.00;78.00;78.00;;;;;;;;;;;;;0;11.10;12.60;9.40;14.90;15.80;14.30;1976;2108;1548;162;162;1551.20;;;30682184;5.00;;;;;;23.00
1574133600000;2019-11-19T04:20:00.000+0100;;;;;;;;;1.00;164.00;381.90;382.30;382.50;1748.00;1734.00;1738.00;1.40;;;;;1.40;1.40;;;;;;;;;1.0;;;;;;;;;;;;;;;;;;;;;;;;;;;;;;;;;;;;;;;;;;;;50.00;;;;;;;;;;;;;;;;;;;;;;;;;;;;;;;;;;;;;;38.00;54.00;36.00;6.00;;;;74.00;77.00;74.00;;;;;;;;;1637.70;1476.30;173.800;134.000;;;;;;;;;;;;;2000.100;;;;;;;;;;;93.00;90.00;95.00;;;;;;;;;68822;;;;;;;;;;;;;;1977.200;;;;;;;;;;;;68.00;40.00;;;;;;;;;;;;;;0;0.00;0.00;;162.00;;3.00;1.00;0.10;;0.70;2.40;;;;-0.70;;;;11.20;;;;0.50;11.20;8.60;14.10;0.90;10.90;7.60;13.80;0.90;-1.10;5.90;1.70;18.00;;;;13.00;;;;35.00;;;;;;;;45.00;;;;;;;;;;;;58.00;;;;;;;;;;;;;;;;;;;;;;;;;;;;;;;;;;;;;;;;;;;;;;;;;;;;;;;;;;;;;;;;;;;;;;;;;;;;;;;;;;;;;;;;;;;;;;;;;;;;;;;;;;;;;;;;;;;;;;;;;;;;;;;;;;;;;;;;;;;;;;;;;;;;;;;;;;;;;;;;;;;;;;;;;;;;;;;;;;;;;;;;;;;;;;;;;;;;;;;;;;;;;;;;;;;;;;55.00;;;;;;;;;;;;;;;;;;;;;;;;;;;;;;;;;;;35.00;34.00;35.00;;;;;;;;;;;;;;47.00;46.00;47.00;;;;23.60;;;;;;;;;;;1622.90;2000.00;58.60;0.00;0.00;65.50;;;;;;;;;;;;;;;;;;;;;;2000.10;2000.10;1;1;;;;;;;;;;;;;;;;;;;;;;;;0.30;0;0;0.00;0.00;;;;;78.00;78.00;79.00;;88.00;88.00;88.00;;79.00;78.00;79.00;;;;;;;;;;;;;0;11.00;12.30;9.70;14.90;15.80;14.00;1988;2103;1633;162;163;1549.70;;;30682516;5.00;;;;;;22.00
1574134200000;2019-11-19T04:30:00.000+0100;;;;;;;;;1.00;160.00;382.80;383.20;383.50;1701.00;1688.00;1692.00;0.30;;;;;0.30;0.30;;;;;;;;;1.0;;;;;;;;;;;;;;;;;;;;;;;;;;;;;;;;;;;;;;;;;;;;50.00;;;;;;;;;;;;;;;;;;;;;;;;;;;;;;;;;;;;;;38.00;54.00;36.00;6.00;;;;76.00;79.00;76.00;;;;;;;;;1629.90;1500.10;174.000;135.600;;;;;;;;;;;;;2000.100;;;;;;;;;;;93.00;91.00;96.00;;;;;;;;;68822;;;;;;;;;;;;;;1927.200;;;;;;;;;;;;67.00;40.00;;;;;;;;;;;;;;0;0.00;0.00;;161.60;;3.00;-0.40;-0.40;;0.60;1.30;;;;-2.70;;;;10.90;;;;0.50;11.00;8.70;16.30;0.90;10.70;7.80;13.00;0.80;-1.60;5.30;1.50;18.00;;;;13.00;;;;34.00;;;;;;;;45.00;;;;;;;;;;;;58.00;;;;;;;;;;;;;;;;;;;;;;;;;;;;;;;;;;;;;;;;;;;;;;;;;;;;;;;;;;;;;;;;;;;;;;;;;;;;;;;;;;;;;;;;;;;;;;;;;;;;;;;;;;;;;;;;;;;;;;;;;;;;;;;;;;;;;;;;;;;;;;;;;;;;;;;;;;;;;;;;;;;;;;;;;;;;;;;;;;;;;;;;;;;;;;;;;;;;;;;;;;;;;;;;;;;;;;55.00;;;;;;;;;;;;;;;;;;;;;;;;;;;;;;;;;;;35.00;34.00;35.00;;;;;;;;;;;;;;46.00;46.00;47.00;;;;18.20;;;;;;;;;;;1636.40;2000.00;91.80;0.00;0.00;101.20;;;;;;;;;;;;;;;;;;;;;;2000.10;2000.10;1;1;;;;;;;;;;;;;;;;;;;;;;;;0.30;0;0;0.00;0.00;;;;;79.00;79.00;79.00;;88.00;88.00;89.00;;79.00;79.00;79.00;;;;;;;;;;;;;0;10.90;12.80;9.60;14.90;15.50;14.30;1940;2107;1647;162;161;1550.60;;;30682840;5.00;;;;;;21.00
1574134800000;2019-11-19T04:40:00.000+0100;;;;;;;;;1.00;150.60;380.30;380.70;381.00;1612.00;1599.00;1603.00;-1.00;;;;;-1.00;-1.00;;;;;;;;;1.0;;;;;;;;;;;;;;;;;;;;;;;;;;;;;;;;;;;;;;;;;;;;50.00;;;;;;;;;;;;;;;;;;;;;;;;;;;;;;;;;;;;;;38.00;54.00;36.00;6.00;;;;76.00;79.00;76.00;;;;;;;;;1610.80;1507.30;174.100;116.900;;;;;;;;;;;;;2000.100;;;;;;;;;;;92.00;90.00;95.00;;;;;;;;;68823;;;;;;;;;;;;;;1805.400;;;;;;;;;;;;67.00;40.00;;;;;;;;;;;;;;0;0.00;0.00;;160.90;;3.00;0.90;-4.10;;1.30;2.20;;;;-1.20;;;;10.40;;;;0.50;10.50;7.50;13.90;0.90;10.20;7.50;13.30;0.90;-2.00;2.00;0.60;18.00;;;;13.00;;;;31.00;;;;;;;;44.00;;;;;;;;;;;;58.00;;;;;;;;;;;;;;;;;;;;;;;;;;;;;;;;;;;;;;;;;;;;;;;;;;;;;;;;;;;;;;;;;;;;;;;;;;;;;;;;;;;;;;;;;;;;;;;;;;;;;;;;;;;;;;;;;;;;;;;;;;;;;;;;;;;;;;;;;;;;;;;;;;;;;;;;;;;;;;;;;;;;;;;;;;;;;;;;;;;;;;;;;;;;;;;;;;;;;;;;;;;;;;;;;;;;;;55.00;;;;;;;;;;;;;;;;;;;;;;;;;;;;;;;;;;;35.00;34.00;35.00;;;;;;;;;;;;;;46.00;46.00;46.00;;;;11.90;;;;;;;;;;;1418.20;2000.00;123.80;0.00;0.00;146.50;;;;;;;;;;;;;;;;;;;;;;2000.10;2000.10;1;1;;;;;;;;;;;;;;;;;;;;;;;;0.00;0;0;0.00;0.00;;;;;79.00;79.00;80.00;;89.00;89.00;89.00;;80.00;79.00;80.00;;;;;;;;;;;;;0;10.40;11.90;8.70;14.90;15.50;14.30;1825;2108;1422;162;162;1550.30;;;30683142;5.00;;;;;;21.00
1574135400000;2019-11-19T04:50:00.000+0100;;;;;;;;;1.00;137.90;381.50;381.90;382.30;1471.00;1459.00;1461.00;-1.60;;;;;-1.60;-1.60;;;;;;;;;1.0;;;;;;;;;;;;;;;;;;;;;;;;;;;;;;;;;;;;;;;;;;;;50.00;;;;;;;;;;;;;;;;;;;;;;;;;;;;;;;;;;;;;;38.00;53.00;36.00;6.00;;;;76.00;79.00;76.00;;;;;;;;;1596.80;1513.30;174.300;91.500;;;;;;;;;;;;;2000.100;;;;;;;;;;;91.00;89.00;94.00;;;;;;;;;68823;;;;;;;;;;;;;;1661.900;;;;;;;;;;;;67.00;40.00;;;;;;;;;;;;;;0;0.00;0.00;;163.80;;3.00;1.50;-2.30;;0.80;4.10;;;;-0.40;;;;9.90;;;;0.60;9.90;6.80;13.40;0.90;9.70;6.50;12.20;0.90;-2.30;1.00;0.50;18.00;;;;13.00;;;;30.00;;;;;;;;44.00;;;;;;;;;;;;57.00;;;;;;;;;;;;;;;;;;;;;;;;;;;;;;;;;;;;;;;;;;;;;;;;;;;;;;;;;;;;;;;;;;;;;;;;;;;;;;;;;;;;;;;;;;;;;;;;;;;;;;;;;;;;;;;;;;;;;;;;;;;;;;;;;;;;;;;;;;;;;;;;;;;;;;;;;;;;;;;;;;;;;;;;;;;;;;;;;;;;;;;;;;;;;;;;;;;;;;;;;;;;;;;;;;;;;;54.00;;;;;;;;;;;;;;;;;;;;;;;;;;;;;;;;;;;35.00;34.00;35.00;;;;;;;;;;;;;;46.00;46.00;46.00;;;;11.30;;;;;;;;;;;1096.40;2000.00;201.00;0.00;0.00;214.20;;;;;;;;;;;;;;;;;;;;;;2000.10;2000.10;1;1;;;;;;;;;;;;;;;;;;;;;;;;0.00;0;0;0.00;0.00;;;;;80.00;80.00;80.00;;89.00;89.00;90.00;;80.00;80.00;80.00;;;;;;;;;;;;;0;9.80;11.60;8.60;14.90;15.20;14.60;1671;2106;1112;165;167;1550.00;;;30683422;5.00;;;;;;22.00
1574136000000;2019-11-19T05:00:00.000+0100;;;;;;;;;1.00;143.70;381.70;382.10;382.40;1534.00;1521.00;1525.00;-1.10;;;;;-1.10;-1.10;;;;;;;;;1.0;;;;;;;;;;;;;;;;;;;;;;;;;;;;;;;;;;;;;;;;;;;;50.00;;;;;;;;;;;;;;;;;;;;;;;;;;;;;;;;;;;;;;38.00;53.00;36.00;6.00;;;;74.00;78.00;74.00;;;;;;;;;1639.20;1481.60;174.100;101.100;;;;;;;;;;;;;2000.100;;;;;;;;;;;90.00;88.00;93.00;;;;;;;;;68823;;;;;;;;;;;;;;1729.700;;;;;;;;;;;;67.00;40.00;;;;;;;;;;;;;;0;0.00;0.00;;168.10;;3.00;1.60;1.50;;0.80;3.40;;;;-0.40;;;;10.20;;;;0.90;10.40;6.30;14.70;1.20;10.00;6.10;14.30;1.10;-2.30;5.90;1.20;18.00;;;;13.00;;;;30.00;;;;;;;;44.00;;;;;;;;;;;;57.00;;;;;;;;;;;;;;;;;;;;;;;;;;;;;;;;;;;;;;;;;;;;;;;;;;;;;;;;;;;;;;;;;;;;;;;;;;;;;;;;;;;;;;;;;;;;;;;;;;;;;;;;;;;;;;;;;;;;;;;;;;;;;;;;;;;;;;;;;;;;;;;;;;;;;;;;;;;;;;;;;;;;;;;;;;;;;;;;;;;;;;;;;;;;;;;;;;;;;;;;;;;;;;;;;;;;;;54.00;;;;;;;;;;;;;;;;;;;;;;;;;;;;;;;;;;;35.00;34.00;35.00;;;;;;;;;;;;;;46.00;46.00;46.00;;;;16.10;;;;;;;;;;;1213.90;2000.00;198.80;0.00;0.00;214.70;;;;;;;;;;;;;;;;;;;;;;2000.10;2000.10;1;1;;;;;;;;;;;;;;;;;;;;;;;;0.30;0;0;0.00;0.00;;;;;80.00;80.00;80.00;;90.00;89.00;90.00;;80.00;80.00;80.00;;;;;;;;;;;;;0;10.20;13.10;7.00;14.90;15.80;14.30;1743;2110;1227;170;172;1550.90;;;30683710;5.00;;;;;;21.00
1574136600000;2019-11-19T05:10:00.000+0100;;;;;;;;;1.00;150.70;380.40;380.90;381.10;1613.00;1600.00;1604.00;0.30;;;;;0.40;0.30;;;;;;;;;1.0;;;;;;;;;;;;;;;;;;;;;;;;;;;;;;;;;;;;;;;;;;;;50.00;;;;;;;;;;;;;;;;;;;;;;;;;;;;;;;;;;;;;;38.00;53.00;36.00;6.00;;;;74.00;78.00;74.00;;;;;;;;;1660.70;1476.30;174.100;94.700;;;;;;;;;;;;;2000.100;;;;;;;;;;;90.00;88.00;93.00;;;;;;;;;68823;;;;;;;;;;;;;;1801.300;;;;;;;;;;;;66.00;40.00;;;;;;;;;;;;;;0;0.00;0.00;;172.50;;3.00;0.30;-0.70;;0.90;2.30;;;;-2.10;;;;10.70;;;;0.90;10.80;6.70;15.40;1.20;10.60;7.30;14.50;1.20;-2.00;6.90;2.00;18.00;;;;13.00;;;;31.00;;;;;;;;44.00;;;;;;;;;;;;57.00;;;;;;;;;;;;;;;;;;;;;;;;;;;;;;;;;;;;;;;;;;;;;;;;;;;;;;;;;;;;;;;;;;;;;;;;;;;;;;;;;;;;;;;;;;;;;;;;;;;;;;;;;;;;;;;;;;;;;;;;;;;;;;;;;;;;;;;;;;;;;;;;;;;;;;;;;;;;;;;;;;;;;;;;;;;;;;;;;;;;;;;;;;;;;;;;;;;;;;;;;;;;;;;;;;;;;;54.00;;;;;;;;;;;;;;;;;;;;;;;;;;;;;;;;;;;35.00;34.00;35.00;;;;;;;;;;;;;;46.00;46.00;46.00;;;;27.50;;;;;;;;;;;1138.80;2000.00;211.30;0.00;0.00;228.80;;;;;;;;;;;;;;;;;;;;;;2000.10;2000.10;1;1;;;;;;;;;;;;;;;;;;;;;;;;0.30;0;0;0.00;0.00;;;;;80.00;80.00;80.00;;90.00;90.00;90.00;;81.00;80.00;81.00;;;;;;;;;;;;;0;10.70;13.30;8.00;14.90;15.80;14.00;1826;2114;1151;172;172;1552.10;;;30684016;6.00;;;;;;20.00
1574137200000;2019-11-19T05:20:00.000+0100;;;;;;;;;1.00;146.20;378.90;379.30;379.60;1571.00;1559.00;1562.00;-0.70;;;;;-0.70;-0.70;;;;;;;;;1.0;;;;;;;;;;;;;;;;;;;;;;;;;;;;;;;;;;;;;;;;;;;;50.00;;;;;;;;;;;;;;;;;;;;;;;;;;;;;;;;;;;;;;38.00;53.00;36.00;6.00;;;;75.00;78.00;75.00;;;;;;;;;1638.00;1478.60;174.200;89.300;;;;;;;;;;;;;2000.100;;;;;;;;;;;90.00;88.00;93.00;;;;;;;;;68823;;;;;;;;;;;;;;1749.600;;;;;;;;;;;;66.00;40.00;;;;;;;;;;;;;;0;0.00;0.00;;172.80;;3.00;-0.40;-1.80;;1.10;1.80;;;;-2.80;;;;10.30;;;;0.90;10.50;6.10;15.10;1.20;10.30;6.30;13.20;1.10;-2.20;5.60;1.50;18.00;;;;13.00;;;;32.00;;;;;;;;44.00;;;;;;;;;;;;57.00;;;;;;;;;;;;;;;;;;;;;;;;;;;;;;;;;;;;;;;;;;;;;;;;;;;;;;;;;;;;;;;;;;;;;;;;;;;;;;;;;;;;;;;;;;;;;;;;;;;;;;;;;;;;;;;;;;;;;;;;;;;;;;;;;;;;;;;;;;;;;;;;;;;;;;;;;;;;;;;;;;;;;;;;;;;;;;;;;;;;;;;;;;;;;;;;;;;;;;;;;;;;;;;;;;;;;;54.00;;;;;;;;;;;;;;;;;;;;;;;;;;;;;;;;;;;35.00;34.00;35.00;;;;;;;;;;;;;;46.00;46.00;46.00;;;;19.70;;;;;;;;;;;1072.00;2000.00;210.60;0.00;0.00;232.20;;;;;;;;;;;;;;;;;;;;;;2000.10;2000.10;1;1;;;;;;;;;;;;;;;;;;;;;;;;0.30;0;0;0.00;0.00;;;;;81.00;80.00;81.00;;90.00;90.00;90.00;;81.00;81.00;81.00;;;;;;;;;;;;;0;10.40;12.50;7.40;14.90;15.80;14.30;1773;2114;1083;174;174;1549.70;;;30684312;6.00;;;;;;20.00
1574137800000;2019-11-19T05:30:00.000+0100;;;;;;;;;1.00;142.80;378.10;378.30;378.70;1539.00;1526.00;1529.00;-0.10;;;;;-0.10;-0.10;;;;;;;;;1.0;;;;;;;;;;;;;;;;;;;;;;;;;;;;;;;;;;;;;;;;;;;;50.00;;;;;;;;;;;;;;;;;;;;;;;;;;;;;;;;;;;;;;38.00;53.00;36.00;6.00;;;;75.00;78.00;75.00;;;;;;;;;1645.20;1501.60;174.300;80.800;;;;;;;;;;;;;2000.100;;;;;;;;;;;90.00;88.00;92.00;;;;;;;;;68823;;;;;;;;;;;;;;1701.100;;;;;;;;;;;;65.00;40.00;;;;;;;;;;;;;;0;0.00;0.00;;172.30;;3.00;0.80;-1.20;;0.80;2.50;;;;-1.40;;;;10.40;;;;1.00;10.50;6.80;14.40;1.30;10.30;6.00;14.50;1.30;-2.50;6.90;2.10;18.00;;;;13.00;;;;32.00;;;;;;;;44.00;;;;;;;;;;;;57.00;;;;;;;;;;;;;;;;;;;;;;;;;;;;;;;;;;;;;;;;;;;;;;;;;;;;;;;;;;;;;;;;;;;;;;;;;;;;;;;;;;;;;;;;;;;;;;;;;;;;;;;;;;;;;;;;;;;;;;;;;;;;;;;;;;;;;;;;;;;;;;;;;;;;;;;;;;;;;;;;;;;;;;;;;;;;;;;;;;;;;;;;;;;;;;;;;;;;;;;;;;;;;;;;;;;;;;54.00;;;;;;;;;;;;;;;;;;;;;;;;;;;;;;;;;;;35.00;34.00;35.00;;;;;;;;;;;;;;46.00;46.00;46.00;;;;26.30;;;;;;;;;;;972.10;2000.00;280.20;0.00;0.00;304.70;;;;;;;;;;;;;;;;;;;;;;2000.10;2000.10;1;1;;;;;;;;;;;;;;;;;;;;;;;;0.30;0;0;0.00;0.00;;;;;81.00;81.00;81.00;;91.00;90.00;91.00;;81.00;81.00;81.00;;;;;;;;;;;;;0;10.40;12.80;7.40;14.90;15.80;14.30;1732;2113;978;175;175;1552.70;;;30684600;6.00;;;;;;21.00
1574138400000;2019-11-19T05:40:00.000+0100;;;;;;;;;1.00;148.70;379.10;379.00;379.50;1599.00;1586.00;1590.00;-0.10;;;;;-0.10;-0.10;;;;;;;;;1.0;;;;;;;;;;;;;;;;;;;;;;;;;;;;;;;;;;;;;;;;;;;;50.00;;;;;;;;;;;;;;;;;;;;;;;;;;;;;;;;;;;;;;38.00;53.00;36.00;6.00;;;;75.00;79.00;76.00;;;;;;;;;1671.70;1482.20;174.300;88.400;;;;;;;;;;;;;2000.100;;;;;;;;;;;90.00;88.00;92.00;;;;;;;;;68824;;;;;;;;;;;;;;1773.900;;;;;;;;;;;;65.00;41.00;;;;;;;;;;;;;;0;0.00;0.00;;171.00;;3.00;1.50;0.90;;2.10;3.40;;;;0.00;;;;10.50;;;;0.90;10.50;6.70;15.70;1.20;10.20;6.90;13.90;1.20;-2.50;5.80;1.90;18.00;;;;13.00;;;;33.00;;;;;;;;44.00;;;;;;;;;;;;57.00;;;;;;;;;;;;;;;;;;;;;;;;;;;;;;;;;;;;;;;;;;;;;;;;;;;;;;;;;;;;;;;;;;;;;;;;;;;;;;;;;;;;;;;;;;;;;;;;;;;;;;;;;;;;;;;;;;;;;;;;;;;;;;;;;;;;;;;;;;;;;;;;;;;;;;;;;;;;;;;;;;;;;;;;;;;;;;;;;;;;;;;;;;;;;;;;;;;;;;;;;;;;;;;;;;;;;;54.00;;;;;;;;;;;;;;;;;;;;;;;;;;;;;;;;;;;35.00;34.00;35.00;;;;;;;;;;;;;;46.00;46.00;46.00;;;;27.80;;;;;;;;;;;1048.80;2000.00;220.40;0.00;0.00;243.60;;;;;;;;;;;;;;;;;;;;;;2000.10;2000.10;1;1;;;;;;;;;;;;;;;;;;;;;;;;0.30;0;0;0.00;0.00;;;;;81.00;81.00;81.00;;91.00;91.00;91.00;;82.00;81.00;82.00;;;;;;;;;;;;;0;10.40;12.90;8.10;14.90;16.10;14.30;1804;2112;1070;171;172;1549.70;;;30684902;6.00;;;;;;24.00
1574139000000;2019-11-19T05:50:00.000+0100;;;;;;;;;1.00;144.80;378.60;378.90;379.20;1556.00;1543.00;1547.00;-0.60;;;;;-0.60;-0.60;;;;;;;;;1.0;;;;;;;;;;;;;;;;;;;;;;;;;;;;;;;;;;;;;;;;;;;;50.00;;;;;;;;;;;;;;;;;;;;;;;;;;;;;;;;;;;;;;38.00;53.00;36.00;7.00;;;;77.00;80.00;77.00;;;;;;;;;1616.50;1497.40;174.300;63.700;;;;;;;;;;;;;2000.100;;;;;;;;;;;90.00;88.00;93.00;;;;;;;;;68824;;;;;;;;;;;;;;1732.100;;;;;;;;;;;;65.00;42.00;;;;;;;;;;;;;;0;0.00;0.00;;170.80;;3.00;0.60;0.50;;1.10;2.20;;;;-1.20;;;;10.30;;;;0.80;10.40;6.70;13.50;1.10;10.30;6.90;14.00;1.10;-2.30;6.00;1.60;18.00;;;;14.00;;;;35.00;;;;;;;;45.00;;;;;;;;;;;;57.00;;;;;;;;;;;;;;;;;;;;;;;;;;;;;;;;;;;;;;;;;;;;;;;;;;;;;;;;;;;;;;;;;;;;;;;;;;;;;;;;;;;;;;;;;;;;;;;;;;;;;;;;;;;;;;;;;;;;;;;;;;;;;;;;;;;;;;;;;;;;;;;;;;;;;;;;;;;;;;;;;;;;;;;;;;;;;;;;;;;;;;;;;;;;;;;;;;;;;;;;;;;;;;;;;;;;;;54.00;;;;;;;;;;;;;;;;;;;;;;;;;;;;;;;;;;;35.00;34.00;35.00;;;;;;;;;;;;;;46.00;46.00;46.00;;;;19.40;;;;;;;;;;;767.70;2000.00;253.70;0.00;0.00;272.50;;;;;;;;;;;;;;;;;;;;;;2000.10;2000.10;1;1;;;;;;;;;;;;;;;;;;;;;;;;0.30;0;0;0.00;0.00;;;;;82.00;81.00;82.00;;91.00;91.00;91.00;;82.00;82.00;82.00;;;;;;;;;;;;;0;10.30;12.10;8.10;14.90;15.50;14.30;1755;2112;769;170;170;1550.30;;;30685192;6.00;;;;;;24.00
1574139600000;2019-11-19T06:00:00.000+0100;;;;;;;;;1.00;155.30;378.50;378.80;379.20;1671.00;1657.00;1660.00;1.30;;;;;1.30;1.30;;;;;;;;;1.0;;;;;;;;;;;;;;;;;;;;;;;;;;;;;;;;;;;;;;;;;;;;50.00;;;;;;;;;;;;;;;;;;;;;;;;;;;;;;;;;;;;;;38.00;53.00;36.00;7.00;;;;77.00;80.00;77.00;;;;;;;;;1662.80;1485.50;174.500;96.600;;;;;;;;;;;;;2000.100;;;;;;;;;;;90.00;88.00;93.00;;;;;;;;;68824;;;;;;;;;;;;;;1857.200;;;;;;;;;;;;65.00;41.00;;;;;;;;;;;;;;0;0.00;0.00;;168.60;;3.00;-1.00;-3.10;;0.80;1.30;;;;-3.20;;;;11.00;;;;0.90;11.10;7.60;15.90;1.30;10.90;7.60;15.10;1.20;-1.80;7.80;2.60;18.00;;;;14.00;;;;33.00;;;;;;;;45.00;;;;;;;;;;;;57.00;;;;;;;;;;;;;;;;;;;;;;;;;;;;;;;;;;;;;;;;;;;;;;;;;;;;;;;;;;;;;;;;;;;;;;;;;;;;;;;;;;;;;;;;;;;;;;;;;;;;;;;;;;;;;;;;;;;;;;;;;;;;;;;;;;;;;;;;;;;;;;;;;;;;;;;;;;;;;;;;;;;;;;;;;;;;;;;;;;;;;;;;;;;;;;;;;;;;;;;;;;;;;;;;;;;;;;54.00;;;;;;;;;;;;;;;;;;;;;;;;;;;;;;;;;;;35.00;34.00;35.00;;;;;;;;;;;;;;46.00;46.00;46.00;;;;27.20;;;;;;;;;;;1163.70;2000.00;191.20;0.00;0.00;204.20;;;;;;;;;;;;;;;;;;;;;;2000.10;2000.10;1;1;;;;;;;;;;;;;;;;;;;;;;;;0.30;0;0;0.00;0.00;;;;;82.00;82.00;82.00;;91.00;91.00;92.00;;82.00;82.00;82.00;;;;;;;;;;;;;0;11.00;13.40;8.70;14.90;15.80;14.30;1883;2116;1177;168;167;1551.50;;;30685508;6.00;;;;;;23.00
1574140200000;2019-11-19T06:10:00.000+0100;;;;;;;;;1.00;152.60;378.10;378.40;378.70;1643.00;1630.00;1633.00;0.30;;;;;0.40;0.30;;;;;;;;;1.0;;;;;;;;;;;;;;;;;;;;;;;;;;;;;;;;;;;;;;;;;;;;50.00;;;;;;;;;;;;;;;;;;;;;;;;;;;;;;;;;;;;;;38.00;53.00;36.00;7.00;;;;77.00;81.00;77.00;;;;;;;;;1690.20;1463.10;174.300;88.400;;;;;;;;;;;;;2000.100;;;;;;;;;;;91.00;88.00;93.00;;;;;;;;;68824;;;;;;;;;;;;;;1821.800;;;;;;;;;;;;65.00;41.00;;;;;;;;;;;;;;0;0.00;0.00;;164.10;;3.00;-0.20;-2.60;;1.20;1.70;;;;-2.30;;;;10.70;;;;0.80;10.80;6.40;15.10;1.30;10.70;7.40;14.80;1.10;-1.90;7.50;2.10;18.00;;;;14.00;;;;31.00;;;;;;;;44.00;;;;;;;;;;;;57.00;;;;;;;;;;;;;;;;;;;;;;;;;;;;;;;;;;;;;;;;;;;;;;;;;;;;;;;;;;;;;;;;;;;;;;;;;;;;;;;;;;;;;;;;;;;;;;;;;;;;;;;;;;;;;;;;;;;;;;;;;;;;;;;;;;;;;;;;;;;;;;;;;;;;;;;;;;;;;;;;;;;;;;;;;;;;;;;;;;;;;;;;;;;;;;;;;;;;;;;;;;;;;;;;;;;;;;54.00;;;;;;;;;;;;;;;;;;;;;;;;;;;;;;;;;;;35.00;34.00;35.00;;;;;;;;;;;;;;46.00;46.00;46.00;;;;28.30;;;;;;;;;;;1067.10;2000.00;202.00;0.00;0.00;220.80;;;;;;;;;;;;;;;;;;;;;;2000.10;2000.10;1;1;;;;;;;;;;;;;;;;;;;;;;;;0.30;0;0;0.00;0.00;;;;;82.00;82.00;82.00;;92.00;92.00;92.00;;82.00;82.00;83.00;;;;;;;;;;;;;0;10.70;12.70;8.70;14.90;16.10;14.00;1850;2119;1076;169;169;1550.90;;;30685814;6.00;;;;;;22.00
1574140800000;2019-11-19T06:20:00.000+0100;;;;;;;;;1.00;152.80;377.70;378.00;378.30;1647.00;1634.00;1637.00;0.70;;;;;0.70;0.60;;;;;;;;;1.0;;;;;;;;;;;;;;;;;;;;;;;;;;;;;;;;;;;;;;;;;;;;50.00;;;;;;;;;;;;;;;;;;;;;;;;;;;;;;;;;;;;;;38.00;53.00;36.00;7.00;;;;78.00;82.00;78.00;;;;;;;;;1643.10;1468.50;173.800;93.500;;;;;;;;;;;;;2000.100;;;;;;;;;;;91.00;89.00;94.00;;;;;;;;;68824;;;;;;;;;;;;;;1829.100;;;;;;;;;;;;64.00;41.00;;;;;;;;;;;;;;0;0.00;0.00;;168.20;;3.00;-0.30;-4.40;;1.10;1.40;;;;-1.00;;;;10.80;;;;0.90;10.80;6.50;14.40;1.20;10.60;6.80;13.80;1.20;-2.20;7.90;2.40;18.00;;;;14.00;;;;30.00;;;;;;;;45.00;;;;;;;;;;;;57.00;;;;;;;;;;;;;;;;;;;;;;;;;;;;;;;;;;;;;;;;;;;;;;;;;;;;;;;;;;;;;;;;;;;;;;;;;;;;;;;;;;;;;;;;;;;;;;;;;;;;;;;;;;;;;;;;;;;;;;;;;;;;;;;;;;;;;;;;;;;;;;;;;;;;;;;;;;;;;;;;;;;;;;;;;;;;;;;;;;;;;;;;;;;;;;;;;;;;;;;;;;;;;;;;;;;;;;54.00;;;;;;;;;;;;;;;;;;;;;;;;;;;;;;;;;;;35.00;34.00;35.00;;;;;;;;;;;;;;46.00;46.00;46.00;;;;28.10;;;;;;;;;;;1130.80;2000.00;217.20;0.00;0.00;230.60;;;;;;;;;;;;;;;;;;;;;;2000.10;2000.10;1;1;;;;;;;;;;;;;;;;;;;;;;;;0.30;0;0;0.00;0.00;;;;;82.00;82.00;82.00;;92.00;92.00;92.00;;83.00;83.00;83.00;;;;;;;;;;;;;0;10.70;13.00;8.10;14.90;15.80;14.00;1852;2112;1138;173;173;1550.00;;;30686124;6.00;;;;;;21.00
1574141400000;2019-11-19T06:30:00.000+0100;;;;;;;;;1.00;157.30;377.70;378.00;378.30;1696.00;1682.00;1686.00;1.40;;;;;1.40;1.40;;;;;;;;;1.0;;;;;;;;;;;;;;;;;;;;;;;;;;;;;;;;;;;;;;;;;;;;50.00;;;;;;;;;;;;;;;;;;;;;;;;;;;;;;;;;;;;;;38.00;53.00;36.00;7.00;;;;79.00;82.00;79.00;;;;;;;;;1663.70;1483.10;173.900;93.800;;;;;;;;;;;;;2000.100;;;;;;;;;;;91.00;89.00;94.00;;;;;;;;;68824;;;;;;;;;;;;;;1888.200;;;;;;;;;;;;64.00;41.00;;;;;;;;;;;;;;0;0.00;0.00;;172.10;;3.00;-0.40;-5.30;;1.00;1.30;;;;-1.80;;;;11.10;;;;0.90;11.10;7.10;15.10;1.20;10.90;6.80;15.50;1.20;-2.10;8.20;2.50;18.00;;;;14.00;;;;30.00;;;;;;;;45.00;;;;;;;;;;;;57.00;;;;;;;;;;;;;;;;;;;;;;;;;;;;;;;;;;;;;;;;;;;;;;;;;;;;;;;;;;;;;;;;;;;;;;;;;;;;;;;;;;;;;;;;;;;;;;;;;;;;;;;;;;;;;;;;;;;;;;;;;;;;;;;;;;;;;;;;;;;;;;;;;;;;;;;;;;;;;;;;;;;;;;;;;;;;;;;;;;;;;;;;;;;;;;;;;;;;;;;;;;;;;;;;;;;;;;54.00;;;;;;;;;;;;;;;;;;;;;;;;;;;;;;;;;;;35.00;34.00;35.00;;;;;;;;;;;;;;46.00;46.00;46.00;;;;28.60;;;;;;;;;;;1125.30;2000.00;177.50;0.00;0.00;188.00;;;;;;;;;;;;;;;;;;;;;;2000.10;2000.10;1;1;;;;;;;;;;;;;;;;;;;;;;;;0.30;0;0;0.00;0.00;;;;;82.00;82.00;83.00;;92.00;92.00;93.00;;83.00;83.00;83.00;;;;;;;;;;;;;0;11.00;13.30;8.50;14.90;15.80;14.30;1907;2112;1135;174;173;1550.90;;;30686442;6.00;;;;;;21.00
1574142000000;2019-11-19T06:40:00.000+0100;;;;;;;;;1.00;141.40;378.60;378.90;379.20;1520.00;1507.00;1511.00;-0.70;;;;;-0.70;-0.70;;;;;;;;;1.0;;;;;;;;;;;;;;;;;;;;;;;;;;;;;;;;;;;;;;;;;;;;50.00;;;;;;;;;;;;;;;;;;;;;;;;;;;;;;;;;;;;;;38.00;53.00;36.00;7.00;;;;79.00;83.00;79.00;;;;;;;;;1653.80;1472.40;174.300;89.300;;;;;;;;;;;;;2000.100;;;;;;;;;;;91.00;89.00;94.00;;;;;;;;;68825;;;;;;;;;;;;;;1695.900;;;;;;;;;;;;63.00;41.00;;;;;;;;;;;;;;0;0.00;0.00;;173.10;;3.00;1.00;-0.80;;0.60;2.80;;;;-0.10;;;;10.20;;;;0.90;10.30;6.30;14.70;1.20;10.00;6.60;14.20;1.20;-2.50;6.10;1.80;18.00;;;;14.00;;;;31.00;;;;;;;;45.00;;;;;;;;;;;;57.00;;;;;;;;;;;;;;;;;;;;;;;;;;;;;;;;;;;;;;;;;;;;;;;;;;;;;;;;;;;;;;;;;;;;;;;;;;;;;;;;;;;;;;;;;;;;;;;;;;;;;;;;;;;;;;;;;;;;;;;;;;;;;;;;;;;;;;;;;;;;;;;;;;;;;;;;;;;;;;;;;;;;;;;;;;;;;;;;;;;;;;;;;;;;;;;;;;;;;;;;;;;;;;;;;;;;;;54.00;;;;;;;;;;;;;;;;;;;;;;;;;;;;;;;;;;;35.00;34.00;35.00;;;;;;;;;;;;;;46.00;46.00;46.00;;;;22.40;;;;;;;;;;;1064.40;2000.00;249.00;0.00;0.00;266.60;;;;;;;;;;;;;;;;;;;;;;2000.10;2000.10;1;1;;;;;;;;;;;;;;;;;;;;;;;;0.30;0;0;0.00;0.00;;;;;83.00;83.00;83.00;;93.00;92.00;93.00;;83.00;83.00;83.00;;;;;;;;;;;;;0;10.10;13.20;7.60;14.90;15.80;14.00;1713;2114;1087;174;175;1550.30;;;30686728;6.00;;;;;;22.00
1574142600000;2019-11-19T06:50:00.000+0100;;;;;;;;;1.00;128.10;377.90;378.20;378.60;1379.00;1367.00;1369.00;-1.50;;;;;-1.50;-1.50;;;;;;;;;1.0;;;;;;;;;;;;;;;;;;;;;;;;;;;;;;;;;;;;;;;;;;;;50.00;;;;;;;;;;;;;;;;;;;;;;;;;;;;;;;;;;;;;;38.00;53.00;36.00;7.00;;;;78.00;81.00;77.00;;;;;;;;;1648.40;1484.00;174.000;66.300;;;;;;;;;;;;;2000.100;;;;;;;;;;;89.00;87.00;92.00;;;;;;;;;68825;;;;;;;;;;;;;;1533.900;;;;;;;;;;;;63.00;40.00;;;;;;;;;;;;;;0;0.00;0.00;;175.50;;3.00;1.20;-0.30;;1.00;3.40;;;;-0.30;;;;9.70;;;;0.90;9.80;5.90;13.30;1.20;9.60;6.30;13.10;1.20;-2.50;3.90;0.90;18.00;;;;14.00;;;;32.00;;;;;;;;44.00;;;;;;;;;;;;57.00;;;;;;;;;;;;;;;;;;;;;;;;;;;;;;;;;;;;;;;;;;;;;;;;;;;;;;;;;;;;;;;;;;;;;;;;;;;;;;;;;;;;;;;;;;;;;;;;;;;;;;;;;;;;;;;;;;;;;;;;;;;;;;;;;;;;;;;;;;;;;;;;;;;;;;;;;;;;;;;;;;;;;;;;;;;;;;;;;;;;;;;;;;;;;;;;;;;;;;;;;;;;;;;;;;;;;;54.00;;;;;;;;;;;;;;;;;;;;;;;;;;;;;;;;;;;35.00;34.00;35.00;;;;;;;;;;;;;;46.00;46.00;46.00;;;;19.70;;;;;;;;;;;793.00;2000.00;316.70;0.00;0.00;338.40;;;;;;;;;;;;;;;;;;;;;;2000.10;2000.10;1;1;;;;;;;;;;;;;;;;;;;;;;;;0.30;0;0;0.00;0.00;;;;;83.00;83.00;83.00;;93.00;93.00;93.00;;83.00;83.00;83.00;;;;;;;;;;;;;0;9.70;11.80;7.40;14.90;15.80;14.30;1552;2110;802;177;178;1549.70;;;30686986;6.00;;;;;;21.00
1574143200000;2019-11-19T07:00:00.000+0100;;;;;;;;;1.00;148.20;376.80;377.00;377.40;1601.00;1588.00;1591.00;0.80;;;;;0.80;0.80;;;;;;;;;1.0;;;;;;;;;;;;;;;;;;;;;;;;;;;;;;;;;;;;;;;;;;;;50.00;;;;;;;;;;;;;;;;;;;;;;;;;;;;;;;;;;;;;;38.00;53.00;36.00;7.00;;;;76.00;80.00;76.00;;;;;;;;;1678.90;1468.20;174.400;61.200;;;;;;;;;;;;;2000.100;;;;;;;;;;;89.00;87.00;92.00;;;;;;;;;68825;;;;;;;;;;;;;;1776.800;;;;;;;;;;;;63.00;40.00;;;;;;;;;;;;;;0;0.00;0.00;;184.10;;3.00;-0.60;-8.30;;2.10;1.50;;;;-2.60;;;;10.70;;;;1.10;10.80;6.10;15.30;1.40;10.60;6.90;16.70;1.40;-2.50;8.40;2.70;18.00;;;;14.00;;;;33.00;;;;;;;;44.00;;;;;;;;;;;;57.00;;;;;;;;;;;;;;;;;;;;;;;;;;;;;;;;;;;;;;;;;;;;;;;;;;;;;;;;;;;;;;;;;;;;;;;;;;;;;;;;;;;;;;;;;;;;;;;;;;;;;;;;;;;;;;;;;;;;;;;;;;;;;;;;;;;;;;;;;;;;;;;;;;;;;;;;;;;;;;;;;;;;;;;;;;;;;;;;;;;;;;;;;;;;;;;;;;;;;;;;;;;;;;;;;;;;;;54.00;;;;;;;;;;;;;;;;;;;;;;;;;;;;;;;;;;;35.00;34.00;35.00;;;;;;;;;;;;;;46.00;46.00;46.00;;;;28.60;;;;;;;;;;;722.90;2000.00;284.00;0.00;0.00;296.80;;;;;;;;;;;;;;;;;;;;;;2000.10;2000.10;1;1;;;;;;;;;;;;;;;;;;;;;;;;0.30;0;0;0.00;0.00;;;;;83.00;83.00;83.00;;93.00;93.00;93.00;;83.00;83.00;84.00;;;;;;;;;;;;;0;10.70;13.70;7.70;14.90;16.10;14.00;1797;2116;752;181;180;1551.50;;;30687286;6.00;;;;;;21.00
1574143800000;2019-11-19T07:10:00.000+0100;;;;;;;;;-0.40;50.20;373.40;374.10;374.40;551.00;549.00;551.00;53.60;;;;;53.70;53.70;;;;;;;;;4.0;;;;;;;;;;;;;;;;;;;;;;;;;;;;;;;;;;;;;;;;;;;;50.00;;;;;;;;;;;;;;;;;;;;;;;;;;;;;;;;;;;;;;38.00;52.00;35.00;7.00;;;;76.00;79.00;76.00;;;;;;;;;1642.20;34.60;174.100;-1.800;;;;;;;;;;;;;602.400;;;;;;;;;;;86.00;83.00;89.00;;;;;;;;;68825;;;;;;;;;;;;;;1756.600;;;;;;;;;;;;62.00;40.00;;;;;;;;;;;;;;0;0.00;0.00;;178.90;;3.00;1.10;-2.60;;0.90;2.50;;;;0.10;;;;10.60;;;;1.00;10.70;7.40;14.30;1.30;10.40;6.40;13.90;1.30;-1.20;78.00;35.40;18.00;;;;14.00;;;;33.00;;;;;;;;44.00;;;;;;;;;;;;56.00;;;;;;;;;;;;;;;;;;;;;;;;;;;;;;;;;;;;;;;;;;;;;;;;;;;;;;;;;;;;;;;;;;;;;;;;;;;;;;;;;;;;;;;;;;;;;;;;;;;;;;;;;;;;;;;;;;;;;;;;;;;;;;;;;;;;;;;;;;;;;;;;;;;;;;;;;;;;;;;;;;;;;;;;;;;;;;;;;;;;;;;;;;;;;;;;;;;;;;;;;;;;;;;;;;;;;;52.00;;;;;;;;;;;;;;;;;;;;;;;;;;;;;;;;;;;34.00;33.00;35.00;;;;;;;;;;;;;;46.00;46.00;47.00;;;;684.30;;;;;;;;;;;974.10;2000.00;272.80;0.00;0.00;916.70;;;;;;;;;;;;;;;;;;;;;;0.00;2000.10;13;11;;;;;;;;;;;;;;;;;;;;;;;;6.60;13;0;0.00;0.00;;;;;83.00;83.00;83.00;;93.00;93.00;93.00;;84.00;83.00;84.00;;;;;;;;;;;;;309;10.50;13.10;7.60;5.10;15.80;0.30;599;2111;-40;186;188;538.90;;;30687388;6.00;;;;;;21.00
1574144400000;2019-11-19T07:20:00.000+0100;;;;;;;;;-1.00;-0.10;373.60;374.40;374.70;12.00;16.00;17.00;78.00;;;;;78.10;78.00;;;;;;;;;4.0;;;;;;;;;;;;;;;;;;;;;;;;;;;;;;;;;;;;;;;;;;;;50.00;;;;;;;;;;;;;;;;;;;;;;;;;;;;;;;;;;;;;;36.00;50.00;34.00;7.00;;;;70.00;73.00;69.00;;;;;;;;;140.60;20.60;3.100;-3.700;;;;;;;;;;;;;0.000;;;;;;;;;;;73.00;70.00;76.00;;;;;;;;;68825;;;;;;;;;;;;;;1836.900;;;;;;;;;;;;60.00;40.00;;;;;;;;;;;;;;0;0.00;0.00;;189.90;;3.00;0.10;-1.30;;1.00;1.70;;;;-1.50;;;;11.20;;;;1.30;11.30;6.00;15.00;1.50;11.00;6.80;15.30;1.50;78.00;78.10;0.00;18.00;;;;14.00;;;;34.00;;;;;;;;42.00;;;;;;;;;;;;53.00;;;;;;;;;;;;;;;;;;;;;;;;;;;;;;;;;;;;;;;;;;;;;;;;;;;;;;;;;;;;;;;;;;;;;;;;;;;;;;;;;;;;;;;;;;;;;;;;;;;;;;;;;;;;;;;;;;;;;;;;;;;;;;;;;;;;;;;;;;;;;;;;;;;;;;;;;;;;;;;;;;;;;;;;;;;;;;;;;;;;;;;;;;;;;;;;;;;;;;;;;;;;;;;;;;;;;;47.00;;;;;;;;;;;;;;;;;;;;;;;;;;;;;;;;;;;33.00;33.00;33.00;;;;;;;;;;;;;;44.00;43.00;46.00;;;;18.80;;;;;;;;;;;1070.50;2000.00;245.20;0.00;0.00;3.00;;;;;;;;;;;;;;;;;;;;;;0.00;0.00;13;11;;;;;;;;;;;;;;;;;;;;;;;;0.30;13;0;0.00;0.00;;;;;83.00;83.00;83.00;;93.00;92.00;93.00;;83.00;83.00;83.00;;;;;;;;;;;;;309;11.20;13.90;7.80;0.60;1.50;0.30;-13;-12;-33;191;191;74.30;;;30687388;6.00;;;;;;21.00
1574145000000;2019-11-19T07:30:00.000+0100;;;;;;;;;-0.90;0.00;348.30;349.00;349.40;12.00;15.00;16.00;79.00;;;;;78.90;79.00;;;;;;;;;4.0;;;;;;;;;;;;;;;;;;;;;;;;;;;;;;;;;;;;;;;;;;;;50.00;;;;;;;;;;;;;;;;;;;;;;;;;;;;;;;;;;;;;;35.00;51.00;34.00;7.00;;;;63.00;66.00;62.00;;;;;;;;;111.60;0.00;54.500;-6.200;;;;;;;;;;;;;0.000;;;;;;;;;;;62.00;59.00;65.00;;;;;;;;;68825;;;;;;;;;;;;;;1716.900;;;;;;;;;;;;58.00;40.00;;;;;;;;;;;;;;0;0.00;0.00;;188.90;;3.00;0.80;-0.10;;0.80;2.50;;;;-0.70;;;;10.60;;;;1.30;10.70;6.80;14.80;1.50;10.40;6.10;14.30;1.50;78.00;91.10;3.40;18.00;;;;14.00;;;;35.00;;;;;;;;41.00;;;;;;;;;;;;51.00;;;;;;;;;;;;;;;;;;;;;;;;;;;;;;;;;;;;;;;;;;;;;;;;;;;;;;;;;;;;;;;;;;;;;;;;;;;;;;;;;;;;;;;;;;;;;;;;;;;;;;;;;;;;;;;;;;;;;;;;;;;;;;;;;;;;;;;;;;;;;;;;;;;;;;;;;;;;;;;;;;;;;;;;;;;;;;;;;;;;;;;;;;;;;;;;;;;;;;;;;;;;;;;;;;;;;;44.00;;;;;;;;;;;;;;;;;;;;;;;;;;;;;;;;;;;33.00;33.00;33.00;;;;;;;;;;;;;;42.00;42.00;43.00;;;;28.10;;;;;;;;;;;803.10;2000.00;321.80;0.00;0.00;4.70;;;;;;;;;;;;;;;;;;;;;;0.00;0.00;13;11;;;;;;;;;;;;;;;;;;;;;;;;0.30;13;0;0.00;0.00;;;;;82.00;82.00;83.00;;92.00;91.00;92.00;;83.00;82.00;83.00;;;;;;;;;;;;;309;10.60;13.90;7.20;0.60;1.20;0.00;-12;8;-33;193;193;64.50;;;30687388;6.00;;;;;;21.00
1574145600000;2019-11-19T07:40:00.000+0100;;;;;;;;;1.00;0.00;0.60;0.60;0.50;2.00;5.00;2.00;91.10;;;;;90.70;91.30;;;;;;;;;4.0;;;;;;;;;;;;;;;;;;;;;;;;;;;;;;;;;;;;;;;;;;;;50.00;;;;;;;;;;;;;;;;;;;;;;;;;;;;;;;;;;;;;;34.00;50.00;34.00;7.00;;;;58.00;61.00;57.00;;;;;;;;;42.10;0.00;0.000;0.000;;;;;;;;;;;;;0.000;;;;;;;;;;;54.00;52.00;56.00;;;;;;;;;68826;;;;;;;;;;;;;;1512.200;;;;;;;;;;;;57.00;40.00;;;;;;;;;;;;;;0;0.00;0.00;;197.30;;3.00;-4.80;-15.40;;2.50;-4.00;;;;-6.00;;;;9.90;;;;1.50;10.00;3.40;14.50;1.80;9.90;4.60;14.50;1.80;91.10;91.10;0.00;18.00;;;;14.00;;;;35.00;;;;;;;;41.00;;;;;;;;;;;;50.00;;;;;;;;;;;;;;;;;;;;;;;;;;;;;;;;;;;;;;;;;;;;;;;;;;;;;;;;;;;;;;;;;;;;;;;;;;;;;;;;;;;;;;;;;;;;;;;;;;;;;;;;;;;;;;;;;;;;;;;;;;;;;;;;;;;;;;;;;;;;;;;;;;;;;;;;;;;;;;;;;;;;;;;;;;;;;;;;;;;;;;;;;;;;;;;;;;;;;;;;;;;;;;;;;;;;;;44.00;;;;;;;;;;;;;;;;;;;;;;;;;;;;;;;;;;;33.00;32.00;33.00;;;;;;;;;;;;;;41.00;40.00;42.00;;;;19.10;;;;;;;;;;;528.40;2000.00;385.20;0.00;0.00;0.00;;;;;;;;;;;;;;;;;;;;;;0.00;0.00;13;11;;;;;;;;;;;;;;;;;;;;;;;;0.30;50;0;0.00;0.00;;;;;82.00;81.00;82.00;;91.00;90.00;92.00;;82.00;82.00;83.00;;;;;;;;;;;;;202;9.90;13.50;5.70;0.00;0.30;0.00;0;0;0;197;192;0.00;;;30687388;6.00;;;;;;22.00
1574172600000;2019-11-19T15:10:00.000+0100;;;;;;;;;-0.70;-17.70;373.50;373.70;374.30;22.00;23.00;25.00;89.20;;;;;88.90;89.20;;;;;;;;;4.0;;;;;;;;;;;;;;;;;;;;;;;;;;;;;;;;;;;;;;;;;;;;50.00;;;;;;;;;;;;;;;;;;;;;;;;;;;;;;;;;;;;;;31.00;42.00;32.00;8.00;;;;25.00;26.00;25.00;;;;;;;;;64.20;0.00;-4.200;-31.400;;;;;;;;;;;;;0.000;;;;;;;;;;;35.00;35.00;33.00;;;;;;;;;68833;;;;;;;;;;;;;;735.900;;;;;;;;;;;;30.00;29.00;;;;;;;;;;;;;;0;0.00;0.00;;199.00;;3.00;2.90;2.90;;1.40;4.80;;;;1.40;;;;7.40;;;;0.80;7.40;4.40;9.90;0.90;7.30;4.20;9.90;0.90;78.10;91.00;4.40;10.00;;;;10.00;;;;23.00;;;;;;;;29.00;;;;;;;;;;;;34.00;;;;;;;;;;;;;;;;;;;;;;;;;;;;;;;;;;;;;;;;;;;;;;;;;;;;;;;;;;;;;;;;;;;;;;;;;;;;;;;;;;;;;;;;;;;;;;;;;;;;;;;;;;;;;;;;;;;;;;;;;;;;;;;;;;;;;;;;;;;;;;;;;;;;;;;;;;;;;;;;;;;;;;;;;;;;;;;;;;;;;;;;;;;;;;;;;;;;;;;;;;;;;;;;;;;;;;32.00;;;;;;;;;;;;;;;;;;;;;;;;;;;;;;;;;;;22.00;21.00;22.00;;;;;;;;;;;;;;31.00;31.00;31.00;;;;20.30;;;;;;;;;;;429.80;1182.70;192.00;0.00;0.00;7.30;;;;;;;;;;;;;;;;;;;;;;0.00;0.00;11;11;;;;;;;;;;;;;;;;;;;;;;;;0.30;0;3;0.00;0.00;;;;;46.00;46.00;46.00;;50.00;50.00;50.00;;46.00;46.00;46.00;;;;;;;;;;;;;2956;7.40;9.10;5.90;0.00;0.60;0.00;-19;-4;-31;204;207;3.90;;;30687388;8.00;;;;;;19.00
1574173200000;2019-11-19T15:20:00.000+0100;;;;;;;;;-0.40;-9.60;374.40;374.40;375.20;25.00;26.00;26.00;64.30;;;;;64.30;64.30;;;;;;;;;1.0;;;;;;;;;;;;;;;;;;;;;;;;;;;;;;;;;;;;;;;;;;;;50.00;;;;;;;;;;;;;;;;;;;;;;;;;;;;;;;;;;;;;;38.00;42.00;31.00;9.00;;;;25.00;26.00;25.00;;;;;;;;;1569.70;0.00;62.600;-44.500;;;;;;;;;;;;;18.900;;;;;;;;;;;35.00;35.00;34.00;;;;;;;;;68833;;;;;;;;;;;;;;797.800;;;;;;;;;;;;30.00;29.00;;;;;;;;;;;;;;0;0.00;0.00;;209.80;;3.00;-2.50;-10.70;;1.50;-0.30;;;;-4.70;;;;7.60;;;;0.70;7.70;4.70;10.10;0.90;7.50;4.30;9.70;0.90;6.20;78.10;26.30;11.00;;;;12.00;;;;24.00;;;;;;;;31.00;;;;;;;;;;;;34.00;;;;;;;;;;;;;;;;;;;;;;;;;;;;;;;;;;;;;;;;;;;;;;;;;;;;;;;;;;;;;;;;;;;;;;;;;;;;;;;;;;;;;;;;;;;;;;;;;;;;;;;;;;;;;;;;;;;;;;;;;;;;;;;;;;;;;;;;;;;;;;;;;;;;;;;;;;;;;;;;;;;;;;;;;;;;;;;;;;;;;;;;;;;;;;;;;;;;;;;;;;;;;;;;;;;;;;32.00;;;;;;;;;;;;;;;;;;;;;;;;;;;;;;;;;;;23.00;22.00;33.00;;;;;;;;;;;;;;32.00;31.00;39.00;;;;491.80;;;;;;;;;;;398.10;1217.70;192.60;39.00;3.00;55.00;;;;;;;;;;;;;;;;;;;;;;0.00;258.30;1;1;;;;;;;;;;;;;;;;;;;;;;;;4.80;13;0;0.00;0.00;;;;;47.00;46.00;47.00;;50.00;50.00;50.00;;47.00;46.00;47.00;;;;;;;;;;;;;309;7.60;9.20;5.70;2.70;14.90;0.00;14;260;-32;208;206;281.10;;;30687390;8.00;;;;;;19.00
1574173800000;2019-11-19T15:30:00.000+0100;;;;;;;;;1.00;17.80;375.30;374.30;375.70;653.00;646.00;647.00;-0.60;;;;;-0.60;-0.60;;;;;;;;;1.0;;;;;;;;;;;;;;;;;;;;;;;;;;;;;;;;;;;;;;;;;;;;50.00;;;;;;;;;;;;;;;;;;;;;;;;;;;;;;;;;;;;;;36.00;43.00;34.00;10.00;;;;25.00;27.00;26.00;;;;;;;;;1595.30;1410.90;144.200;-160.300;;;;;;;;;;;;;1158.700;;;;;;;;;;;47.00;47.00;47.00;;;;;;;;;68833;;;;;;;;;;;;;;815.100;;;;;;;;;;;;34.00;30.00;;;;;;;;;;;;;;0;0.00;0.00;;202.90;;3.00;-0.90;-4.50;;1.10;1.10;;;;-2.50;;;;7.80;;;;0.50;7.90;5.70;11.00;0.70;7.70;5.40;10.20;0.70;-2.40;7.00;2.80;12.00;;;;15.00;;;;26.00;;;;;;;;36.00;;;;;;;;;;;;41.00;;;;;;;;;;;;;;;;;;;;;;;;;;;;;;;;;;;;;;;;;;;;;;;;;;;;;;;;;;;;;;;;;;;;;;;;;;;;;;;;;;;;;;;;;;;;;;;;;;;;;;;;;;;;;;;;;;;;;;;;;;;;;;;;;;;;;;;;;;;;;;;;;;;;;;;;;;;;;;;;;;;;;;;;;;;;;;;;;;;;;;;;;;;;;;;;;;;;;;;;;;;;;;;;;;;;;;42.00;;;;;;;;;;;;;;;;;;;;;;;;;;;;;;;;;;;34.00;33.00;35.00;;;;;;;;;;;;;;42.00;39.00;43.00;;;;40.90;;;;;;;;;;;455.70;1336.40;182.10;0.00;0.00;231.80;;;;;;;;;;;;;;;;;;;;;;259.80;2000.10;1;1;;;;;;;;;;;;;;;;;;;;;;;;0.30;0;0;0.00;0.00;;;;;47.00;47.00;47.00;;50.00;50.00;51.00;;47.00;47.00;47.00;;;;;;;;;;;;;0;7.80;9.40;6.50;14.30;15.20;13.40;727;1334;255;200;199;1504.00;;;30687512;8.00;;;;;;19.00
1574174400000;2019-11-19T15:40:00.000+0100;;;;;;;;;1.00;79.00;376.60;375.70;377.10;657.00;651.00;651.00;-2.20;;;;;-2.20;-2.20;;;;;;;;;1.0;;;;;;;;;;;;;;;;;;;;;;;;;;;;;;;;;;;;;;;;;;;;50.00;;;;;;;;;;;;;;;;;;;;;;;;;;;;;;;;;;;;;;36.00;45.00;35.00;10.00;;;;27.00;28.00;27.00;;;;;;;;;1562.20;1199.60;140.200;41.200;;;;;;;;;;;;;2000.100;;;;;;;;;;;57.00;57.00;57.00;;;;;;;;;68834;;;;;;;;;;;;;;732.900;;;;;;;;;;;;39.00;31.00;;;;;;;;;;;;;;0;0.00;0.00;;198.00;;3.00;-0.70;-3.30;;1.20;1.20;;;;-2.90;;;;7.40;;;;0.80;7.60;4.70;11.00;1.00;7.40;5.10;10.40;0.90;-2.40;-1.90;0.10;12.00;;;;16.00;;;;28.00;;;;;;;;41.00;;;;;;;;;;;;46.00;;;;;;;;;;;;;;;;;;;;;;;;;;;;;;;;;;;;;;;;;;;;;;;;;;;;;;;;;;;;;;;;;;;;;;;;;;;;;;;;;;;;;;;;;;;;;;;;;;;;;;;;;;;;;;;;;;;;;;;;;;;;;;;;;;;;;;;;;;;;;;;;;;;;;;;;;;;;;;;;;;;;;;;;;;;;;;;;;;;;;;;;;;;;;;;;;;;;;;;;;;;;;;;;;;;;;;46.00;;;;;;;;;;;;;;;;;;;;;;;;;;;;;;;;;;;34.00;34.00;35.00;;;;;;;;;;;;;;43.00;40.00;45.00;;;;99.40;;;;;;;;;;;382.30;1300.60;222.10;0.00;0.00;222.10;;;;;;;;;;;;;;;;;;;;;;2000.10;2000.10;1;1;;;;;;;;;;;;;;;;;;;;;;;;0.90;0;0;0.00;0.00;;;;;47.00;47.00;48.00;;51.00;51.00;51.00;;48.00;47.00;48.00;;;;;;;;;;;;;0;7.50;9.40;5.50;14.00;14.90;11.60;733;1291;384;198;198;1458.70;;;30687634;8.00;;;;;;20.00
1574175000000;2019-11-19T15:50:00.000+0100;;;;;;;;;1.00;66.50;376.60;375.70;377.00;553.00;548.00;548.00;-2.10;;;;;-2.10;-2.10;;;;;;;;;1.0;;;;;;;;;;;;;;;;;;;;;;;;;;;;;;;;;;;;;;;;;;;;50.00;;;;;;;;;;;;;;;;;;;;;;;;;;;;;;;;;;;;;;37.00;46.00;35.00;10.00;;;;28.00;29.00;28.00;;;;;;;;;1557.40;1305.30;103.000;42.800;;;;;;;;;;;;;2000.100;;;;;;;;;;;63.00;62.00;63.00;;;;;;;;;68834;;;;;;;;;;;;;;616.300;;;;;;;;;;;;43.00;33.00;;;;;;;;;;;;;;0;0.00;0.00;;198.70;;3.00;-2.60;-3.20;;1.80;-0.60;;;;-4.10;;;;7.10;;;;0.50;7.30;5.60;9.40;0.70;7.20;5.40;9.30;0.60;-2.20;-2.10;0.00;13.00;;;;17.00;;;;30.00;;;;;;;;43.00;;;;;;;;;;;;48.00;;;;;;;;;;;;;;;;;;;;;;;;;;;;;;;;;;;;;;;;;;;;;;;;;;;;;;;;;;;;;;;;;;;;;;;;;;;;;;;;;;;;;;;;;;;;;;;;;;;;;;;;;;;;;;;;;;;;;;;;;;;;;;;;;;;;;;;;;;;;;;;;;;;;;;;;;;;;;;;;;;;;;;;;;;;;;;;;;;;;;;;;;;;;;;;;;;;;;;;;;;;;;;;;;;;;;;47.00;;;;;;;;;;;;;;;;;;;;;;;;;;;;;;;;;;;34.00;34.00;35.00;;;;;;;;;;;;;;43.00;41.00;46.00;;;;69.20;;;;;;;;;;;392.20;957.20;130.30;0.00;0.00;130.20;;;;;;;;;;;;;;;;;;;;;;2000.10;2000.10;1;1;;;;;;;;;;;;;;;;;;;;;;;;0.60;0;0;0.00;0.00;;;;;48.00;47.00;48.00;;51.00;51.00;52.00;;48.00;48.00;48.00;;;;;;;;;;;;;0;7.20;8.70;6.20;13.70;14.90;12.50;616;952;395;198;196;1424.00;;;30687738;8.00;;;;;;20.00
1574175600000;2019-11-19T16:00:00.000+0100;;;;;;;;;1.00;64.60;376.70;375.70;377.10;537.00;531.00;531.00;-2.10;;;;;-2.10;-2.10;;;;;;;;;1.0;;;;;;;;;;;;;;;;;;;;;;;;;;;;;;;;;;;;;;;;;;;;50.00;;;;;;;;;;;;;;;;;;;;;;;;;;;;;;;;;;;;;;37.00;47.00;36.00;9.00;;;;29.00;30.00;29.00;;;;;;;;;1550.60;1160.80;109.800;29.500;;;;;;;;;;;;;2000.100;;;;;;;;;;;66.00;65.00;67.00;;;;;;;;;68834;;;;;;;;;;;;;;598.500;;;;;;;;;;;;46.00;34.00;;;;;;;;;;;;;;0;0.00;0.00;;190.40;;3.00;0.60;-2.60;;1.30;2.90;;;;-1.10;;;;7.00;;;;0.70;7.10;4.50;9.00;0.90;7.00;4.70;9.30;0.80;-2.30;-1.90;0.10;14.00;;;;18.00;;;;31.00;;;;;;;;43.00;;;;;;;;;;;;50.00;;;;;;;;;;;;;;;;;;;;;;;;;;;;;;;;;;;;;;;;;;;;;;;;;;;;;;;;;;;;;;;;;;;;;;;;;;;;;;;;;;;;;;;;;;;;;;;;;;;;;;;;;;;;;;;;;;;;;;;;;;;;;;;;;;;;;;;;;;;;;;;;;;;;;;;;;;;;;;;;;;;;;;;;;;;;;;;;;;;;;;;;;;;;;;;;;;;;;;;;;;;;;;;;;;;;;;48.00;;;;;;;;;;;;;;;;;;;;;;;;;;;;;;;;;;;34.00;34.00;35.00;;;;;;;;;;;;;;44.00;41.00;47.00;;;;109.80;;;;;;;;;;;269.60;1025.90;158.50;0.00;0.00;158.50;;;;;;;;;;;;;;;;;;;;;;2000.10;2000.10;1;1;;;;;;;;;;;;;;;;;;;;;;;;1.20;0;0;0.00;0.00;;;;;48.00;48.00;49.00;;52.00;52.00;52.00;;49.00;48.00;49.00;;;;;;;;;;;;;0;7.10;8.50;5.30;13.40;14.90;11.00;599;1021;273;194;194;1405.80;;;30687838;8.00;;;;;;21.00
1574176200000;2019-11-19T16:10:00.000+0100;;;;;;;;;1.00;70.90;377.50;376.40;377.80;588.00;583.00;583.00;-2.10;;;;;-2.10;-2.10;;;;;;;;;1.0;;;;;;;;;;;;;;;;;;;;;;;;;;;;;;;;;;;;;;;;;;;;50.00;;;;;;;;;;;;;;;;;;;;;;;;;;;;;;;;;;;;;;38.00;48.00;36.00;9.00;;;;29.00;30.00;29.00;;;;;;;;;1558.90;1205.00;110.300;34.900;;;;;;;;;;;;;2000.100;;;;;;;;;;;68.00;66.00;69.00;;;;;;;;;68834;;;;;;;;;;;;;;657.600;;;;;;;;;;;;49.00;35.00;;;;;;;;;;;;;;0;0.00;0.00;;195.70;;3.00;0.10;-12.80;;2.90;2.10;;;;-1.80;;;;7.20;;;;0.70;7.30;5.30;10.30;0.90;7.20;4.90;9.30;0.80;-2.20;-2.00;0.10;15.00;;;;18.00;;;;33.00;;;;;;;;43.00;;;;;;;;;;;;51.00;;;;;;;;;;;;;;;;;;;;;;;;;;;;;;;;;;;;;;;;;;;;;;;;;;;;;;;;;;;;;;;;;;;;;;;;;;;;;;;;;;;;;;;;;;;;;;;;;;;;;;;;;;;;;;;;;;;;;;;;;;;;;;;;;;;;;;;;;;;;;;;;;;;;;;;;;;;;;;;;;;;;;;;;;;;;;;;;;;;;;;;;;;;;;;;;;;;;;;;;;;;;;;;;;;;;;;48.00;;;;;;;;;;;;;;;;;;;;;;;;;;;;;;;;;;;34.00;34.00;35.00;;;;;;;;;;;;;;43.00;41.00;47.00;;;;97.60;;;;;;;;;;;326.60;1029.20;152.80;0.00;0.00;152.80;;;;;;;;;;;;;;;;;;;;;;2000.10;2000.10;1;1;;;;;;;;;;;;;;;;;;;;;;;;0.90;0;0;0.00;0.00;;;;;49.00;49.00;49.00;;53.00;52.00;53.00;;49.00;49.00;50.00;;;;;;;;;;;;;0;7.20;8.80;5.70;13.70;14.90;11.60;657;1021;329;190;190;1416.60;;;30687946;8.00;;;;;;21.00
1574176800000;2019-11-19T16:20:00.000+0100;;;;;;;;;1.00;73.90;375.90;374.90;376.20;615.00;609.00;610.00;-2.10;;;;;-2.10;-2.10;;;;;;;;;1.0;;;;;;;;;;;;;;;;;;;;;;;;;;;;;;;;;;;;;;;;;;;;50.00;;;;;;;;;;;;;;;;;;;;;;;;;;;;;;;;;;;;;;38.00;48.00;36.00;9.00;;;;30.00;31.00;30.00;;;;;;;;;1556.20;1183.50;115.400;49.800;;;;;;;;;;;;;2000.100;;;;;;;;;;;70.00;68.00;71.00;;;;;;;;;68834;;;;;;;;;;;;;;685.100;;;;;;;;;;;;51.00;37.00;;;;;;;;;;;;;;0;0.00;0.00;;189.50;;3.00;0.50;0.00;;1.30;2.70;;;;-1.40;;;;7.30;;;;0.70;7.40;4.40;9.80;0.80;7.30;3.80;9.70;0.80;-2.30;-1.70;0.10;15.00;;;;19.00;;;;34.00;;;;;;;;43.00;;;;;;;;;;;;52.00;;;;;;;;;;;;;;;;;;;;;;;;;;;;;;;;;;;;;;;;;;;;;;;;;;;;;;;;;;;;;;;;;;;;;;;;;;;;;;;;;;;;;;;;;;;;;;;;;;;;;;;;;;;;;;;;;;;;;;;;;;;;;;;;;;;;;;;;;;;;;;;;;;;;;;;;;;;;;;;;;;;;;;;;;;;;;;;;;;;;;;;;;;;;;;;;;;;;;;;;;;;;;;;;;;;;;;49.00;;;;;;;;;;;;;;;;;;;;;;;;;;;;;;;;;;;35.00;34.00;35.00;;;;;;;;;;;;;;44.00;42.00;47.00;;;;82.10;;;;;;;;;;;459.30;1071.80;124.00;0.00;0.00;123.90;;;;;;;;;;;;;;;;;;;;;;2000.10;2000.10;1;1;;;;;;;;;;;;;;;;;;;;;;;;0.90;0;0;0.00;0.00;;;;;49.00;49.00;50.00;;53.00;53.00;53.00;;50.00;50.00;50.00;;;;;;;;;;;;;0;7.40;8.80;5.00;13.70;14.90;11.30;685;1068;463;189;190;1441.90;;;30688060;8.00;;;;;;22.00
1574177400000;2019-11-19T16:30:00.000+0100;;;;;;;;;1.00;73.50;375.50;374.40;375.80;612.00;606.00;606.00;-2.10;;;;;-2.10;-2.10;;;;;;;;;1.0;;;;;;;;;;;;;;;;;;;;;;;;;;;;;;;;;;;;;;;;;;;;50.00;;;;;;;;;;;;;;;;;;;;;;;;;;;;;;;;;;;;;;38.00;49.00;36.00;9.00;;;;31.00;32.00;31.00;;;;;;;;;1560.10;1262.60;122.700;30.600;;;;;;;;;;;;;2000.100;;;;;;;;;;;71.00;69.00;72.00;;;;;;;;;68834;;;;;;;;;;;;;;680.900;;;;;;;;;;;;54.00;38.00;;;;;;;;;;;;;;0;0.00;0.00;;189.60;;3.00;0.80;-2.30;;0.80;2.20;;;;-0.80;;;;7.30;;;;0.70;7.30;4.70;10.00;0.90;7.20;5.10;10.20;0.80;-2.30;-2.00;0.10;16.00;;;;19.00;;;;35.00;;;;;;;;44.00;;;;;;;;;;;;52.00;;;;;;;;;;;;;;;;;;;;;;;;;;;;;;;;;;;;;;;;;;;;;;;;;;;;;;;;;;;;;;;;;;;;;;;;;;;;;;;;;;;;;;;;;;;;;;;;;;;;;;;;;;;;;;;;;;;;;;;;;;;;;;;;;;;;;;;;;;;;;;;;;;;;;;;;;;;;;;;;;;;;;;;;;;;;;;;;;;;;;;;;;;;;;;;;;;;;;;;;;;;;;;;;;;;;;;50.00;;;;;;;;;;;;;;;;;;;;;;;;;;;;;;;;;;;35.00;34.00;35.00;;;;;;;;;;;;;;43.00;42.00;48.00;;;;77.90;;;;;;;;;;;278.60;1141.50;180.50;0.00;0.00;180.40;;;;;;;;;;;;;;;;;;;;;;2000.10;2000.10;1;1;;;;;;;;;;;;;;;;;;;;;;;;0.90;0;0;0.00;0.00;;;;;50.00;50.00;50.00;;54.00;53.00;54.00;;51.00;50.00;51.00;;;;;;;;;;;;;0;7.20;9.50;5.60;13.70;14.90;12.20;681;1139;286;191;192;1425.20;;;30688172;8.00;;;;;;22.00
1574178000000;2019-11-19T16:40:00.000+0100;;;;;;;;;1.00;67.40;375.10;374.10;375.50;563.00;557.00;557.00;-2.10;;;;;-2.10;-2.10;;;;;;;;;1.0;;;;;;;;;;;;;;;;;;;;;;;;;;;;;;;;;;;;;;;;;;;;50.00;;;;;;;;;;;;;;;;;;;;;;;;;;;;;;;;;;;;;;38.00;49.00;36.00;9.00;;;;31.00;33.00;32.00;;;;;;;;;1541.00;1208.60;91.600;39.500;;;;;;;;;;;;;2000.100;;;;;;;;;;;71.00;69.00;72.00;;;;;;;;;68835;;;;;;;;;;;;;;624.600;;;;;;;;;;;;56.00;39.00;;;;;;;;;;;;;;0;0.00;0.00;;191.90;;3.00;3.50;0.80;;1.80;5.50;;;;1.70;;;;7.10;;;;0.50;7.20;4.40;9.20;0.80;7.10;4.70;9.00;0.70;-2.40;-1.60;0.10;16.00;;;;18.00;;;;34.00;;;;;;;;44.00;;;;;;;;;;;;53.00;;;;;;;;;;;;;;;;;;;;;;;;;;;;;;;;;;;;;;;;;;;;;;;;;;;;;;;;;;;;;;;;;;;;;;;;;;;;;;;;;;;;;;;;;;;;;;;;;;;;;;;;;;;;;;;;;;;;;;;;;;;;;;;;;;;;;;;;;;;;;;;;;;;;;;;;;;;;;;;;;;;;;;;;;;;;;;;;;;;;;;;;;;;;;;;;;;;;;;;;;;;;;;;;;;;;;;50.00;;;;;;;;;;;;;;;;;;;;;;;;;;;;;;;;;;;35.00;34.00;35.00;;;;;;;;;;;;;;43.00;42.00;44.00;;;;76.10;;;;;;;;;;;363.50;850.80;99.30;0.00;0.00;99.10;;;;;;;;;;;;;;;;;;;;;;2000.10;2000.10;1;1;;;;;;;;;;;;;;;;;;;;;;;;0.60;0;0;0.00;0.00;;;;;51.00;50.00;51.00;;54.00;54.00;55.00;;51.00;51.00;51.00;;;;;;;;;;;;;0;7.10;8.40;5.50;13.40;14.90;11.60;625;845;373;191;194;1404.90;;;30688278;8.00;;;;;;23.00
1574178600000;2019-11-19T16:50:00.000+0100;;;;;;;;;1.00;46.50;375.30;374.30;375.70;388.00;384.00;383.00;-2.10;;;;;-2.10;-2.10;;;;;;;;;1.0;;;;;;;;;;;;;;;;;;;;;;;;;;;;;;;;;;;;;;;;;;;;50.00;;;;;;;;;;;;;;;;;;;;;;;;;;;;;;;;;;;;;;38.00;49.00;35.00;9.00;;;;32.00;33.00;32.00;;;;;;;;;1382.30;1077.60;69.400;25.100;;;;;;;;;;;;;2000.100;;;;;;;;;;;70.00;68.00;71.00;;;;;;;;;68835;;;;;;;;;;;;;;430.300;;;;;;;;;;;;57.00;39.00;;;;;;;;;;;;;;0;0.00;0.00;;194.90;;3.00;3.20;1.70;;0.80;4.90;;;;1.70;;;;6.30;;;;0.50;6.50;4.30;8.90;0.70;6.30;4.10;8.70;0.70;-2.40;-1.30;0.20;17.00;;;;18.00;;;;33.00;;;;;;;;43.00;;;;;;;;;;;;52.00;;;;;;;;;;;;;;;;;;;;;;;;;;;;;;;;;;;;;;;;;;;;;;;;;;;;;;;;;;;;;;;;;;;;;;;;;;;;;;;;;;;;;;;;;;;;;;;;;;;;;;;;;;;;;;;;;;;;;;;;;;;;;;;;;;;;;;;;;;;;;;;;;;;;;;;;;;;;;;;;;;;;;;;;;;;;;;;;;;;;;;;;;;;;;;;;;;;;;;;;;;;;;;;;;;;;;;49.00;;;;;;;;;;;;;;;;;;;;;;;;;;;;;;;;;;;34.00;34.00;35.00;;;;;;;;;;;;;;42.00;42.00;42.00;;;;61.80;;;;;;;;;;;229.30;646.00;65.20;0.00;0.00;65.00;;;;;;;;;;;;;;;;;;;;;;2000.10;2000.10;1;1;;;;;;;;;;;;;;;;;;;;;;;;0.60;0;0;0.00;0.00;;;;;51.00;51.00;51.00;;55.00;55.00;55.00;;52.00;51.00;52.00;;;;;;;;;;;;;0;6.40;7.90;4.90;12.20;13.10;10.40;430;643;230;197;201;1262.90;;;30688350;8.00;;;;;;23.00
1574179200000;2019-11-19T17:00:00.000+0100;;;;;;;;;1.00;50.30;379.80;378.80;380.20;415.00;410.00;410.00;-2.10;;;;;-2.10;-2.10;;;;;;;;;1.0;;;;;;;;;;;;;;;;;;;;;;;;;;;;;;;;;;;;;;;;;;;;50.00;;;;;;;;;;;;;;;;;;;;;;;;;;;;;;;;;;;;;;38.00;49.00;35.00;8.00;;;;32.00;33.00;32.00;;;;;;;;;1470.00;1120.80;100.000;28.100;;;;;;;;;;;;;2000.100;;;;;;;;;;;69.00;67.00;70.00;;;;;;;;;68835;;;;;;;;;;;;;;465.900;;;;;;;;;;;;57.00;40.00;;;;;;;;;;;;;;0;0.00;0.00;;204.60;;3.00;-1.30;-4.70;;0.80;0.20;;;;-2.40;;;;6.50;;;;0.60;6.60;4.50;9.30;0.80;6.60;4.00;9.10;0.80;-2.40;-1.40;0.20;17.00;;;;18.00;;;;32.00;;;;;;;;43.00;;;;;;;;;;;;52.00;;;;;;;;;;;;;;;;;;;;;;;;;;;;;;;;;;;;;;;;;;;;;;;;;;;;;;;;;;;;;;;;;;;;;;;;;;;;;;;;;;;;;;;;;;;;;;;;;;;;;;;;;;;;;;;;;;;;;;;;;;;;;;;;;;;;;;;;;;;;;;;;;;;;;;;;;;;;;;;;;;;;;;;;;;;;;;;;;;;;;;;;;;;;;;;;;;;;;;;;;;;;;;;;;;;;;;49.00;;;;;;;;;;;;;;;;;;;;;;;;;;;;;;;;;;;34.00;34.00;35.00;;;;;;;;;;;;;;42.00;42.00;42.00;;;;79.40;;;;;;;;;;;260.40;930.40;122.00;0.00;0.00;122.00;;;;;;;;;;;;;;;;;;;;;;2000.10;2000.10;1;1;;;;;;;;;;;;;;;;;;;;;;;;0.90;0;0;0.00;0.00;;;;;52.00;51.00;52.00;;55.00;55.00;56.00;;52.00;52.00;53.00;;;;;;;;;;;;;0;6.60;8.20;5.20;12.20;14.00;10.70;466;925;262;205;204;1290.30;;;30688426;8.00;;;;;;23.00
1574179800000;2019-11-19T17:10:00.000+0100;;;;;;;;;1.00;37.40;375.30;374.30;375.70;313.00;310.00;309.00;-2.10;;;;;-2.10;-2.10;;;;;;;;;1.0;;;;;;;;;;;;;;;;;;;;;;;;;;;;;;;;;;;;;;;;;;;;50.00;;;;;;;;;;;;;;;;;;;;;;;;;;;;;;;;;;;;;;38.00;49.00;35.00;8.00;;;;32.00;33.00;32.00;;;;;;;;;1376.60;1003.90;66.800;17.100;;;;;;;;;;;;;2000.100;;;;;;;;;;;68.00;66.00;69.00;;;;;;;;;68835;;;;;;;;;;;;;;347.300;;;;;;;;;;;;57.00;40.00;;;;;;;;;;;;;;0;0.00;0.00;;204.60;;3.00;0.00;-8.90;;2.60;1.80;;;;-1.00;;;;5.90;;;;0.60;6.10;3.80;8.30;0.80;6.00;3.50;7.90;0.80;-2.30;-1.10;0.20;18.00;;;;18.00;;;;31.00;;;;;;;;43.00;;;;;;;;;;;;52.00;;;;;;;;;;;;;;;;;;;;;;;;;;;;;;;;;;;;;;;;;;;;;;;;;;;;;;;;;;;;;;;;;;;;;;;;;;;;;;;;;;;;;;;;;;;;;;;;;;;;;;;;;;;;;;;;;;;;;;;;;;;;;;;;;;;;;;;;;;;;;;;;;;;;;;;;;;;;;;;;;;;;;;;;;;;;;;;;;;;;;;;;;;;;;;;;;;;;;;;;;;;;;;;;;;;;;;48.00;;;;;;;;;;;;;;;;;;;;;;;;;;;;;;;;;;;34.00;34.00;35.00;;;;;;;;;;;;;;42.00;42.00;42.00;;;;101.80;;;;;;;;;;;157.20;620.70;92.40;0.00;0.00;92.40;;;;;;;;;;;;;;;;;;;;;;2000.10;2000.10;1;1;;;;;;;;;;;;;;;;;;;;;;;;0.90;0;0;0.00;0.00;;;;;52.00;52.00;52.00;;56.00;56.00;56.00;;53.00;52.00;53.00;;;;;;;;;;;;;0;6.10;7.40;4.60;11.60;13.10;9.50;347;618;160;204;204;1203.50;;;30688486;8.00;;;;;;24.00
1574180400000;2019-11-19T17:20:00.000+0100;;;;;;;;;1.00;-14.00;373.70;372.70;374.00;304.00;299.00;299.00;-2.10;;;;;-2.10;-2.10;;;;;;;;;1.0;;;;;;;;;;;;;;;;;;;;;;;;;;;;;;;;;;;;;;;;;;;;50.00;;;;;;;;;;;;;;;;;;;;;;;;;;;;;;;;;;;;;;38.00;49.00;35.00;8.00;;;;32.00;33.00;32.00;;;;;;;;;1339.60;1037.60;59.100;-52.800;;;;;;;;;;;;;2000.100;;;;;;;;;;;67.00;65.00;68.00;;;;;;;;;68835;;;;;;;;;;;;;;335.300;;;;;;;;;;;;57.00;40.00;;;;;;;;;;;;;;0;0.00;0.00;;199.80;;3.00;-2.00;-4.20;;2.50;-0.30;;;;-3.50;;;;5.80;;;;0.50;6.10;3.40;8.50;0.70;6.10;3.90;8.20;0.70;-2.20;-1.50;0.10;18.00;;;;18.00;;;;30.00;;;;;;;;43.00;;;;;;;;;;;;52.00;;;;;;;;;;;;;;;;;;;;;;;;;;;;;;;;;;;;;;;;;;;;;;;;;;;;;;;;;;;;;;;;;;;;;;;;;;;;;;;;;;;;;;;;;;;;;;;;;;;;;;;;;;;;;;;;;;;;;;;;;;;;;;;;;;;;;;;;;;;;;;;;;;;;;;;;;;;;;;;;;;;;;;;;;;;;;;;;;;;;;;;;;;;;;;;;;;;;;;;;;;;;;;;;;;;;;;48.00;;;;;;;;;;;;;;;;;;;;;;;;;;;;;;;;;;;34.00;34.00;35.00;;;;;;;;;;;;;;42.00;42.00;42.00;;;;70.10;;;;;;;;;;;153.50;549.10;86.70;0.00;0.00;86.60;;;;;;;;;;;;;;;;;;;;;;2000.10;2000.10;1;1;;;;;;;;;;;;;;;;;;;;;;;;0.60;0;0;0.00;0.00;;;;;52.00;52.00;53.00;;56.00;56.00;56.00;;53.00;53.00;54.00;;;;;;;;;;;;;0;6.10;7.40;4.60;11.60;12.80;9.80;335;546;154;196;194;1205.00;;;30688540;8.00;;;;;;24.00
1574181000000;2019-11-19T17:30:00.000+0100;;;;;;;;;1.00;25.40;375.90;374.80;376.40;472.00;468.00;467.00;-2.10;;;;;-2.10;-2.10;;;;;;;;;1.0;;;;;;;;;;;;;;;;;;;;;;;;;;;;;;;;;;;;;;;;;;;;50.00;;;;;;;;;;;;;;;;;;;;;;;;;;;;;;;;;;;;;;38.00;49.00;35.00;8.00;;;;32.00;33.00;32.00;;;;;;;;;1521.30;1104.40;65.600;-46.800;;;;;;;;;;;;;2000.100;;;;;;;;;;;67.00;65.00;68.00;;;;;;;;;68835;;;;;;;;;;;;;;526.500;;;;;;;;;;;;57.00;40.00;;;;;;;;;;;;;;0;0.00;0.00;;193.20;;3.00;1.70;-5.80;;2.20;3.20;;;;-0.40;;;;6.70;;;;0.60;6.90;4.50;9.50;0.80;6.70;4.40;9.10;0.80;-2.40;-1.20;0.20;18.00;;;;17.00;;;;30.00;;;;;;;;43.00;;;;;;;;;;;;52.00;;;;;;;;;;;;;;;;;;;;;;;;;;;;;;;;;;;;;;;;;;;;;;;;;;;;;;;;;;;;;;;;;;;;;;;;;;;;;;;;;;;;;;;;;;;;;;;;;;;;;;;;;;;;;;;;;;;;;;;;;;;;;;;;;;;;;;;;;;;;;;;;;;;;;;;;;;;;;;;;;;;;;;;;;;;;;;;;;;;;;;;;;;;;;;;;;;;;;;;;;;;;;;;;;;;;;;49.00;;;;;;;;;;;;;;;;;;;;;;;;;;;;;;;;;;;35.00;34.00;35.00;;;;;;;;;;;;;;42.00;42.00;43.00;;;;82.40;;;;;;;;;;;248.40;761.00;113.90;0.00;0.00;113.90;;;;;;;;;;;;;;;;;;;;;;2000.10;2000.10;1;1;;;;;;;;;;;;;;;;;;;;;;;;0.90;0;0;0.00;0.00;;;;;53.00;53.00;53.00;;57.00;56.00;57.00;;54.00;53.00;54.00;;;;;;;;;;;;;0;6.80;8.40;5.20;12.80;14.60;10.70;526;752;248;195;197;1341.40;;;30688630;8.00;;;;;;24.00
1574181600000;2019-11-19T17:40:00.000+0100;;;;;;;;;1.00;38.10;376.60;375.50;377.00;393.00;390.00;389.00;-2.10;;;;;-2.10;-2.10;;;;;;;;;1.0;;;;;;;;;;;;;;;;;;;;;;;;;;;;;;;;;;;;;;;;;;;;50.00;;;;;;;;;;;;;;;;;;;;;;;;;;;;;;;;;;;;;;38.00;50.00;35.00;8.00;;;;32.00;33.00;32.00;;;;;;;;;1419.90;1168.00;55.400;19.000;;;;;;;;;;;;;2000.100;;;;;;;;;;;68.00;66.00;69.00;;;;;;;;;68836;;;;;;;;;;;;;;439.500;;;;;;;;;;;;57.00;40.00;;;;;;;;;;;;;;0;0.00;0.00;;202.70;;3.00;-0.30;-0.30;;1.90;0.80;;;;-2.00;;;;6.40;;;;0.40;6.70;4.30;8.50;0.60;6.50;4.60;8.70;0.60;-2.40;-1.20;0.20;18.00;;;;17.00;;;;32.00;;;;;;;;44.00;;;;;;;;;;;;53.00;;;;;;;;;;;;;;;;;;;;;;;;;;;;;;;;;;;;;;;;;;;;;;;;;;;;;;;;;;;;;;;;;;;;;;;;;;;;;;;;;;;;;;;;;;;;;;;;;;;;;;;;;;;;;;;;;;;;;;;;;;;;;;;;;;;;;;;;;;;;;;;;;;;;;;;;;;;;;;;;;;;;;;;;;;;;;;;;;;;;;;;;;;;;;;;;;;;;;;;;;;;;;;;;;;;;;;49.00;;;;;;;;;;;;;;;;;;;;;;;;;;;;;;;;;;;35.00;34.00;35.00;;;;;;;;;;;;;;42.00;42.00;42.00;;;;61.50;;;;;;;;;;;216.60;640.70;93.60;0.00;0.00;93.50;;;;;;;;;;;;;;;;;;;;;;2000.10;2000.10;1;1;;;;;;;;;;;;;;;;;;;;;;;;0.60;0;0;0.00;0.00;;;;;53.00;53.00;54.00;;57.00;57.00;58.00;;54.00;54.00;54.00;;;;;;;;;;;;;0;6.60;7.60;5.50;12.50;13.70;11.30;440;639;217;203;203;1307.40;;;30688702;8.00;;;;;;24.00
1574182200000;2019-11-19T17:50:00.000+0100;;;;;;;;;1.00;28.40;376.40;375.40;376.80;297.00;294.00;293.00;-2.10;;;;;-2.10;-2.10;;;;;;;;;1.0;;;;;;;;;;;;;;;;;;;;;;;;;;;;;;;;;;;;;;;;;;;;50.00;;;;;;;;;;;;;;;;;;;;;;;;;;;;;;;;;;;;;;38.00;49.00;35.00;8.00;;;;32.00;33.00;32.00;;;;;;;;;1278.10;1035.50;41.500;-17.200;;;;;;;;;;;;;2000.100;;;;;;;;;;;67.00;65.00;68.00;;;;;;;;;68836;;;;;;;;;;;;;;330.900;;;;;;;;;;;;57.00;40.00;;;;;;;;;;;;;;0;0.00;0.00;;201.40;;3.00;2.60;-8.70;;3.20;4.40;;;;1.40;;;;5.80;;;;0.40;6.00;4.50;7.80;0.60;5.90;3.40;7.60;0.60;-2.20;-2.00;0.10;19.00;;;;17.00;;;;33.00;;;;;;;;43.00;;;;;;;;;;;;52.00;;;;;;;;;;;;;;;;;;;;;;;;;;;;;;;;;;;;;;;;;;;;;;;;;;;;;;;;;;;;;;;;;;;;;;;;;;;;;;;;;;;;;;;;;;;;;;;;;;;;;;;;;;;;;;;;;;;;;;;;;;;;;;;;;;;;;;;;;;;;;;;;;;;;;;;;;;;;;;;;;;;;;;;;;;;;;;;;;;;;;;;;;;;;;;;;;;;;;;;;;;;;;;;;;;;;;;48.00;;;;;;;;;;;;;;;;;;;;;;;;;;;;;;;;;;;34.00;34.00;35.00;;;;;;;;;;;;;;42.00;42.00;42.00;;;;60.00;;;;;;;;;;;221.10;480.40;50.20;0.00;0.00;50.10;;;;;;;;;;;;;;;;;;;;;;2000.10;2000.10;1;1;;;;;;;;;;;;;;;;;;;;;;;;0.60;0;0;0.00;0.00;;;;;54.00;54.00;54.00;;58.00;57.00;58.00;;55.00;54.00;55.00;;;;;;;;;;;;;0;6.00;7.20;4.80;11.30;12.20;9.80;331;478;224;195;197;1177.20;;;30688758;8.00;;;;;;25.00
1574182800000;2019-11-19T18:00:00.000+0100;;;;;;;;;1.00;-21.60;374.70;373.80;375.00;320.00;316.00;315.00;-2.10;;;;;-2.10;-2.10;;;;;;;;;1.0;;;;;;;;;;;;;;;;;;;;;;;;;;;;;;;;;;;;;;;;;;;;50.00;;;;;;;;;;;;;;;;;;;;;;;;;;;;;;;;;;;;;;38.00;49.00;35.00;8.00;;;;32.00;33.00;32.00;;;;;;;;;1348.80;1094.30;-14.700;-34.000;;;;;;;;;;;;;2000.100;;;;;;;;;;;66.00;64.00;67.00;;;;;;;;;68836;;;;;;;;;;;;;;355.800;;;;;;;;;;;;57.00;40.00;;;;;;;;;;;;;;0;0.00;0.00;;199.50;;3.00;3.30;-0.30;;0.80;4.40;;;;1.90;;;;6.00;;;;0.40;6.20;3.70;8.20;0.70;6.00;4.00;8.30;0.60;-2.20;-1.80;0.10;19.00;;;;17.00;;;;35.00;;;;;;;;43.00;;;;;;;;;;;;52.00;;;;;;;;;;;;;;;;;;;;;;;;;;;;;;;;;;;;;;;;;;;;;;;;;;;;;;;;;;;;;;;;;;;;;;;;;;;;;;;;;;;;;;;;;;;;;;;;;;;;;;;;;;;;;;;;;;;;;;;;;;;;;;;;;;;;;;;;;;;;;;;;;;;;;;;;;;;;;;;;;;;;;;;;;;;;;;;;;;;;;;;;;;;;;;;;;;;;;;;;;;;;;;;;;;;;;;48.00;;;;;;;;;;;;;;;;;;;;;;;;;;;;;;;;;;;34.00;34.00;35.00;;;;;;;;;;;;;;42.00;42.00;42.00;;;;60.30;;;;;;;;;;;240.50;562.90;67.40;0.00;0.00;67.30;;;;;;;;;;;;;;;;;;;;;;2000.10;2000.10;1;1;;;;;;;;;;;;;;;;;;;;;;;;0.60;0;0;0.00;0.00;;;;;54.00;54.00;54.00;;58.00;58.00;58.00;;55.00;55.00;55.00;;;;;;;;;;;;;0;6.10;7.20;5.00;11.60;12.80;10.40;356;559;243;197;200;1207.70;;;30688816;8.00;;;;;;25.00
1574183400000;2019-11-19T18:10:00.000+0100;;;;;;;;;1.00;-20.20;376.00;375.40;376.50;298.00;293.00;293.00;-2.10;;;;;-2.10;-2.10;;;;;;;;;1.0;;;;;;;;;;;;;;;;;;;;;;;;;;;;;;;;;;;;;;;;;;;;50.00;;;;;;;;;;;;;;;;;;;;;;;;;;;;;;;;;;;;;;38.00;49.00;35.00;8.00;;;;32.00;33.00;32.00;;;;;;;;;1318.10;1084.10;-12.400;-30.100;;;;;;;;;;;;;2000.100;;;;;;;;;;;66.00;64.00;67.00;;;;;;;;;68836;;;;;;;;;;;;;;331.500;;;;;;;;;;;;56.00;40.00;;;;;;;;;;;;;;0;0.00;0.00;;199.60;;3.00;2.50;-4.50;;1.10;3.30;;;;1.30;;;;5.80;;;;0.40;6.20;4.30;8.40;0.60;6.00;3.80;8.00;0.60;-2.20;-1.80;0.10;19.00;;;;17.00;;;;34.00;;;;;;;;43.00;;;;;;;;;;;;52.00;;;;;;;;;;;;;;;;;;;;;;;;;;;;;;;;;;;;;;;;;;;;;;;;;;;;;;;;;;;;;;;;;;;;;;;;;;;;;;;;;;;;;;;;;;;;;;;;;;;;;;;;;;;;;;;;;;;;;;;;;;;;;;;;;;;;;;;;;;;;;;;;;;;;;;;;;;;;;;;;;;;;;;;;;;;;;;;;;;;;;;;;;;;;;;;;;;;;;;;;;;;;;;;;;;;;;;48.00;;;;;;;;;;;;;;;;;;;;;;;;;;;;;;;;;;;34.00;34.00;35.00;;;;;;;;;;;;;;42.00;42.00;42.00;;;;57.00;;;;;;;;;;;202.20;490.20;55.10;0.00;0.00;55.00;;;;;;;;;;;;;;;;;;;;;;2000.10;2000.10;1;1;;;;;;;;;;;;;;;;;;;;;;;;0.60;0;0;0.00;0.00;;;;;54.00;54.00;55.00;;58.00;58.00;58.00;;55.00;55.00;55.00;;;;;;;;;;;;;0;6.10;7.20;5.10;11.60;12.50;10.40;332;488;205;197;199;1201.40;;;30688872;8.00;;;;;;25.00
1574184000000;2019-11-19T18:20:00.000+0100;;;;;;;;;1.00;-21.40;373.50;372.70;373.90;320.00;315.00;314.00;-2.10;;;;;-2.10;-2.10;;;;;;;;;1.0;;;;;;;;;;;;;;;;;;;;;;;;;;;;;;;;;;;;;;;;;;;;50.00;;;;;;;;;;;;;;;;;;;;;;;;;;;;;;;;;;;;;;38.00;49.00;35.00;8.00;;;;31.00;32.00;31.00;;;;;;;;;1299.60;1119.10;-14.300;-30.200;;;;;;;;;;;;;2000.100;;;;;;;;;;;65.00;64.00;67.00;;;;;;;;;68836;;;;;;;;;;;;;;352.800;;;;;;;;;;;;55.00;39.00;;;;;;;;;;;;;;0;0.00;0.00;;199.90;;3.00;1.10;0.60;;1.10;2.40;;;;-0.70;;;;6.00;;;;0.30;6.30;4.70;8.10;0.60;6.10;4.50;7.70;0.50;-2.20;-2.00;0.00;19.00;;;;17.00;;;;33.00;;;;;;;;43.00;;;;;;;;;;;;52.00;;;;;;;;;;;;;;;;;;;;;;;;;;;;;;;;;;;;;;;;;;;;;;;;;;;;;;;;;;;;;;;;;;;;;;;;;;;;;;;;;;;;;;;;;;;;;;;;;;;;;;;;;;;;;;;;;;;;;;;;;;;;;;;;;;;;;;;;;;;;;;;;;;;;;;;;;;;;;;;;;;;;;;;;;;;;;;;;;;;;;;;;;;;;;;;;;;;;;;;;;;;;;;;;;;;;;;48.00;;;;;;;;;;;;;;;;;;;;;;;;;;;;;;;;;;;34.00;34.00;35.00;;;;;;;;;;;;;;42.00;42.00;42.00;;;;45.10;;;;;;;;;;;237.10;492.00;48.80;0.00;0.00;48.70;;;;;;;;;;;;;;;;;;;;;;2000.10;2000.10;1;1;;;;;;;;;;;;;;;;;;;;;;;;0.30;0;0;0.00;0.00;;;;;55.00;55.00;55.00;;59.00;58.00;59.00;;55.00;55.00;56.00;;;;;;;;;;;;;0;6.20;7.10;5.30;11.60;12.50;10.70;353;491;239;200;201;1219.60;;;30688930;8.00;;;;;;24.00
1574184600000;2019-11-19T18:30:00.000+0100;;;;;;;;;1.00;-19.80;373.70;373.00;374.10;295.00;290.00;289.00;-2.10;;;;;-2.10;-2.10;;;;;;;;;1.0;;;;;;;;;;;;;;;;;;;;;;;;;;;;;;;;;;;;;;;;;;;;50.00;;;;;;;;;;;;;;;;;;;;;;;;;;;;;;;;;;;;;;38.00;49.00;35.00;8.00;;;;30.00;32.00;31.00;;;;;;;;;1336.30;1040.30;-10.900;-27.500;;;;;;;;;;;;;2000.100;;;;;;;;;;;65.00;64.00;67.00;;;;;;;;;68836;;;;;;;;;;;;;;325.900;;;;;;;;;;;;54.00;38.00;;;;;;;;;;;;;;0;0.00;0.00;;199.30;;3.00;-2.50;-8.80;;1.00;-0.70;;;;-4.10;;;;5.80;;;;0.40;6.20;4.10;8.20;0.60;6.20;3.90;7.80;0.60;-2.20;-2.10;0.00;19.00;;;;16.00;;;;31.00;;;;;;;;43.00;;;;;;;;;;;;52.00;;;;;;;;;;;;;;;;;;;;;;;;;;;;;;;;;;;;;;;;;;;;;;;;;;;;;;;;;;;;;;;;;;;;;;;;;;;;;;;;;;;;;;;;;;;;;;;;;;;;;;;;;;;;;;;;;;;;;;;;;;;;;;;;;;;;;;;;;;;;;;;;;;;;;;;;;;;;;;;;;;;;;;;;;;;;;;;;;;;;;;;;;;;;;;;;;;;;;;;;;;;;;;;;;;;;;;48.00;;;;;;;;;;;;;;;;;;;;;;;;;;;;;;;;;;;34.00;34.00;35.00;;;;;;;;;;;;;;42.00;42.00;42.00;;;;66.20;;;;;;;;;;;183.70;456.70;59.70;0.00;0.00;59.60;;;;;;;;;;;;;;;;;;;;;;2000.10;2000.10;1;1;;;;;;;;;;;;;;;;;;;;;;;;0.60;0;0;0.00;0.00;;;;;55.00;55.00;55.00;;59.00;59.00;59.00;;56.00;56.00;56.00;;;;;;;;;;;;;0;6.20;7.20;4.60;11.60;12.80;9.80;326;455;184;203;201;1221.40;;;30688986;8.00;;;;;;23.00
1574185200000;2019-11-19T18:40:00.000+0100;;;;;;;;;1.00;-17.50;374.20;373.40;374.50;262.00;257.00;257.00;-2.10;;;;;-2.10;-2.10;;;;;;;;;1.0;;;;;;;;;;;;;;;;;;;;;;;;;;;;;;;;;;;;;;;;;;;;50.00;;;;;;;;;;;;;;;;;;;;;;;;;;;;;;;;;;;;;;38.00;49.00;35.00;8.00;;;;30.00;31.00;30.00;;;;;;;;;1304.10;1021.80;-10.800;-28.500;;;;;;;;;;;;;2000.100;;;;;;;;;;;65.00;63.00;66.00;;;;;;;;;68837;;;;;;;;;;;;;;289.000;;;;;;;;;;;;53.00;37.00;;;;;;;;;;;;;;0;0.00;0.00;;201.00;;3.00;0.30;-4.60;;0.90;1.70;;;;-1.20;;;;5.60;;;;0.40;5.80;3.90;8.30;0.60;5.80;3.50;7.60;0.60;-2.20;-2.10;0.00;19.00;;;;16.00;;;;30.00;;;;;;;;43.00;;;;;;;;;;;;51.00;;;;;;;;;;;;;;;;;;;;;;;;;;;;;;;;;;;;;;;;;;;;;;;;;;;;;;;;;;;;;;;;;;;;;;;;;;;;;;;;;;;;;;;;;;;;;;;;;;;;;;;;;;;;;;;;;;;;;;;;;;;;;;;;;;;;;;;;;;;;;;;;;;;;;;;;;;;;;;;;;;;;;;;;;;;;;;;;;;;;;;;;;;;;;;;;;;;;;;;;;;;;;;;;;;;;;;47.00;;;;;;;;;;;;;;;;;;;;;;;;;;;;;;;;;;;34.00;34.00;34.00;;;;;;;;;;;;;;42.00;41.00;42.00;;;;64.20;;;;;;;;;;;180.40;468.20;67.10;0.00;0.00;66.90;;;;;;;;;;;;;;;;;;;;;;2000.10;2000.10;1;1;;;;;;;;;;;;;;;;;;;;;;;;0.60;0;0;0.00;0.00;;;;;55.00;55.00;55.00;;59.00;59.00;59.00;;56.00;56.00;56.00;;;;;;;;;;;;;0;5.80;7.00;4.70;11.00;12.50;9.80;289;467;181;203;203;1139.10;;;30689032;8.00;;;;;;23.00
1574185800000;2019-11-19T18:50:00.000+0100;;;;;;;;;1.00;-30.50;373.20;372.50;373.60;453.00;448.00;448.00;-2.10;;;;;-2.10;-2.10;;;;;;;;;1.0;;;;;;;;;;;;;;;;;;;;;;;;;;;;;;;;;;;;;;;;;;;;50.00;;;;;;;;;;;;;;;;;;;;;;;;;;;;;;;;;;;;;;38.00;49.00;35.00;8.00;;;;29.00;30.00;29.00;;;;;;;;;1414.80;1249.20;-23.600;-40.300;;;;;;;;;;;;;2000.100;;;;;;;;;;;65.00;64.00;67.00;;;;;;;;;68837;;;;;;;;;;;;;;502.300;;;;;;;;;;;;53.00;37.00;;;;;;;;;;;;;;0;0.00;0.00;;206.50;;3.00;2.40;0.30;;0.70;4.60;;;;-0.20;;;;6.60;;;;0.30;6.80;5.20;8.70;0.50;6.70;4.50;8.80;0.50;-2.20;-1.90;0.10;19.00;;;;16.00;;;;30.00;;;;;;;;43.00;;;;;;;;;;;;52.00;;;;;;;;;;;;;;;;;;;;;;;;;;;;;;;;;;;;;;;;;;;;;;;;;;;;;;;;;;;;;;;;;;;;;;;;;;;;;;;;;;;;;;;;;;;;;;;;;;;;;;;;;;;;;;;;;;;;;;;;;;;;;;;;;;;;;;;;;;;;;;;;;;;;;;;;;;;;;;;;;;;;;;;;;;;;;;;;;;;;;;;;;;;;;;;;;;;;;;;;;;;;;;;;;;;;;;48.00;;;;;;;;;;;;;;;;;;;;;;;;;;;;;;;;;;;35.00;34.00;35.00;;;;;;;;;;;;;;42.00;42.00;42.00;;;;40.30;;;;;;;;;;;389.40;657.00;41.70;0.00;0.00;41.50;;;;;;;;;;;;;;;;;;;;;;2000.10;2000.10;1;1;;;;;;;;;;;;;;;;;;;;;;;;0.30;0;0;0.00;0.00;;;;;55.00;55.00;55.00;;59.00;59.00;59.00;;56.00;56.00;56.00;;;;;;;;;;;;;0;6.70;7.70;6.00;12.80;13.40;11.90;502;655;391;207;209;1332.70;;;30689116;8.00;;;;;;22.00
1574186400000;2019-11-19T19:00:00.000+0100;;;;;;;;;1.00;-20.20;374.20;373.50;374.70;299.00;295.00;294.00;-2.10;;;;;-2.10;-2.10;;;;;;;;;1.0;;;;;;;;;;;;;;;;;;;;;;;;;;;;;;;;;;;;;;;;;;;;50.00;;;;;;;;;;;;;;;;;;;;;;;;;;;;;;;;;;;;;;38.00;49.00;35.00;8.00;;;;29.00;30.00;29.00;;;;;;;;;1282.90;1058.20;-10.900;-28.900;;;;;;;;;;;;;2000.100;;;;;;;;;;;66.00;64.00;67.00;;;;;;;;;68837;;;;;;;;;;;;;;331.300;;;;;;;;;;;;52.00;36.00;;;;;;;;;;;;;;0;0.00;0.00;;212.60;;3.00;2.10;-3.40;;1.40;3.70;;;;0.20;;;;5.80;;;;0.40;6.10;4.40;7.80;0.60;5.90;4.00;8.70;0.60;-2.20;-1.90;0.10;19.00;;;;16.00;;;;31.00;;;;;;;;43.00;;;;;;;;;;;;51.00;;;;;;;;;;;;;;;;;;;;;;;;;;;;;;;;;;;;;;;;;;;;;;;;;;;;;;;;;;;;;;;;;;;;;;;;;;;;;;;;;;;;;;;;;;;;;;;;;;;;;;;;;;;;;;;;;;;;;;;;;;;;;;;;;;;;;;;;;;;;;;;;;;;;;;;;;;;;;;;;;;;;;;;;;;;;;;;;;;;;;;;;;;;;;;;;;;;;;;;;;;;;;;;;;;;;;;48.00;;;;;;;;;;;;;;;;;;;;;;;;;;;;;;;;;;;34.00;34.00;34.00;;;;;;;;;;;;;;42.00;42.00;42.00;;;;58.50;;;;;;;;;;;183.70;478.10;62.00;0.00;0.00;61.90;;;;;;;;;;;;;;;;;;;;;;2000.10;2000.10;1;1;;;;;;;;;;;;;;;;;;;;;;;;0.60;0;0;0.00;0.00;;;;;55.00;55.00;56.00;;59.00;59.00;60.00;;56.00;56.00;56.00;;;;;;;;;;;;;0;6.00;7.00;5.00;11.30;12.20;10.10;332;476;184;214;216;1186.80;;;30689172;8.00;;;;;;22.00
1574187000000;2019-11-19T19:10:00.000+0100;;;;;;;;;1.00;-9.00;372.70;372.00;373.20;135.00;133.00;130.00;-2.10;;;;;-2.10;-2.10;;;;;;;;;1.0;;;;;;;;;;;;;;;;;;;;;;;;;;;;;;;;;;;;;;;;;;;;50.00;;;;;;;;;;;;;;;;;;;;;;;;;;;;;;;;;;;;;;37.00;48.00;35.00;8.00;;;;28.00;29.00;28.00;;;;;;;;;1064.70;916.10;-5.800;-13.900;;;;;;;;;;;;;2000.100;;;;;;;;;;;64.00;62.00;65.00;;;;;;;;;68837;;;;;;;;;;;;;;147.500;;;;;;;;;;;;51.00;36.00;;;;;;;;;;;;;;0;0.00;0.00;;215.70;;3.00;-4.20;-4.20;;0.70;-3.10;;;;-5.10;;;;4.60;;;;0.30;5.00;3.10;6.50;0.50;5.00;3.50;6.80;0.50;-2.20;-2.00;0.00;19.00;;;;16.00;;;;32.00;;;;;;;;43.00;;;;;;;;;;;;50.00;;;;;;;;;;;;;;;;;;;;;;;;;;;;;;;;;;;;;;;;;;;;;;;;;;;;;;;;;;;;;;;;;;;;;;;;;;;;;;;;;;;;;;;;;;;;;;;;;;;;;;;;;;;;;;;;;;;;;;;;;;;;;;;;;;;;;;;;;;;;;;;;;;;;;;;;;;;;;;;;;;;;;;;;;;;;;;;;;;;;;;;;;;;;;;;;;;;;;;;;;;;;;;;;;;;;;;46.00;;;;;;;;;;;;;;;;;;;;;;;;;;;;;;;;;;;34.00;34.00;34.00;;;;;;;;;;;;;;41.00;41.00;42.00;;;;36.40;;;;;;;;;;;97.50;223.40;23.80;0.00;0.00;23.90;;;;;;;;;;;;;;;;;;;;;;2000.10;2000.10;1;1;;;;;;;;;;;;;;;;;;;;;;;;0.30;0;0;0.00;0.00;;;;;56.00;55.00;56.00;;60.00;60.00;60.00;;56.00;56.00;57.00;;;;;;;;;;;;;0;5.00;5.80;4.10;9.50;10.10;8.70;148;223;94;218;214;986.00;;;30689196;8.00;;;;;;22.00
1574187600000;2019-11-19T19:20:00.000+0100;;;;;;;;;1.00;-6.90;372.50;371.70;372.90;105.00;103.00;100.00;-2.10;;;;;-2.10;-2.10;;;;;;;;;1.0;;;;;;;;;;;;;;;;;;;;;;;;;;;;;;;;;;;;;;;;;;;;50.00;;;;;;;;;;;;;;;;;;;;;;;;;;;;;;;;;;;;;;37.00;47.00;35.00;8.00;;;;27.00;29.00;27.00;;;;;;;;;982.70;911.40;-4.900;-9.300;;;;;;;;;;;;;2000.100;;;;;;;;;;;62.00;60.00;63.00;;;;;;;;;68837;;;;;;;;;;;;;;113.600;;;;;;;;;;;;51.00;36.00;;;;;;;;;;;;;;0;0.00;0.00;;211.30;;3.00;-2.80;-8.70;;1.40;-1.20;;;;-4.30;;;;4.30;;;;0.20;4.70;3.10;6.20;0.40;4.70;3.30;6.00;0.40;-2.20;-2.00;0.10;19.00;;;;16.00;;;;33.00;;;;;;;;42.00;;;;;;;;;;;;49.00;;;;;;;;;;;;;;;;;;;;;;;;;;;;;;;;;;;;;;;;;;;;;;;;;;;;;;;;;;;;;;;;;;;;;;;;;;;;;;;;;;;;;;;;;;;;;;;;;;;;;;;;;;;;;;;;;;;;;;;;;;;;;;;;;;;;;;;;;;;;;;;;;;;;;;;;;;;;;;;;;;;;;;;;;;;;;;;;;;;;;;;;;;;;;;;;;;;;;;;;;;;;;;;;;;;;;;44.00;;;;;;;;;;;;;;;;;;;;;;;;;;;;;;;;;;;34.00;34.00;34.00;;;;;;;;;;;;;;41.00;40.00;41.00;;;;17.90;;;;;;;;;;;82.40;149.60;13.60;0.00;0.00;13.60;;;;;;;;;;;;;;;;;;;;;;2000.10;2000.10;1;1;;;;;;;;;;;;;;;;;;;;;;;;0.30;0;0;0.00;0.00;;;;;56.00;56.00;56.00;;60.00;60.00;60.00;;57.00;56.00;57.00;;;;;;;;;;;;;0;4.70;5.30;4.20;9.00;9.50;8.70;114;150;80;213;210;936.40;;;30689216;8.00;;;;;;21.00
1574188200000;2019-11-19T19:30:00.000+0100;;;;;;;;;1.00;-10.80;373.00;372.20;373.30;161.00;159.00;156.00;-2.10;;;;;-2.10;-2.10;;;;;;;;;1.0;;;;;;;;;;;;;;;;;;;;;;;;;;;;;;;;;;;;;;;;;;;;50.00;;;;;;;;;;;;;;;;;;;;;;;;;;;;;;;;;;;;;;37.00;47.00;35.00;8.00;;;;26.00;28.00;27.00;;;;;;;;;1072.20;918.80;-5.800;-15.000;;;;;;;;;;;;;2000.100;;;;;;;;;;;61.00;59.00;62.00;;;;;;;;;68837;;;;;;;;;;;;;;176.900;;;;;;;;;;;;50.00;35.00;;;;;;;;;;;;;;0;0.00;0.00;;209.80;;3.00;1.60;-1.80;;1.10;2.60;;;;0.60;;;;4.90;;;;0.20;5.10;3.70;7.10;0.50;5.00;3.60;6.70;0.40;-2.20;-2.10;0.00;19.00;;;;16.00;;;;34.00;;;;;;;;42.00;;;;;;;;;;;;49.00;;;;;;;;;;;;;;;;;;;;;;;;;;;;;;;;;;;;;;;;;;;;;;;;;;;;;;;;;;;;;;;;;;;;;;;;;;;;;;;;;;;;;;;;;;;;;;;;;;;;;;;;;;;;;;;;;;;;;;;;;;;;;;;;;;;;;;;;;;;;;;;;;;;;;;;;;;;;;;;;;;;;;;;;;;;;;;;;;;;;;;;;;;;;;;;;;;;;;;;;;;;;;;;;;;;;;;44.00;;;;;;;;;;;;;;;;;;;;;;;;;;;;;;;;;;;34.00;34.00;34.00;;;;;;;;;;;;;;40.00;40.00;41.00;;;;34.90;;;;;;;;;;;101.20;244.30;34.70;0.00;0.00;34.70;;;;;;;;;;;;;;;;;;;;;;2000.10;2000.10;1;1;;;;;;;;;;;;;;;;;;;;;;;;0.30;0;0;0.00;0.00;;;;;56.00;56.00;56.00;;60.00;60.00;60.00;;57.00;57.00;57.00;;;;;;;;;;;;;0;5.10;5.70;4.30;9.50;10.10;9.00;177;245;101;213;214;998.50;;;30689244;8.00;;;;;;21.00
1574188800000;2019-11-19T19:40:00.000+0100;;;;;;;;;1.00;-13.00;373.50;372.70;373.70;195.00;191.00;189.00;-2.10;;;;;-2.10;-2.10;;;;;;;;;1.0;;;;;;;;;;;;;;;;;;;;;;;;;;;;;;;;;;;;;;;;;;;;50.00;;;;;;;;;;;;;;;;;;;;;;;;;;;;;;;;;;;;;;37.00;47.00;35.00;8.00;;;;26.00;27.00;26.00;;;;;;;;;1127.40;1013.10;-10.200;-16.000;;;;;;;;;;;;;2000.100;;;;;;;;;;;61.00;59.00;62.00;;;;;;;;;68838;;;;;;;;;;;;;;214.000;;;;;;;;;;;;49.00;35.00;;;;;;;;;;;;;;0;0.00;0.00;;215.70;;3.00;2.40;2.30;;1.00;3.10;;;;0.10;;;;5.10;;;;0.20;5.40;3.40;7.50;0.50;5.30;3.40;7.20;0.50;-2.20;-2.10;0.00;19.00;;;;16.00;;;;35.00;;;;;;;;42.00;;;;;;;;;;;;49.00;;;;;;;;;;;;;;;;;;;;;;;;;;;;;;;;;;;;;;;;;;;;;;;;;;;;;;;;;;;;;;;;;;;;;;;;;;;;;;;;;;;;;;;;;;;;;;;;;;;;;;;;;;;;;;;;;;;;;;;;;;;;;;;;;;;;;;;;;;;;;;;;;;;;;;;;;;;;;;;;;;;;;;;;;;;;;;;;;;;;;;;;;;;;;;;;;;;;;;;;;;;;;;;;;;;;;;44.00;;;;;;;;;;;;;;;;;;;;;;;;;;;;;;;;;;;34.00;34.00;34.00;;;;;;;;;;;;;;40.00;40.00;41.00;;;;26.30;;;;;;;;;;;169.80;260.80;20.40;0.00;0.00;20.40;;;;;;;;;;;;;;;;;;;;;;2000.10;2000.10;1;1;;;;;;;;;;;;;;;;;;;;;;;;0.30;0;0;0.00;0.00;;;;;56.00;56.00;56.00;;60.00;60.00;60.00;;57.00;57.00;57.00;;;;;;;;;;;;;0;5.40;6.00;4.80;10.10;10.70;9.80;214;261;170;213;215;1057.90;;;30689282;8.00;;;;;;21.00
1574189400000;2019-11-19T19:50:00.000+0100;;;;;;;;;1.00;-11.90;373.20;372.40;373.50;178.00;175.00;173.00;-2.10;;;;;-2.10;-2.10;;;;;;;;;1.0;;;;;;;;;;;;;;;;;;;;;;;;;;;;;;;;;;;;;;;;;;;;50.00;;;;;;;;;;;;;;;;;;;;;;;;;;;;;;;;;;;;;;37.00;47.00;35.00;8.00;;;;25.00;27.00;26.00;;;;;;;;;1094.60;966.30;-9.000;-14.600;;;;;;;;;;;;;2000.100;;;;;;;;;;;61.00;59.00;62.00;;;;;;;;;68838;;;;;;;;;;;;;;195.300;;;;;;;;;;;;49.00;35.00;;;;;;;;;;;;;;0;0.00;0.00;;215.50;;3.00;1.40;0.90;;0.40;2.40;;;;0.60;;;;5.00;;;;0.20;5.20;3.40;6.90;0.50;5.20;3.50;6.80;0.40;-2.20;-2.10;0.00;19.00;;;;16.00;;;;34.00;;;;;;;;42.00;;;;;;;;;;;;49.00;;;;;;;;;;;;;;;;;;;;;;;;;;;;;;;;;;;;;;;;;;;;;;;;;;;;;;;;;;;;;;;;;;;;;;;;;;;;;;;;;;;;;;;;;;;;;;;;;;;;;;;;;;;;;;;;;;;;;;;;;;;;;;;;;;;;;;;;;;;;;;;;;;;;;;;;;;;;;;;;;;;;;;;;;;;;;;;;;;;;;;;;;;;;;;;;;;;;;;;;;;;;;;;;;;;;;;44.00;;;;;;;;;;;;;;;;;;;;;;;;;;;;;;;;;;;34.00;34.00;34.00;;;;;;;;;;;;;;40.00;40.00;41.00;;;;31.90;;;;;;;;;;;149.10;235.80;18.20;0.00;0.00;18.30;;;;;;;;;;;;;;;;;;;;;;2000.10;2000.10;1;1;;;;;;;;;;;;;;;;;;;;;;;;0.30;0;0;0.00;0.00;;;;;56.00;56.00;56.00;;60.00;60.00;60.00;;57.00;57.00;57.00;;;;;;;;;;;;;0;5.20;5.80;4.60;9.80;10.40;9.30;195;236;149;213;214;1026.80;;;30689314;8.00;;;;;;21.00
1574190000000;2019-11-19T20:00:00.000+0100;;;;;;;;;1.00;-17.00;373.90;373.20;374.20;253.00;249.00;248.00;-2.10;;;;;-2.10;-2.10;;;;;;;;;1.0;;;;;;;;;;;;;;;;;;;;;;;;;;;;;;;;;;;;;;;;;;;;50.00;;;;;;;;;;;;;;;;;;;;;;;;;;;;;;;;;;;;;;37.00;47.00;35.00;8.00;;;;25.00;26.00;25.00;;;;;;;;;1224.70;1034.60;-11.300;-21.200;;;;;;;;;;;;;2000.100;;;;;;;;;;;61.00;60.00;62.00;;;;;;;;;68838;;;;;;;;;;;;;;279.400;;;;;;;;;;;;48.00;34.00;;;;;;;;;;;;;;0;0.00;0.00;;211.90;;3.00;-3.80;-6.70;;1.00;-2.20;;;;-5.00;;;;5.60;;;;0.30;5.80;4.10;8.00;0.50;5.90;4.40;7.80;0.50;-2.20;-2.10;0.00;19.00;;;;16.00;;;;31.00;;;;;;;;42.00;;;;;;;;;;;;49.00;;;;;;;;;;;;;;;;;;;;;;;;;;;;;;;;;;;;;;;;;;;;;;;;;;;;;;;;;;;;;;;;;;;;;;;;;;;;;;;;;;;;;;;;;;;;;;;;;;;;;;;;;;;;;;;;;;;;;;;;;;;;;;;;;;;;;;;;;;;;;;;;;;;;;;;;;;;;;;;;;;;;;;;;;;;;;;;;;;;;;;;;;;;;;;;;;;;;;;;;;;;;;;;;;;;;;;45.00;;;;;;;;;;;;;;;;;;;;;;;;;;;;;;;;;;;34.00;34.00;34.00;;;;;;;;;;;;;;40.00;40.00;41.00;;;;49.50;;;;;;;;;;;190.80;348.50;39.20;0.00;0.00;39.30;;;;;;;;;;;;;;;;;;;;;;2000.10;2000.10;1;1;;;;;;;;;;;;;;;;;;;;;;;;0.60;0;0;0.00;0.00;;;;;56.00;56.00;56.00;;60.00;60.00;60.00;;57.00;57.00;57.00;;;;;;;;;;;;;0;5.80;6.60;5.10;11.00;11.60;9.80;279;348;190;213;209;1150.10;;;30689358;8.00;;;;;;21.00
1574190600000;2019-11-19T20:10:00.000+0100;;;;;;;;;1.00;-17.20;374.20;373.50;374.50;254.00;252.00;250.00;-2.10;;;;;-2.10;-2.10;;;;;;;;;1.0;;;;;;;;;;;;;;;;;;;;;;;;;;;;;;;;;;;;;;;;;;;;50.00;;;;;;;;;;;;;;;;;;;;;;;;;;;;;;;;;;;;;;37.00;47.00;35.00;8.00;;;;25.00;26.00;25.00;;;;;;;;;1196.90;1050.70;-14.000;-21.600;;;;;;;;;;;;;2000.100;;;;;;;;;;;62.00;60.00;63.00;;;;;;;;;68838;;;;;;;;;;;;;;282.000;;;;;;;;;;;;48.00;34.00;;;;;;;;;;;;;;0;0.00;0.00;;206.10;;3.00;2.40;-9.90;;2.50;4.60;;;;0.30;;;;5.60;;;;0.20;5.90;3.80;8.00;0.50;5.70;3.80;7.30;0.50;-2.20;-2.10;0.00;20.00;;;;16.00;;;;30.00;;;;;;;;42.00;;;;;;;;;;;;49.00;;;;;;;;;;;;;;;;;;;;;;;;;;;;;;;;;;;;;;;;;;;;;;;;;;;;;;;;;;;;;;;;;;;;;;;;;;;;;;;;;;;;;;;;;;;;;;;;;;;;;;;;;;;;;;;;;;;;;;;;;;;;;;;;;;;;;;;;;;;;;;;;;;;;;;;;;;;;;;;;;;;;;;;;;;;;;;;;;;;;;;;;;;;;;;;;;;;;;;;;;;;;;;;;;;;;;;45.00;;;;;;;;;;;;;;;;;;;;;;;;;;;;;;;;;;;34.00;34.00;34.00;;;;;;;;;;;;;;41.00;40.00;41.00;;;;27.50;;;;;;;;;;;234.90;351.30;22.80;0.00;0.00;22.70;;;;;;;;;;;;;;;;;;;;;;2000.10;2000.10;1;1;;;;;;;;;;;;;;;;;;;;;;;;0.30;0;0;0.00;0.00;;;;;56.00;56.00;56.00;;60.00;60.00;60.00;;57.00;57.00;57.00;;;;;;;;;;;;;0;5.80;6.30;4.90;11.00;11.30;10.10;282;349;235;208;210;1143.20;;;30689408;8.00;;;;;;20.00
1574191200000;2019-11-19T20:20:00.000+0100;;;;;;;;;1.00;-17.00;374.60;373.80;374.80;253.00;250.00;248.00;-2.10;;;;;-2.10;-2.10;;;;;;;;;1.0;;;;;;;;;;;;;;;;;;;;;;;;;;;;;;;;;;;;;;;;;;;;50.00;;;;;;;;;;;;;;;;;;;;;;;;;;;;;;;;;;;;;;37.00;47.00;35.00;8.00;;;;24.00;26.00;25.00;;;;;;;;;1186.20;1073.70;-13.700;-21.500;;;;;;;;;;;;;2000.100;;;;;;;;;;;62.00;61.00;63.00;;;;;;;;;68838;;;;;;;;;;;;;;280.400;;;;;;;;;;;;48.00;34.00;;;;;;;;;;;;;;0;0.00;0.00;;211.90;;3.00;2.10;-10.30;;4.30;3.50;;;;0.60;;;;5.60;;;;0.20;5.80;4.40;7.60;0.50;5.70;4.20;7.00;0.50;-2.20;-2.10;0.00;20.00;;;;16.00;;;;30.00;;;;;;;;42.00;;;;;;;;;;;;49.00;;;;;;;;;;;;;;;;;;;;;;;;;;;;;;;;;;;;;;;;;;;;;;;;;;;;;;;;;;;;;;;;;;;;;;;;;;;;;;;;;;;;;;;;;;;;;;;;;;;;;;;;;;;;;;;;;;;;;;;;;;;;;;;;;;;;;;;;;;;;;;;;;;;;;;;;;;;;;;;;;;;;;;;;;;;;;;;;;;;;;;;;;;;;;;;;;;;;;;;;;;;;;;;;;;;;;;45.00;;;;;;;;;;;;;;;;;;;;;;;;;;;;;;;;;;;34.00;34.00;34.00;;;;;;;;;;;;;;41.00;40.00;41.00;;;;30.70;;;;;;;;;;;228.00;351.20;20.70;0.00;0.00;20.60;;;;;;;;;;;;;;;;;;;;;;2000.10;2000.10;1;1;;;;;;;;;;;;;;;;;;;;;;;;0.30;0;0;0.00;0.00;;;;;56.00;56.00;56.00;;60.00;60.00;61.00;;57.00;57.00;57.00;;;;;;;;;;;;;0;5.70;6.30;5.10;10.70;11.30;10.40;280;351;233;210;212;1130.40;;;30689454;8.00;;;;;;20.00
1574191800000;2019-11-19T20:30:00.000+0100;;;;;;;;;1.00;-20.00;374.10;373.40;374.20;298.00;294.00;293.00;-2.10;;;;;-2.10;-2.10;;;;;;;;;1.0;;;;;;;;;;;;;;;;;;;;;;;;;;;;;;;;;;;;;;;;;;;;50.00;;;;;;;;;;;;;;;;;;;;;;;;;;;;;;;;;;;;;;37.00;47.00;35.00;8.00;;;;24.00;26.00;24.00;;;;;;;;;1252.50;1135.50;-15.200;-24.500;;;;;;;;;;;;;2000.100;;;;;;;;;;;63.00;61.00;64.00;;;;;;;;;68838;;;;;;;;;;;;;;329.800;;;;;;;;;;;;47.00;34.00;;;;;;;;;;;;;;0;0.00;0.00;;213.90;;3.00;-0.90;-8.50;;2.50;0.60;;;;-2.60;;;;5.80;;;;0.20;6.10;4.60;8.10;0.50;6.00;4.40;7.80;0.50;-2.20;-2.10;0.00;20.00;;;;16.00;;;;31.00;;;;;;;;43.00;;;;;;;;;;;;49.00;;;;;;;;;;;;;;;;;;;;;;;;;;;;;;;;;;;;;;;;;;;;;;;;;;;;;;;;;;;;;;;;;;;;;;;;;;;;;;;;;;;;;;;;;;;;;;;;;;;;;;;;;;;;;;;;;;;;;;;;;;;;;;;;;;;;;;;;;;;;;;;;;;;;;;;;;;;;;;;;;;;;;;;;;;;;;;;;;;;;;;;;;;;;;;;;;;;;;;;;;;;;;;;;;;;;;;46.00;;;;;;;;;;;;;;;;;;;;;;;;;;;;;;;;;;;34.00;34.00;35.00;;;;;;;;;;;;;;41.00;41.00;41.00;;;;29.20;;;;;;;;;;;254.90;402.00;26.30;0.00;0.00;26.20;;;;;;;;;;;;;;;;;;;;;;2000.10;2000.10;1;1;;;;;;;;;;;;;;;;;;;;;;;;0.30;0;0;0.00;0.00;;;;;57.00;56.00;57.00;;61.00;60.00;61.00;;57.00;57.00;58.00;;;;;;;;;;;;;0;6.10;6.80;5.40;11.30;11.90;11.00;330;401;258;205;204;1193.70;;;30689508;8.00;;;;;;20.00
1574192400000;2019-11-19T20:40:00.000+0100;;;;;;;;;1.00;-19.00;373.80;372.80;373.80;283.00;278.00;278.00;-2.10;;;;;-2.10;-2.10;;;;;;;;;1.0;;;;;;;;;;;;;;;;;;;;;;;;;;;;;;;;;;;;;;;;;;;;50.00;;;;;;;;;;;;;;;;;;;;;;;;;;;;;;;;;;;;;;37.00;47.00;35.00;8.00;;;;24.00;26.00;24.00;;;;;;;;;1257.80;1082.40;-13.500;-24.600;;;;;;;;;;;;;2000.100;;;;;;;;;;;63.00;62.00;64.00;;;;;;;;;68839;;;;;;;;;;;;;;312.600;;;;;;;;;;;;47.00;34.00;;;;;;;;;;;;;;0;0.00;0.00;;203.90;;3.00;0.90;-3.10;;1.80;2.30;;;;-0.90;;;;5.70;;;;0.30;6.00;4.40;7.80;0.50;5.90;4.20;7.20;0.50;-2.20;-2.10;0.00;20.00;;;;16.00;;;;32.00;;;;;;;;43.00;;;;;;;;;;;;50.00;;;;;;;;;;;;;;;;;;;;;;;;;;;;;;;;;;;;;;;;;;;;;;;;;;;;;;;;;;;;;;;;;;;;;;;;;;;;;;;;;;;;;;;;;;;;;;;;;;;;;;;;;;;;;;;;;;;;;;;;;;;;;;;;;;;;;;;;;;;;;;;;;;;;;;;;;;;;;;;;;;;;;;;;;;;;;;;;;;;;;;;;;;;;;;;;;;;;;;;;;;;;;;;;;;;;;;46.00;;;;;;;;;;;;;;;;;;;;;;;;;;;;;;;;;;;34.00;34.00;34.00;;;;;;;;;;;;;;41.00;41.00;41.00;;;;40.90;;;;;;;;;;;228.90;402.20;46.50;0.00;0.00;46.50;;;;;;;;;;;;;;;;;;;;;;2000.10;2000.10;1;1;;;;;;;;;;;;;;;;;;;;;;;;0.30;0;0;0.00;0.00;;;;;57.00;57.00;57.00;;61.00;61.00;61.00;;58.00;58.00;58.00;;;;;;;;;;;;;0;6.00;6.70;5.10;11.30;11.90;10.40;313;401;225;207;208;1179.30;;;30689562;8.00;;;;;;20.00
1574193000000;2019-11-19T20:50:00.000+0100;;;;;;;;;1.00;-15.60;374.00;372.90;374.00;231.00;228.00;227.00;-2.10;;;;;-2.10;-2.10;;;;;;;;;1.0;;;;;;;;;;;;;;;;;;;;;;;;;;;;;;;;;;;;;;;;;;;;50.00;;;;;;;;;;;;;;;;;;;;;;;;;;;;;;;;;;;;;;37.00;47.00;35.00;8.00;;;;24.00;26.00;24.00;;;;;;;;;1149.20;1050.40;-10.600;-19.100;;;;;;;;;;;;;2000.100;;;;;;;;;;;63.00;61.00;64.00;;;;;;;;;68839;;;;;;;;;;;;;;255.500;;;;;;;;;;;;47.00;35.00;;;;;;;;;;;;;;0;0.00;0.00;;211.40;;3.00;1.30;-0.60;;0.80;2.80;;;;-0.10;;;;5.40;;;;0.20;5.70;4.20;8.10;0.50;5.60;3.80;7.20;0.50;-2.20;-2.10;0.00;20.00;;;;16.00;;;;33.00;;;;;;;;43.00;;;;;;;;;;;;49.00;;;;;;;;;;;;;;;;;;;;;;;;;;;;;;;;;;;;;;;;;;;;;;;;;;;;;;;;;;;;;;;;;;;;;;;;;;;;;;;;;;;;;;;;;;;;;;;;;;;;;;;;;;;;;;;;;;;;;;;;;;;;;;;;;;;;;;;;;;;;;;;;;;;;;;;;;;;;;;;;;;;;;;;;;;;;;;;;;;;;;;;;;;;;;;;;;;;;;;;;;;;;;;;;;;;;;;45.00;;;;;;;;;;;;;;;;;;;;;;;;;;;;;;;;;;;34.00;34.00;34.00;;;;;;;;;;;;;;41.00;41.00;41.00;;;;18.80;;;;;;;;;;;180.10;307.70;24.70;0.00;0.00;24.60;;;;;;;;;;;;;;;;;;;;;;2000.10;2000.10;1;1;;;;;;;;;;;;;;;;;;;;;;;;0.30;0;0;0.00;0.00;;;;;57.00;57.00;57.00;;61.00;61.00;61.00;;58.00;58.00;58.00;;;;;;;;;;;;;0;5.60;6.10;5.00;10.40;11.00;10.10;256;307;181;214;215;1103.80;;;30689604;8.00;;;;;;22.00
1574193600000;2019-11-19T21:00:00.000+0100;;;;;;;;;1.00;-12.90;374.70;373.60;374.70;193.00;189.00;188.00;-2.10;;;;;-2.10;-2.10;;;;;;;;;1.0;;;;;;;;;;;;;;;;;;;;;;;;;;;;;;;;;;;;;;;;;;;;50.00;;;;;;;;;;;;;;;;;;;;;;;;;;;;;;;;;;;;;;37.00;47.00;35.00;8.00;;;;25.00;26.00;25.00;;;;;;;;;1126.20;951.60;-10.300;-17.000;;;;;;;;;;;;;2000.100;;;;;;;;;;;62.00;61.00;63.00;;;;;;;;;68839;;;;;;;;;;;;;;212.900;;;;;;;;;;;;47.00;36.00;;;;;;;;;;;;;;0;0.00;0.00;;212.40;;3.00;-0.10;-15.60;;5.00;1.00;;;;-1.50;;;;5.10;;;;0.30;5.40;3.60;7.20;0.50;5.30;3.40;7.10;0.60;-2.20;-2.10;0.00;20.00;;;;16.00;;;;34.00;;;;;;;;43.00;;;;;;;;;;;;49.00;;;;;;;;;;;;;;;;;;;;;;;;;;;;;;;;;;;;;;;;;;;;;;;;;;;;;;;;;;;;;;;;;;;;;;;;;;;;;;;;;;;;;;;;;;;;;;;;;;;;;;;;;;;;;;;;;;;;;;;;;;;;;;;;;;;;;;;;;;;;;;;;;;;;;;;;;;;;;;;;;;;;;;;;;;;;;;;;;;;;;;;;;;;;;;;;;;;;;;;;;;;;;;;;;;;;;;45.00;;;;;;;;;;;;;;;;;;;;;;;;;;;;;;;;;;;34.00;34.00;34.00;;;;;;;;;;;;;;41.00;40.00;41.00;;;;54.60;;;;;;;;;;;176.40;271.70;20.00;0.00;0.00;20.00;;;;;;;;;;;;;;;;;;;;;;2000.10;2000.10;1;1;;;;;;;;;;;;;;;;;;;;;;;;0.60;0;0;0.00;0.00;;;;;57.00;57.00;57.00;;61.00;61.00;62.00;;58.00;58.00;58.00;;;;;;;;;;;;;0;5.30;6.10;4.60;10.10;10.70;9.30;213;272;177;202;202;1056.70;;;30689638;8.00;;;;;;24.00
1574194200000;2019-11-19T21:10:00.000+0100;;;;;;;;;1.00;-12.70;375.50;374.60;375.60;188.00;185.00;184.00;-2.10;;;;;-2.10;-2.10;;;;;;;;;1.0;;;;;;;;;;;;;;;;;;;;;;;;;;;;;;;;;;;;;;;;;;;;49.90;;;;;;;;;;;;;;;;;;;;;;;;;;;;;;;;;;;;;;37.00;47.00;35.00;8.00;;;;25.00;27.00;25.00;;;;;;;;;1125.60;988.90;-10.200;-15.000;;;;;;;;;;;;;2000.100;;;;;;;;;;;62.00;60.00;63.00;;;;;;;;;68839;;;;;;;;;;;;;;208.400;;;;;;;;;;;;48.00;36.00;;;;;;;;;;;;;;0;0.00;0.00;;203.40;;3.00;-2.80;-2.80;;3.70;-1.00;;;;-4.80;;;;5.10;;;;0.20;5.50;3.60;7.00;0.50;5.50;3.80;6.90;0.50;-2.20;-2.10;0.00;20.00;;;;16.00;;;;35.00;;;;;;;;43.00;;;;;;;;;;;;49.00;;;;;;;;;;;;;;;;;;;;;;;;;;;;;;;;;;;;;;;;;;;;;;;;;;;;;;;;;;;;;;;;;;;;;;;;;;;;;;;;;;;;;;;;;;;;;;;;;;;;;;;;;;;;;;;;;;;;;;;;;;;;;;;;;;;;;;;;;;;;;;;;;;;;;;;;;;;;;;;;;;;;;;;;;;;;;;;;;;;;;;;;;;;;;;;;;;;;;;;;;;;;;;;;;;;;;;45.00;;;;;;;;;;;;;;;;;;;;;;;;;;;;;;;;;;;34.00;34.00;34.00;;;;;;;;;;;;;;40.00;40.00;41.00;;;;36.10;;;;;;;;;;;167.60;244.30;13.60;0.00;0.00;13.50;;;;;;;;;;;;;;;;;;;;;;2000.10;2000.10;1;1;;;;;;;;;;;;;;;;;;;;;;;;0.30;0;0;0.00;0.00;;;;;57.00;57.00;57.00;;62.00;62.00;62.00;;58.00;58.00;59.00;;;;;;;;;;;;;0;5.50;6.00;4.60;10.40;10.70;9.50;209;244;168;208;205;1075.80;;;30689674;8.00;;;;;;24.00
1574194800000;2019-11-19T21:20:00.000+0100;;;;;;;;;1.00;-13.40;374.50;373.80;374.70;199.00;196.00;194.00;-2.10;;;;;-2.10;-2.10;;;;;;;;;1.0;;;;;;;;;;;;;;;;;;;;;;;;;;;;;;;;;;;;;;;;;;;;50.00;;;;;;;;;;;;;;;;;;;;;;;;;;;;;;;;;;;;;;37.00;47.00;35.00;8.00;;;;25.00;26.00;25.00;;;;;;;;;1116.70;1007.20;-9.500;-16.400;;;;;;;;;;;;;2000.100;;;;;;;;;;;62.00;60.00;63.00;;;;;;;;;68839;;;;;;;;;;;;;;219.800;;;;;;;;;;;;47.00;36.00;;;;;;;;;;;;;;0;0.00;0.00;;201.80;;3.00;1.00;-6.80;;2.20;2.90;;;;-0.50;;;;5.20;;;;0.20;5.50;3.70;7.30;0.50;5.40;3.40;6.80;0.40;-2.20;-2.10;0.00;20.00;;;;16.00;;;;33.00;;;;;;;;43.00;;;;;;;;;;;;49.00;;;;;;;;;;;;;;;;;;;;;;;;;;;;;;;;;;;;;;;;;;;;;;;;;;;;;;;;;;;;;;;;;;;;;;;;;;;;;;;;;;;;;;;;;;;;;;;;;;;;;;;;;;;;;;;;;;;;;;;;;;;;;;;;;;;;;;;;;;;;;;;;;;;;;;;;;;;;;;;;;;;;;;;;;;;;;;;;;;;;;;;;;;;;;;;;;;;;;;;;;;;;;;;;;;;;;;45.00;;;;;;;;;;;;;;;;;;;;;;;;;;;;;;;;;;;34.00;34.00;34.00;;;;;;;;;;;;;;40.00;40.00;40.00;;;;20.30;;;;;;;;;;;156.50;268.70;24.10;0.00;0.00;24.10;;;;;;;;;;;;;;;;;;;;;;2000.10;2000.10;1;1;;;;;;;;;;;;;;;;;;;;;;;;0.30;0;0;0.00;0.00;;;;;57.00;57.00;58.00;;62.00;62.00;62.00;;58.00;58.00;58.00;;;;;;;;;;;;;0;5.40;5.90;4.80;10.40;10.70;9.50;220;268;157;200;201;1074.00;;;30689710;8.00;;;;;;23.00
1574195400000;2019-11-19T21:30:00.000+0100;;;;;;;;;1.00;-9.10;373.30;372.60;373.50;137.00;134.00;132.00;-2.10;;;;;-2.10;-2.10;;;;;;;;;1.0;;;;;;;;;;;;;;;;;;;;;;;;;;;;;;;;;;;;;;;;;;;;50.00;;;;;;;;;;;;;;;;;;;;;;;;;;;;;;;;;;;;;;37.00;46.00;35.00;8.00;;;;25.00;26.00;25.00;;;;;;;;;1072.50;915.20;-4.600;-13.600;;;;;;;;;;;;;2000.100;;;;;;;;;;;61.00;60.00;62.00;;;;;;;;;68839;;;;;;;;;;;;;;149.600;;;;;;;;;;;;47.00;35.00;;;;;;;;;;;;;;0;0.00;0.00;;197.70;;3.00;-0.70;-6.90;;2.20;0.80;;;;-2.30;;;;4.60;;;;0.30;5.00;3.10;6.70;0.50;5.00;3.60;7.10;0.50;-2.20;-1.90;0.00;20.00;;;;16.00;;;;31.00;;;;;;;;42.00;;;;;;;;;;;;49.00;;;;;;;;;;;;;;;;;;;;;;;;;;;;;;;;;;;;;;;;;;;;;;;;;;;;;;;;;;;;;;;;;;;;;;;;;;;;;;;;;;;;;;;;;;;;;;;;;;;;;;;;;;;;;;;;;;;;;;;;;;;;;;;;;;;;;;;;;;;;;;;;;;;;;;;;;;;;;;;;;;;;;;;;;;;;;;;;;;;;;;;;;;;;;;;;;;;;;;;;;;;;;;;;;;;;;;44.00;;;;;;;;;;;;;;;;;;;;;;;;;;;;;;;;;;;34.00;34.00;34.00;;;;;;;;;;;;;;40.00;40.00;40.00;;;;45.10;;;;;;;;;;;81.10;221.10;32.90;0.00;0.00;32.90;;;;;;;;;;;;;;;;;;;;;;2000.10;2000.10;1;1;;;;;;;;;;;;;;;;;;;;;;;;0.30;0;0;0.00;0.00;;;;;58.00;58.00;58.00;;62.00;62.00;62.00;;59.00;58.00;59.00;;;;;;;;;;;;;0;5.00;5.70;4.10;9.50;10.10;8.70;150;220;81;195;194;991.60;;;30689736;8.00;;;;;;22.00
1574196000000;2019-11-19T21:40:00.000+0100;;;;;;;;;1.00;-10.40;373.50;372.80;373.80;49.00;48.00;45.00;-1.20;;;;;-1.20;-1.20;;;;;;;;;1.0;;;;;;;;;;;;;;;;;;;;;;;;;;;;;;;;;;;;;;;;;;;;50.00;;;;;;;;;;;;;;;;;;;;;;;;;;;;;;;;;;;;;;37.00;46.00;34.00;8.00;;;;24.00;26.00;24.00;;;;;;;;;924.50;914.00;-4.000;-19.200;;;;;;;;;;;;;2000.100;;;;;;;;;;;60.00;58.00;61.00;;;;;;;;;68840;;;;;;;;;;;;;;50.300;;;;;;;;;;;;47.00;34.00;;;;;;;;;;;;;;0;0.00;0.00;;192.00;;3.00;0.30;-1.20;;3.00;1.40;;;;0.30;;;;3.70;;;;0.20;4.00;2.50;5.90;0.40;4.00;2.40;5.50;0.50;-1.90;-0.80;0.30;20.00;;;;16.00;;;;30.00;;;;;;;;42.00;;;;;;;;;;;;48.00;;;;;;;;;;;;;;;;;;;;;;;;;;;;;;;;;;;;;;;;;;;;;;;;;;;;;;;;;;;;;;;;;;;;;;;;;;;;;;;;;;;;;;;;;;;;;;;;;;;;;;;;;;;;;;;;;;;;;;;;;;;;;;;;;;;;;;;;;;;;;;;;;;;;;;;;;;;;;;;;;;;;;;;;;;;;;;;;;;;;;;;;;;;;;;;;;;;;;;;;;;;;;;;;;;;;;;43.00;;;;;;;;;;;;;;;;;;;;;;;;;;;;;;;;;;;34.00;34.00;34.00;;;;;;;;;;;;;;40.00;39.00;40.00;;;;1.50;;;;;;;;;;;28.20;86.60;13.20;0.00;0.00;13.20;;;;;;;;;;;;;;;;;;;;;;2000.10;2000.10;1;1;;;;;;;;;;;;;;;;;;;;;;;;0.00;0;0;0.00;0.00;;;;;58.00;58.00;58.00;;62.00;62.00;62.00;;59.00;58.00;59.00;;;;;;;;;;;;;0;4.00;4.70;3.30;9.00;9.00;8.70;50;88;28;196;196;920.00;;;30689744;8.00;;;;;;22.00
1574196600000;2019-11-19T21:50:00.000+0100;;;;;;;;;1.00;-17.50;374.00;373.30;374.30;63.00;61.00;59.00;-1.40;;;;;-1.40;-1.40;;;;;;;;;1.0;;;;;;;;;;;;;;;;;;;;;;;;;;;;;;;;;;;;;;;;;;;;50.00;;;;;;;;;;;;;;;;;;;;;;;;;;;;;;;;;;;;;;37.00;45.00;34.00;8.00;;;;24.00;25.00;24.00;;;;;;;;;923.90;914.90;-12.900;-22.900;;;;;;;;;;;;;2000.100;;;;;;;;;;;59.00;57.00;60.00;;;;;;;;;68840;;;;;;;;;;;;;;64.500;;;;;;;;;;;;47.00;34.00;;;;;;;;;;;;;;0;0.00;0.00;;189.00;;3.00;-2.00;-2.40;;1.30;-1.30;;;;-2.80;;;;3.80;;;;0.20;4.20;2.30;5.70;0.40;4.20;2.90;5.30;0.40;-1.80;-1.10;0.20;20.00;;;;16.00;;;;30.00;;;;;;;;42.00;;;;;;;;;;;;47.00;;;;;;;;;;;;;;;;;;;;;;;;;;;;;;;;;;;;;;;;;;;;;;;;;;;;;;;;;;;;;;;;;;;;;;;;;;;;;;;;;;;;;;;;;;;;;;;;;;;;;;;;;;;;;;;;;;;;;;;;;;;;;;;;;;;;;;;;;;;;;;;;;;;;;;;;;;;;;;;;;;;;;;;;;;;;;;;;;;;;;;;;;;;;;;;;;;;;;;;;;;;;;;;;;;;;;;42.00;;;;;;;;;;;;;;;;;;;;;;;;;;;;;;;;;;;34.00;34.00;34.00;;;;;;;;;;;;;;39.00;39.00;39.00;;;;1.20;;;;;;;;;;;47.80;83.30;6.00;0.00;0.00;6.00;;;;;;;;;;;;;;;;;;;;;;2000.10;2000.10;1;1;;;;;;;;;;;;;;;;;;;;;;;;0.00;0;0;0.00;0.00;;;;;58.00;58.00;58.00;;62.00;62.00;62.00;;59.00;59.00;59.00;;;;;;;;;;;;;0;4.20;4.70;3.60;9.00;9.00;8.70;65;84;47;189;187;920.00;;;30689754;8.00;;;;;;21.00
1574197200000;2019-11-19T22:00:00.000+0100;;;;;;;;;1.00;-22.50;374.20;373.50;374.50;94.00;91.00;89.00;-2.00;;;;;-2.00;-2.00;;;;;;;;;1.0;;;;;;;;;;;;;;;;;;;;;;;;;;;;;;;;;;;;;;;;;;;;50.00;;;;;;;;;;;;;;;;;;;;;;;;;;;;;;;;;;;;;;37.00;45.00;34.00;8.00;;;;23.00;25.00;24.00;;;;;;;;;935.20;914.90;-17.700;-28.000;;;;;;;;;;;;;2000.100;;;;;;;;;;;58.00;57.00;59.00;;;;;;;;;68840;;;;;;;;;;;;;;99.100;;;;;;;;;;;;46.00;33.00;;;;;;;;;;;;;;0;0.00;0.00;;186.60;;3.00;-0.40;-1.80;;0.50;1.70;;;;-1.50;;;;4.20;;;;0.20;4.50;3.10;6.10;0.40;4.50;3.30;5.80;0.40;-2.20;-1.50;0.20;20.00;;;;16.00;;;;31.00;;;;;;;;42.00;;;;;;;;;;;;47.00;;;;;;;;;;;;;;;;;;;;;;;;;;;;;;;;;;;;;;;;;;;;;;;;;;;;;;;;;;;;;;;;;;;;;;;;;;;;;;;;;;;;;;;;;;;;;;;;;;;;;;;;;;;;;;;;;;;;;;;;;;;;;;;;;;;;;;;;;;;;;;;;;;;;;;;;;;;;;;;;;;;;;;;;;;;;;;;;;;;;;;;;;;;;;;;;;;;;;;;;;;;;;;;;;;;;;;42.00;;;;;;;;;;;;;;;;;;;;;;;;;;;;;;;;;;;34.00;34.00;34.00;;;;;;;;;;;;;;39.00;39.00;39.00;;;;2.70;;;;;;;;;;;69.40;128.80;11.40;0.00;0.00;11.40;;;;;;;;;;;;;;;;;;;;;;2000.10;2000.10;1;1;;;;;;;;;;;;;;;;;;;;;;;;0.00;0;0;0.00;0.00;;;;;58.00;58.00;58.00;;62.00;62.00;62.00;;59.00;59.00;59.00;;;;;;;;;;;;;0;4.50;5.10;4.00;9.00;9.00;8.70;99;129;70;189;188;920.60;;;30689772;8.00;;;;;;21.00
1574197800000;2019-11-19T22:10:00.000+0100;;;;;;;;;1.00;-22.80;374.60;374.00;374.90;112.00;109.00;108.00;-2.10;;;;;-2.10;-2.10;;;;;;;;;1.0;;;;;;;;;;;;;;;;;;;;;;;;;;;;;;;;;;;;;;;;;;;;50.00;;;;;;;;;;;;;;;;;;;;;;;;;;;;;;;;;;;;;;37.00;45.00;35.00;8.00;;;;23.00;25.00;23.00;;;;;;;;;952.50;915.50;-18.000;-30.300;;;;;;;;;;;;;2000.100;;;;;;;;;;;58.00;56.00;59.00;;;;;;;;;68840;;;;;;;;;;;;;;120.500;;;;;;;;;;;;46.00;33.00;;;;;;;;;;;;;;0;0.00;0.00;;189.80;;3.00;3.50;0.00;;1.00;5.30;;;;2.00;;;;4.40;;;;0.20;4.70;2.80;6.40;0.50;4.60;3.00;6.20;0.40;-2.20;-1.80;0.10;20.00;;;;16.00;;;;32.00;;;;;;;;42.00;;;;;;;;;;;;47.00;;;;;;;;;;;;;;;;;;;;;;;;;;;;;;;;;;;;;;;;;;;;;;;;;;;;;;;;;;;;;;;;;;;;;;;;;;;;;;;;;;;;;;;;;;;;;;;;;;;;;;;;;;;;;;;;;;;;;;;;;;;;;;;;;;;;;;;;;;;;;;;;;;;;;;;;;;;;;;;;;;;;;;;;;;;;;;;;;;;;;;;;;;;;;;;;;;;;;;;;;;;;;;;;;;;;;;42.00;;;;;;;;;;;;;;;;;;;;;;;;;;;;;;;;;;;34.00;34.00;34.00;;;;;;;;;;;;;;39.00;39.00;39.00;;;;9.30;;;;;;;;;;;94.70;157.90;12.50;0.00;0.00;12.50;;;;;;;;;;;;;;;;;;;;;;2000.10;2000.10;1;1;;;;;;;;;;;;;;;;;;;;;;;;0.00;0;0;0.00;0.00;;;;;58.00;58.00;58.00;;62.00;62.00;62.00;;59.00;59.00;59.00;;;;;;;;;;;;;0;4.60;5.30;4.20;9.00;9.30;8.70;121;158;91;190;193;926.30;;;30689790;8.00;;;;;;21.00
1574198400000;2019-11-19T22:20:00.000+0100;;;;;;;;;1.00;-18.80;375.40;374.70;375.70;110.00;106.00;105.00;-2.10;;;;;-2.10;-2.10;;;;;;;;;1.0;;;;;;;;;;;;;;;;;;;;;;;;;;;;;;;;;;;;;;;;;;;;50.00;;;;;;;;;;;;;;;;;;;;;;;;;;;;;;;;;;;;;;37.00;45.00;35.00;8.00;;;;23.00;24.00;23.00;;;;;;;;;975.80;913.70;-15.100;-25.900;;;;;;;;;;;;;2000.100;;;;;;;;;;;57.00;56.00;58.00;;;;;;;;;68840;;;;;;;;;;;;;;118.100;;;;;;;;;;;;45.00;33.00;;;;;;;;;;;;;;0;0.00;0.00;;195.60;;3.00;0.40;0.00;;0.30;1.10;;;;-0.50;;;;4.40;;;;0.20;4.70;3.00;6.40;0.50;4.60;3.00;6.80;0.40;-2.20;-1.80;0.10;20.00;;;;16.00;;;;33.00;;;;;;;;42.00;;;;;;;;;;;;47.00;;;;;;;;;;;;;;;;;;;;;;;;;;;;;;;;;;;;;;;;;;;;;;;;;;;;;;;;;;;;;;;;;;;;;;;;;;;;;;;;;;;;;;;;;;;;;;;;;;;;;;;;;;;;;;;;;;;;;;;;;;;;;;;;;;;;;;;;;;;;;;;;;;;;;;;;;;;;;;;;;;;;;;;;;;;;;;;;;;;;;;;;;;;;;;;;;;;;;;;;;;;;;;;;;;;;;;42.00;;;;;;;;;;;;;;;;;;;;;;;;;;;;;;;;;;;34.00;34.00;34.00;;;;;;;;;;;;;;39.00;39.00;39.00;;;;12.80;;;;;;;;;;;96.10;160.40;12.70;0.00;0.00;12.80;;;;;;;;;;;;;;;;;;;;;;2000.10;2000.10;1;1;;;;;;;;;;;;;;;;;;;;;;;;0.00;0;0;0.00;0.00;;;;;58.00;58.00;58.00;;62.00;62.00;62.00;;59.00;59.00;59.00;;;;;;;;;;;;;0;4.70;5.40;4.10;9.00;9.30;8.70;118;161;94;195;195;929.00;;;30689810;8.00;;;;;;21.00
1574199000000;2019-11-19T22:30:00.000+0100;;;;;;;;;1.00;-19.00;375.20;374.60;375.50;111.00;108.00;106.00;-2.00;;;;;-2.00;-2.00;;;;;;;;;1.0;;;;;;;;;;;;;;;;;;;;;;;;;;;;;;;;;;;;;;;;;;;;50.00;;;;;;;;;;;;;;;;;;;;;;;;;;;;;;;;;;;;;;37.00;44.00;35.00;8.00;;;;22.00;24.00;23.00;;;;;;;;;949.60;914.90;-15.800;-23.300;;;;;;;;;;;;;2000.100;;;;;;;;;;;57.00;56.00;58.00;;;;;;;;;68840;;;;;;;;;;;;;;119.700;;;;;;;;;;;;45.00;32.00;;;;;;;;;;;;;;0;0.00;0.00;;194.70;;3.00;3.30;-0.90;;1.00;4.90;;;;1.50;;;;4.40;;;;0.10;4.70;2.90;6.50;0.50;4.60;2.90;6.50;0.40;-2.20;-1.90;0.10;20.00;;;;16.00;;;;34.00;;;;;;;;42.00;;;;;;;;;;;;46.00;;;;;;;;;;;;;;;;;;;;;;;;;;;;;;;;;;;;;;;;;;;;;;;;;;;;;;;;;;;;;;;;;;;;;;;;;;;;;;;;;;;;;;;;;;;;;;;;;;;;;;;;;;;;;;;;;;;;;;;;;;;;;;;;;;;;;;;;;;;;;;;;;;;;;;;;;;;;;;;;;;;;;;;;;;;;;;;;;;;;;;;;;;;;;;;;;;;;;;;;;;;;;;;;;;;;;;42.00;;;;;;;;;;;;;;;;;;;;;;;;;;;;;;;;;;;34.00;34.00;34.00;;;;;;;;;;;;;;39.00;39.00;39.00;;;;4.80;;;;;;;;;;;99.90;144.30;7.70;0.00;0.00;7.70;;;;;;;;;;;;;;;;;;;;;;2000.10;2000.10;1;1;;;;;;;;;;;;;;;;;;;;;;;;0.00;0;0;0.00;0.00;;;;;58.00;58.00;58.00;;62.00;62.00;62.00;;59.00;59.00;59.00;;;;;;;;;;;;;0;4.60;5.00;4.10;9.00;9.30;8.70;120;144;99;195;198;921.80;;;30689832;8.00;;;;;;21.00
1574199600000;2019-11-19T22:40:00.000+0100;;;;;;;;;1.00;-17.40;376.10;375.40;376.30;102.00;98.00;97.00;-2.10;;;;;-2.10;-2.10;;;;;;;;;1.0;;;;;;;;;;;;;;;;;;;;;;;;;;;;;;;;;;;;;;;;;;;;50.00;;;;;;;;;;;;;;;;;;;;;;;;;;;;;;;;;;;;;;37.00;44.00;35.00;8.00;;;;22.00;24.00;23.00;;;;;;;;;954.90;914.90;-13.300;-20.400;;;;;;;;;;;;;2000.100;;;;;;;;;;;57.00;56.00;58.00;;;;;;;;;68841;;;;;;;;;;;;;;109.800;;;;;;;;;;;;44.00;32.00;;;;;;;;;;;;;;0;0.00;0.00;;198.40;;3.00;-2.90;-3.00;;1.80;-1.70;;;;-4.40;;;;4.30;;;;0.20;4.70;2.50;6.00;0.40;4.70;3.10;6.20;0.40;-2.20;-2.00;0.00;20.00;;;;16.00;;;;34.00;;;;;;;;42.00;;;;;;;;;;;;46.00;;;;;;;;;;;;;;;;;;;;;;;;;;;;;;;;;;;;;;;;;;;;;;;;;;;;;;;;;;;;;;;;;;;;;;;;;;;;;;;;;;;;;;;;;;;;;;;;;;;;;;;;;;;;;;;;;;;;;;;;;;;;;;;;;;;;;;;;;;;;;;;;;;;;;;;;;;;;;;;;;;;;;;;;;;;;;;;;;;;;;;;;;;;;;;;;;;;;;;;;;;;;;;;;;;;;;;42.00;;;;;;;;;;;;;;;;;;;;;;;;;;;;;;;;;;;34.00;34.00;34.00;;;;;;;;;;;;;;39.00;39.00;39.00;;;;9.80;;;;;;;;;;;85.90;127.80;7.90;0.00;0.00;7.90;;;;;;;;;;;;;;;;;;;;;;2000.10;2000.10;1;1;;;;;;;;;;;;;;;;;;;;;;;;0.00;0;0;0.00;0.00;;;;;58.00;58.00;58.00;;62.00;62.00;62.00;;59.00;59.00;59.00;;;;;;;;;;;;;0;4.70;5.40;4.10;9.00;9.30;8.70;110;128;81;195;192;929.00;;;30689848;8.00;;;;;;21.00
1574200200000;2019-11-19T22:50:00.000+0100;;;;;;;;;1.00;-14.00;375.60;375.10;376.00;81.00;79.00;78.00;-1.90;;;;;-1.90;-1.90;;;;;;;;;1.0;;;;;;;;;;;;;;;;;;;;;;;;;;;;;;;;;;;;;;;;;;;;50.00;;;;;;;;;;;;;;;;;;;;;;;;;;;;;;;;;;;;;;37.00;44.00;34.00;8.00;;;;22.00;24.00;22.00;;;;;;;;;940.00;915.20;-9.700;-18.200;;;;;;;;;;;;;2000.100;;;;;;;;;;;57.00;56.00;58.00;;;;;;;;;68841;;;;;;;;;;;;;;87.700;;;;;;;;;;;;44.00;32.00;;;;;;;;;;;;;;0;0.00;0.00;;190.50;;3.00;-2.70;-4.50;;0.60;-1.80;;;;-4.20;;;;4.10;;;;0.20;4.50;2.90;6.20;0.40;4.50;2.70;6.20;0.40;-2.20;-1.50;0.20;20.00;;;;16.00;;;;35.00;;;;;;;;42.00;;;;;;;;;;;;46.00;;;;;;;;;;;;;;;;;;;;;;;;;;;;;;;;;;;;;;;;;;;;;;;;;;;;;;;;;;;;;;;;;;;;;;;;;;;;;;;;;;;;;;;;;;;;;;;;;;;;;;;;;;;;;;;;;;;;;;;;;;;;;;;;;;;;;;;;;;;;;;;;;;;;;;;;;;;;;;;;;;;;;;;;;;;;;;;;;;;;;;;;;;;;;;;;;;;;;;;;;;;;;;;;;;;;;;41.00;;;;;;;;;;;;;;;;;;;;;;;;;;;;;;;;;;;34.00;34.00;34.00;;;;;;;;;;;;;;39.00;38.00;39.00;;;;3.90;;;;;;;;;;;61.80;114.40;12.90;0.00;0.00;12.90;;;;;;;;;;;;;;;;;;;;;;2000.10;2000.10;1;1;;;;;;;;;;;;;;;;;;;;;;;;0.00;0;0;0.00;0.00;;;;;58.00;58.00;58.00;;62.00;62.00;62.00;;59.00;59.00;59.00;;;;;;;;;;;;;0;4.50;5.00;4.00;9.00;9.00;8.70;88;114;61;195;192;921.20;;;30689864;8.00;;;;;;20.00
1574200800000;2019-11-19T23:00:00.000+0100;;;;;;;;;1.00;-11.30;376.10;375.50;376.40;59.00;58.00;56.00;-1.50;;;;;-1.50;-1.50;;;;;;;;;1.0;;;;;;;;;;;;;;;;;;;;;;;;;;;;;;;;;;;;;;;;;;;;50.00;;;;;;;;;;;;;;;;;;;;;;;;;;;;;;;;;;;;;;37.00;44.00;34.00;8.00;;;;22.00;24.00;22.00;;;;;;;;;923.60;915.80;-6.900;-15.700;;;;;;;;;;;;;2000.100;;;;;;;;;;;57.00;56.00;58.00;;;;;;;;;68841;;;;;;;;;;;;;;63.100;;;;;;;;;;;;44.00;32.00;;;;;;;;;;;;;;0;0.00;0.00;;190.20;;3.00;-2.60;-6.00;;1.20;-1.80;;;;-3.50;;;;3.80;;;;0.20;4.30;2.60;5.50;0.40;4.30;3.00;5.70;0.40;-1.80;-1.20;0.20;20.00;;;;16.00;;;;34.00;;;;;;;;42.00;;;;;;;;;;;;46.00;;;;;;;;;;;;;;;;;;;;;;;;;;;;;;;;;;;;;;;;;;;;;;;;;;;;;;;;;;;;;;;;;;;;;;;;;;;;;;;;;;;;;;;;;;;;;;;;;;;;;;;;;;;;;;;;;;;;;;;;;;;;;;;;;;;;;;;;;;;;;;;;;;;;;;;;;;;;;;;;;;;;;;;;;;;;;;;;;;;;;;;;;;;;;;;;;;;;;;;;;;;;;;;;;;;;;;41.00;;;;;;;;;;;;;;;;;;;;;;;;;;;;;;;;;;;34.00;34.00;34.00;;;;;;;;;;;;;;38.00;38.00;39.00;;;;1.20;;;;;;;;;;;45.40;78.90;7.70;0.00;0.00;7.70;;;;;;;;;;;;;;;;;;;;;;2000.10;2000.10;1;1;;;;;;;;;;;;;;;;;;;;;;;;0.00;0;0;0.00;0.00;;;;;58.00;58.00;58.00;;62.00;62.00;63.00;;59.00;59.00;59.00;;;;;;;;;;;;;0;4.30;4.70;3.70;9.00;9.00;8.70;63;80;45;188;186;920.00;;;30689874;8.00;;;;;;20.00
1574201400000;2019-11-19T23:10:00.000+0100;;;;;;;;;1.00;-15.60;376.90;376.10;377.20;74.00;73.00;71.00;-1.70;;;;;-1.70;-1.70;;;;;;;;;1.0;;;;;;;;;;;;;;;;;;;;;;;;;;;;;;;;;;;;;;;;;;;;50.00;;;;;;;;;;;;;;;;;;;;;;;;;;;;;;;;;;;;;;37.00;43.00;34.00;8.00;;;;22.00;24.00;22.00;;;;;;;;;923.30;916.40;-12.400;-18.100;;;;;;;;;;;;;2000.100;;;;;;;;;;;57.00;55.00;58.00;;;;;;;;;68841;;;;;;;;;;;;;;79.700;;;;;;;;;;;;44.00;32.00;;;;;;;;;;;;;;0;0.00;0.00;;182.80;;3.00;-2.00;-5.50;;1.10;-2.00;;;;-2.40;;;;4.00;;;;0.20;4.40;2.70;5.80;0.40;4.30;3.10;5.70;0.40;-2.10;-1.30;0.30;20.00;;;;16.00;;;;31.00;;;;;;;;42.00;;;;;;;;;;;;46.00;;;;;;;;;;;;;;;;;;;;;;;;;;;;;;;;;;;;;;;;;;;;;;;;;;;;;;;;;;;;;;;;;;;;;;;;;;;;;;;;;;;;;;;;;;;;;;;;;;;;;;;;;;;;;;;;;;;;;;;;;;;;;;;;;;;;;;;;;;;;;;;;;;;;;;;;;;;;;;;;;;;;;;;;;;;;;;;;;;;;;;;;;;;;;;;;;;;;;;;;;;;;;;;;;;;;;;41.00;;;;;;;;;;;;;;;;;;;;;;;;;;;;;;;;;;;34.00;34.00;34.00;;;;;;;;;;;;;;38.00;38.00;38.00;;;;1.20;;;;;;;;;;;63.80;92.00;5.60;0.00;0.00;5.60;;;;;;;;;;;;;;;;;;;;;;2000.10;2000.10;1;1;;;;;;;;;;;;;;;;;;;;;;;;0.00;0;0;0.00;0.00;;;;;58.00;58.00;58.00;;63.00;62.00;63.00;;59.00;59.00;60.00;;;;;;;;;;;;;0;4.40;4.80;3.80;9.00;9.00;8.70;80;92;62;181;179;920.00;;;30689888;8.00;;;;;;22.00
1574202000000;2019-11-19T23:20:00.000+0100;;;;;;;;;1.00;-13.00;377.10;376.40;377.40;62.00;61.00;59.00;-1.30;;;;;-1.30;-1.30;;;;;;;;;1.0;;;;;;;;;;;;;;;;;;;;;;;;;;;;;;;;;;;;;;;;;;;;50.00;;;;;;;;;;;;;;;;;;;;;;;;;;;;;;;;;;;;;;37.00;43.00;35.00;9.00;;;;22.00;24.00;23.00;;;;;;;;;923.60;915.50;-9.200;-15.500;;;;;;;;;;;;;2000.100;;;;;;;;;;;57.00;55.00;57.00;;;;;;;;;68841;;;;;;;;;;;;;;66.200;;;;;;;;;;;;44.00;32.00;;;;;;;;;;;;;;0;0.00;0.00;;179.40;;3.00;2.80;-2.00;;0.50;4.20;;;;1.80;;;;3.80;;;;0.20;4.10;2.80;5.60;0.50;4.10;2.60;5.80;0.50;-1.70;-1.00;0.20;20.00;;;;16.00;;;;30.00;;;;;;;;42.00;;;;;;;;;;;;46.00;;;;;;;;;;;;;;;;;;;;;;;;;;;;;;;;;;;;;;;;;;;;;;;;;;;;;;;;;;;;;;;;;;;;;;;;;;;;;;;;;;;;;;;;;;;;;;;;;;;;;;;;;;;;;;;;;;;;;;;;;;;;;;;;;;;;;;;;;;;;;;;;;;;;;;;;;;;;;;;;;;;;;;;;;;;;;;;;;;;;;;;;;;;;;;;;;;;;;;;;;;;;;;;;;;;;;;41.00;;;;;;;;;;;;;;;;;;;;;;;;;;;;;;;;;;;34.00;34.00;34.00;;;;;;;;;;;;;;38.00;38.00;38.00;;;;1.20;;;;;;;;;;;48.00;79.20;6.50;0.00;0.00;6.50;;;;;;;;;;;;;;;;;;;;;;2000.10;2000.10;1;1;;;;;;;;;;;;;;;;;;;;;;;;0.00;0;0;0.00;0.00;;;;;59.00;58.00;59.00;;63.00;63.00;63.00;;60.00;60.00;60.00;;;;;;;;;;;;;0;4.10;4.70;3.60;9.00;9.00;8.70;66;83;47;177;180;920.00;;;30689900;8.00;;;;;;24.00
1574202600000;2019-11-19T23:30:00.000+0100;;;;;;;;;0.90;-15.10;377.50;377.10;377.90;36.00;34.00;33.00;-0.90;;;;;-0.90;-0.90;;;;;;;;;1.0;;;;;;;;;;;;;;;;;;;;;;;;;;;;;;;;;;;;;;;;;;;;50.00;;;;;;;;;;;;;;;;;;;;;;;;;;;;;;;;;;;;;;37.00;43.00;34.00;8.00;;;;22.00;24.00;23.00;;;;;;;;;922.70;916.10;-10.000;-21.500;;;;;;;;;;;;;2000.100;;;;;;;;;;;57.00;55.00;57.00;;;;;;;;;68841;;;;;;;;;;;;;;33.300;;;;;;;;;;;;44.00;32.00;;;;;;;;;;;;;;0;0.00;0.00;;180.60;;3.00;3.00;1.30;;1.00;3.70;;;;1.80;;;;3.40;;;;0.20;3.80;2.40;5.60;0.50;3.70;2.30;4.90;0.50;-1.30;-0.60;0.10;20.00;;;;16.00;;;;30.00;;;;;;;;42.00;;;;;;;;;;;;45.00;;;;;;;;;;;;;;;;;;;;;;;;;;;;;;;;;;;;;;;;;;;;;;;;;;;;;;;;;;;;;;;;;;;;;;;;;;;;;;;;;;;;;;;;;;;;;;;;;;;;;;;;;;;;;;;;;;;;;;;;;;;;;;;;;;;;;;;;;;;;;;;;;;;;;;;;;;;;;;;;;;;;;;;;;;;;;;;;;;;;;;;;;;;;;;;;;;;;;;;;;;;;;;;;;;;;;;40.00;;;;;;;;;;;;;;;;;;;;;;;;;;;;;;;;;;;34.00;34.00;34.00;;;;;;;;;;;;;;38.00;38.00;38.00;;;;1.20;;;;;;;;;;;17.70;55.90;8.80;0.00;0.00;8.90;;;;;;;;;;;;;;;;;;;;;;2000.10;2000.10;1;1;;;;;;;;;;;;;;;;;;;;;;;;0.00;0;0;0.00;0.00;;;;;59.00;59.00;59.00;;63.00;63.00;63.00;;60.00;60.00;60.00;;;;;;;;;;;;;0;3.80;4.30;3.10;9.00;9.00;8.70;33;58;16;182;186;920.00;;;30689904;8.00;;;;;;23.00
1574203200000;2019-11-19T23:40:00.000+0100;;;;;;;;;0.80;-18.40;377.90;377.50;378.30;34.00;32.00;31.00;-1.00;;;;;-1.00;-1.00;;;;;;;;;1.0;;;;;;;;;;;;;;;;;;;;;;;;;;;;;;;;;;;;;;;;;;;;50.00;;;;;;;;;;;;;;;;;;;;;;;;;;;;;;;;;;;;;;37.00;43.00;34.00;8.00;;;;22.00;24.00;22.00;;;;;;;;;922.70;916.10;-11.600;-23.100;;;;;;;;;;;;;2000.100;;;;;;;;;;;56.00;55.00;57.00;;;;;;;;;68842;;;;;;;;;;;;;;29.200;;;;;;;;;;;;43.00;32.00;;;;;;;;;;;;;;0;0.00;0.00;;188.70;;3.00;-3.80;-3.90;;1.10;-3.00;;;;-4.10;;;;3.40;;;;0.20;3.90;2.20;5.10;0.40;3.80;2.50;5.30;0.40;-1.30;-0.80;0.10;20.00;;;;16.00;;;;31.00;;;;;;;;42.00;;;;;;;;;;;;45.00;;;;;;;;;;;;;;;;;;;;;;;;;;;;;;;;;;;;;;;;;;;;;;;;;;;;;;;;;;;;;;;;;;;;;;;;;;;;;;;;;;;;;;;;;;;;;;;;;;;;;;;;;;;;;;;;;;;;;;;;;;;;;;;;;;;;;;;;;;;;;;;;;;;;;;;;;;;;;;;;;;;;;;;;;;;;;;;;;;;;;;;;;;;;;;;;;;;;;;;;;;;;;;;;;;;;;;40.00;;;;;;;;;;;;;;;;;;;;;;;;;;;;;;;;;;;34.00;34.00;34.00;;;;;;;;;;;;;;38.00;38.00;38.00;;;;0.90;;;;;;;;;;;16.00;38.50;4.50;0.00;0.00;4.60;;;;;;;;;;;;;;;;;;;;;;2000.10;2000.10;1;1;;;;;;;;;;;;;;;;;;;;;;;;0.00;0;0;0.00;0.00;;;;;59.00;59.00;59.00;;63.00;63.00;63.00;;60.00;60.00;60.00;;;;;;;;;;;;;0;3.90;4.40;3.30;9.00;9.00;8.70;29;42;13;189;185;920.00;;;30689908;8.00;;;;;;22.00
1574203800000;2019-11-19T23:50:00.000+0100;;;;;;;;;0.80;-15.90;378.50;378.10;378.90;27.00;24.00;23.00;-1.00;;;;;-1.00;-1.00;;;;;;;;;1.0;;;;;;;;;;;;;;;;;;;;;;;;;;;;;;;;;;;;;;;;;;;;50.00;;;;;;;;;;;;;;;;;;;;;;;;;;;;;;;;;;;;;;37.00;42.00;34.00;8.00;;;;22.00;24.00;22.00;;;;;;;;;922.40;915.50;-7.700;-23.000;;;;;;;;;;;;;2000.100;;;;;;;;;;;56.00;55.00;57.00;;;;;;;;;68842;;;;;;;;;;;;;;20.300;;;;;;;;;;;;43.00;31.00;;;;;;;;;;;;;;0;0.00;0.00;;183.30;;3.00;-4.60;-6.70;;1.10;-4.10;;;;-5.80;;;;3.30;;;;0.20;3.80;2.10;5.10;0.40;3.70;2.30;5.60;0.50;-1.30;-0.70;0.10;20.00;;;;16.00;;;;32.00;;;;;;;;42.00;;;;;;;;;;;;45.00;;;;;;;;;;;;;;;;;;;;;;;;;;;;;;;;;;;;;;;;;;;;;;;;;;;;;;;;;;;;;;;;;;;;;;;;;;;;;;;;;;;;;;;;;;;;;;;;;;;;;;;;;;;;;;;;;;;;;;;;;;;;;;;;;;;;;;;;;;;;;;;;;;;;;;;;;;;;;;;;;;;;;;;;;;;;;;;;;;;;;;;;;;;;;;;;;;;;;;;;;;;;;;;;;;;;;;40.00;;;;;;;;;;;;;;;;;;;;;;;;;;;;;;;;;;;34.00;34.00;34.00;;;;;;;;;;;;;;38.00;38.00;38.00;;;;0.90;;;;;;;;;;;8.70;30.10;4.00;0.00;0.00;4.10;;;;;;;;;;;;;;;;;;;;;;2000.10;2000.10;1;1;;;;;;;;;;;;;;;;;;;;;;;;0.00;0;0;0.00;0.00;;;;;59.00;59.00;59.00;;63.00;63.00;63.00;;60.00;60.00;60.00;;;;;;;;;;;;;0;3.80;4.60;3.10;9.00;9.00;8.70;20;31;2;189;184;920.00;;;30689914;8.00;;;;;;22.00
