Timestamp;DateTime;T Generatorkuehlluft;T Gear Bearing Temperatur HS-ROT;T Wellenlager;Scheinleistung;U ac;I ac;Operation Mode;Turmauslenkung;Grid Production CosPhi (avg);Blindleistung;Spannung L1-N;Spannung L2-N;Spannung L3-N;Strom L1;Strom L2;Strom L3;Pitch Angle 1 (avg);Gondelumdrehung;Generatordrehzahl;DC Modules;Windabweichung 1 sek;Pitch Angle 2 (avg);Pitch Angle 3 (avg);Blattwinkel 1 (Soll);Blattwinkel 2 (Soll);Blattwinkel 3 (Soll);cos phi (Soll);n-Soll 1;n-Soll 2;Drehmoment;Drehmoment (Soll);Max. Operatingstate;Gondelbild;Windabweichung 10 sek;Schnelllaufzahl;Digital 1;Digital 2;Leistungsschalter Zuschaltungen;Triebstr.beschleunigung;Turmbeschleunigung;Anlagenzustand;Gear Bearing High Speed Shaft Generator Temperature (avg);Hydraulikvordruck;T.1(202);T.2(205);T.3(208);T.4(211);T.5(214);T.6(217);T.7(220);T.8(224);T.9(227);T.10(231);T.11(234);Int.Temp.;T.Sub1(202);T.Sub2(205);T.Sub3(208);T.Sub4(211);T.Sub5(214);T.Sub6(217);T.Sub7(220);T.Sub8(224);T.Sub9(227);T.Sub10(231);T.Sub11(234);Intern T.Sub;Windg. 1+2;T. SAMI;A.Ein(236);A.Ein(239);A.Ein(242);A.Ein(245);A.Aus(400);A.Aus(404);Netz Freq.;Grid voltage;Drehstromsteller Soll;Deviation Wind Direction To Nacelle Direction (avg);Leistungsmittelwert 5 Sek;Leistungsmittelwert 30 Sek;zugeschaltete Blindleistung;Leistungsklasse;Zustand Blatt;Anzahl Komp. Stufen;T Stator;Subtotal Energy Generator 1;Subtotal Energy Generator 2;Subtotal Production Time Generator 1;Subtotal Production Time Generator 2;Subtotal Availability Total Hours;Subtotal Availability Total Error;Subtotal Availability;Subtotal Wind Average;Subtotal Wind Maximum;Subtotal Availability Wind OK Hours;Subtotal Availability Braked Hours;Subtotal Availability External Error Hours;Subtotal Availability Grid Error Hours;Total Energy Generator 1;Total Energy Generator 2;Total Production Time Generator 1;Total Production Time Generator 2;Total Availability Total Hours;Total Availability Total Error;Total Availability;Total Wind Average;Total Wind Maximum;Total Availability Wind OK Hours;Total Availability Braked Hours;Total Availability External Error Hours;Total Availability Grid Error Hours;Blattwinkel;T Hydraulic Oil;T Gear Oil;T Generator Cooling Water;T Spin;Generator Slip Ring Top Temperature (avg);FreeForReuse;T Spin Slip Ring;High Voltage Trafo Phase 1 Temperature (avg);High Voltage Trafo Phase 2 Temperature (avg);High Voltage Trafo Phase 3 Temperature (avg);Event;Event Modul;Air Pressure;Niederschlag;Wingeschwindigkeit (Extern);Windrichtungsabweichung Max;Windrichtungsabweichung Min;Windrichtungsabweichung (Extern);Generatordrehzahl Max;Generatordrehzahl Min;Blindleistung Max;Blindleistung Min;Netzspannung Max;Netzspannung Min;Netzstrom;Netzstrom Max;Netzstrom Min;Statorstrom;Blattwinkel Durchschnitt;Blattwinkel Max;Blattwinkel Min;Leistung Bezug;Scheinleistung Bezug;Scheinleistung Bezug Max;Active Power Reference Value;Reactive Power Reference Value;Schwingungssensor 1 X Achse Max;Schwingungssensor 1 Y Achse Max;Schwingungssensor 2 X Achse Max;Schwingungssensor 2 Y Achse Max;Energie Produktion;Energie Bezug;Blindenergie Produktion;Blindenergie Bezug;Gondelposition Sensor;Statortemperatur L1;Statortemperatur L2;Statortemperatur L3;Blatt1 Motortemperatur;Blatt2 Motortemperatur;Blatt3 Motortemperatur;Umrichter (Generator zu Gleich) Temperatur;Umrichter (Gleich zu Netz) Temperatur;Produktionsstunden;Bezugszaehler;Setpoint frequenzy;t (Total);t (Produktionsbetrieb);t (Innerhalb Windgrenzen);Setpoint voltage;Produktion Zaehler-Lebenszeit kWh;Exported active energy;Exported active energy (red. op-mode);Setpoint in percent;Setpoint active power in percent;Internal setpoint max power;Internal setpoint stop WTG;Internal setpoint start WTG;Betriebsstunden Gen. 1;Betriebsstunden Gen. 2;Grid Possible Power (avg);Air Density;Max. Grid Active Power (Setpoint);Min. Grid Active Power (Setpoint);Max. Possible Grid Active Power (Setpoint);Full Power Operation Time;Power Reduced Operation Time;Min. Operatingstate;Wind Speed 2;Wind Speed 3;Wind Direction 2;Relative Humidity;T Generator Bearing DE;T Generator Bearing NDE;Radiation Module [W/m2];Radiation Horizontal [W/m2];Module Temperature;Wind Speed 4;Wind Speed 5;Wind Speed 6;Wind Speed 7;Wind Speed 8;Wind Direction 3;Wind Direction 4;Temperature Outside 2;Availability Wind Sensor 1;Availability Wind Sensor 2;Active Wind Sector In Period LaPM / Boost);Sector Angle Begin In Period (LaPM / Boost);Sector Angle End In Period (LaPM / Boost);Sector Time In Period (LaPM / Boost);Wind Direction Leading To Power Management (LaPM / Boost);Number Of Currently Main Wind Sensor;Active Wind Sensor;Relative Wind Direction (avg);Relative Wind Direction (min);Relative Wind Direction (max);Relative Wind Direction (stddev);Relative Wind Direction Sensor 1 (avg);Relative Wind Direction Sensor 1 (min);Relative Wind Direction Sensor 1 (max);Relative Wind Direction Sensor 1 (stddev);Relative Wind Direction Sensor 2 (avg);Relative Wind Direction Sensor 2 (min);Relative Wind Direction Sensor 2 (max);Relative Wind Direction Sensor 2 (stddev);Estimated Wind Speed (avg);Estimated Wind Speed (min);Estimated Wind Speed (max);Estimated Wind Speed (stddev);Wind Speed (stddev);Wind Speed Sensor 1 (avg);Wind Speed Sensor 1 (min);Wind Speed Sensor 1 (max);Wind Speed Sensor 1 (stddev);Wind Speed Sensor 2 (avg);Wind Speed Sensor 2 (min);Wind Speed Sensor 2 (max);Wind Speed Sensor 2 (stddev);Pitch Angle 1 (min);Pitch Angle 1 (max);Pitch Angle 1 (stddev);Ground Controller Temperature (avg);Ground Controller Temperature (min);Ground Controller Temperature (max);Ground Controller Temperature (std);Hub Controller Temperature (avg);Hub Controller Temperature (min);Hub Controller Temperature (max);Hub Controller Temperature (stddev);Top Controller Temperature (avg);Top Controller Temperature (min);Top Controller Temperature (max);Top Controller Temperature (stddev);VCP Choke Coil Temperature (avg);VCP Choke Coil Temperature (min);VCP Choke Coil Temperature (max);VCP Choke Coil Temperature (stddev);VCP Temperature (avg);VCP Temperature (min);VCP Temperature (max);VCP Temperature (stddev);VCP Wtr Temperatur (avg);VCP Wtr Temperatur (min);VCP Wtr Temperatur (max);VCP Wtr Temperatur (stddev);Gear Bearing Temperature A (avg);Gear Bearing Temperature A (min);Gear Bearing Temperature A (max);Gear Bearing Temperature A (stddev);Gear Bearing Temperature B (avg);Gear Bearing Temperature B (min);Gear Bearing Temperature B (max);Fermenter Niveau;Fermenter Druck;Fermenter ph-Wert;Fermenter Redoxpotential;Fermenter Temperatur 1;Fermenter Gasanalyse CO2;Fermenter Gasanalyse H2S;Fermenter Gasanalyse CH4;Fermenter Gasanalyse O2;Fermenter TS-Gehalt;Fermenter oTS-Gehalt;Fermenter1 Niveau;Fermenter1 Druck;Fermenter1 ph-Wert;Fermenter1 Redoxpotential;Fermenter1 Temperatur 1;Fermenter1 Gasanalyse CO2;Fermenter1 Gasanalyse H2S;Fermenter1 Gasanalyse CH4;Fermenter1 Gasanalyse O2;Fermenter1 TS-Gehalt;Fermenter1 oTS-Gehalt;Fermenter2 Niveau;Fermenter2 Druck;Fermenter2 ph-Wert;Fermenter2 Redoxpotential;Fermenter2 Temperatur 1;Fermenter2 Gasanalyse CO2;Fermenter2 Gasanalyse H2S;Fermenter2 Gasanalyse CH4;Fermenter2 Gasanalyse O2;Fermenter2 TS-Gehalt;Fermenter2 oTS-Gehalt;Fermenter3 Niveau;Fermenter3 Druck;Fermenter3 ph-Wert;Fermenter3 Redoxpotential;Fermenter3 Temperatur 1;Fermenter3 Gasanalyse CO2;Fermenter3 Gasanalyse H2S;Fermenter3 Gasanalyse CH4;Fermenter3 Gasanalyse O2;Fermenter3 TS-Gehalt;Fermenter3 oTS-Gehalt;Fermenter4 Niveau;Fermenter4 Druck;Fermenter4 ph-Wert;Fermenter4 Redoxpotential;Fermenter4 Temperatur 1;Fermenter4 Gasanalyse CO2;Fermenter4 Gasanalyse H2S;Fermenter4 Gasanalyse CH4;Fermenter4 Gasanalyse O2;Fermenter4 TS-Gehalt;Fermenter4 oTS-Gehalt;Fermenter5 Niveau;Fermenter5 Druck;Fermenter5 ph-Wert;Fermenter5 Redoxpotential;Fermenter5 Temperatur 1;Fermenter5 Gasanalyse CO2;Fermenter5 Gasanalyse H2S;Fermenter5 Gasanalyse CH4;Fermenter5 Gasanalyse O2;Fermenter5 TS-Gehalt;Fermenter5 oTS-Gehalt;Nachgaerer Niveau;Nachgaerer Kopfdruckmessung;Nachgaerer Temperatur 1;Nachgaerer TS-Gehalt;Nachgaerer oTS-Gehalt;Nachgaerer1 Niveau;Nachgaerer1 Kopfdruckmessung;Nachgaerer1 Temperatur 1;Nachgaerer1 TS-Gehalt;Nachgaerer1 oTS-Gehalt;Nachgaerer2 Niveau;Nachgaerer2 Kopfdruckmessung;Nachgaerer2 Temperatur 1;Nachgaerer2 TS-Gehalt;Nachgaerer2 oTS-Gehalt;Nachgaerer3 Niveau;Nachgaerer3 Kopfdruckmessung;Nachgaerer3 Temperatur 1;Nachgaerer3 TS-Gehalt;Nachgaerer3 oTS-Gehalt;Nachgaerer4 Niveau;Nachgaerer4 Kopfdruckmessung;Nachgaerer4 Temperatur 1;Nachgaerer4 TS-Gehalt;Nachgaerer4 oTS-Gehalt;Nachgaerer5 Niveau;Nachgaerer5 Kopfdruckmessung;Nachgaerer5 Temperatur 1;Nachgaerer5 TS-Gehalt;Nachgaerer5 oTS-Gehalt;Rohstofflager Fuellstand;Rohstofflager TS-Gehalt;Rohstofflager oTS-Gehalt;Gasspeicher Fuellstand 1;Gasspeicher Gasdruck;Gasspeicher Temperatur;Gasspeicher1 Fuellstand 1;Gasspeicher1 Gasdruck;Gasspeicher1 Temperatur;Gasspeicher2 Fuellstand 1;Gasspeicher2 Gasdruck;Gasspeicher2 Temperatur;Gasspeicher3 Fuellstand 1;Gasspeicher3 Gasdruck;Gasspeicher3 Temperatur;Gasspeicher4 Fuellstand 1;Gasspeicher4 Gasdruck;Gasspeicher4 Temperatur;Gasspeicher5 Fuellstand 1;Gasspeicher5 Gasdruck;Gasspeicher5 Temperatur;BHKW Leistung;BHKW Gasdurchfluss;BHKW Vorlauftemperatur Fermenter;BHKW Ruecklauftemperatur Fermenter;BHKW Gasanalyse CO2;BHKW Gasanalyse H2S;BHKW Gasanalyse O2;BHKW Gasanalyse CH4;BHKW Gasanalyse H2;BHKW1 Leistung;BHKW1 Gasdurchfluss;BHKW1 Vorlauftemperatur Fermenter;BHKW1 Ruecklauftemperatur Fermenter;BHKW1 Gasanalyse CO2;BHKW1 Gasanalyse H2S;BHKW1 Gasanalyse O2;BHKW1 Gasanalyse CH4;BHKW1 Gasanalyse H2;BHKW2 Leistung;BHKW2 Gasdurchfluss;BHKW2 Vorlauftemperatur Fermenter;BHKW2 Ruecklauftemperatur Fermenter;BHKW2 Gasanalyse CO2;BHKW2 Gasanalyse H2S;BHKW2 Gasanalyse O2;BHKW2 Gasanalyse CH4;BHKW2 Gasanalyse H2;BHKW3 Leistung;BHKW3 Gasdurchfluss;BHKW3 Vorlauftemperatur Fermenter;BHKW3 Ruecklauftemperatur Fermenter;BHKW3 Gasanalyse CO2;BHKW3 Gasanalyse H2S;BHKW3 Gasanalyse O2;BHKW3 Gasanalyse CH4;BHKW3 Gasanalyse H2;BHKW4 Leistung;BHKW4 Gasdurchfluss;BHKW4 Vorlauftemperatur Fermenter;BHKW4 Ruecklauftemperatur Fermenter;BHKW4 Gasanalyse CO2;BHKW4 Gasanalyse H2S;BHKW4 Gasanalyse O2;BHKW4 Gasanalyse CH4;BHKW4 Gasanalyse H2;BHKW5 Leistung;BHKW5 Gasdurchfluss;BHKW5 Vorlauftemperatur Fermenter;BHKW5 Ruecklauftemperatur Fermenter;BHKW5 Gasanalyse CO2;BHKW5 Gasanalyse H2S;BHKW5 Gasanalyse O2;BHKW5 Gasanalyse CH4;BHKW5 Gasanalyse H2;ZM-Pumpe Druckmessung;ZM-Pumpe Temperatur;ZM-Pumpe Durchflussmessung;Durchflussmenge;Leitapparat;Oberpegel;Pegel;BHKW Gesamtleistungsbezug Eigenbedarf;BHKW Gasverbrauch heute;BHKW Gasverbrauch gesamt;Fuellstand Vorgrube;Niederschlag max;Niederschlag min;T Mittelspannungstrafo Windung U ;T Mittelspannungstrafo Windung V;T Mittelspannungstrafo Windung W ;T Mittelspannungstrafo Umbegung;Ice Level;External setpoint power factor;Free For Reuse;Water Flow Rate;Upstream Water Level;Downstream Water Level;Weir Water Level;Setpoint power from grid operator;Setpoint power from direct marketer;Setpoint power from customer;Vmin;Vmax;Vout;Iout;%Wout;Freq;%Cap;Vbat;TupsC;%VAout;Setpoint active power controller;Wind Average of Running plants;Gear Bearing Temperature B (stddev);Gear Bearing Temperature C (avg);Gear Bearing Temperature C (min);Gear Bearing Temperature C (max);Gear Bearing Temperature C (stddev);Gear Bearing Hollow Shaft Generator Temperature (avg);Gear Bearing Hollow Shaft Generator Temperature (min);Gear Bearing Hollow Shaft Generator Temperature (max);Gear Bearing Hollow Shaft Generator Temperature (stddev);Gear Bearing Hollow Shaft Rotor Temperature (avg);Gear Bearing Hollow Shaft Rotor Temperature (min);Gear Bearing Hollow Shaft Rotor Temperature (max);Gear Bearing Hollow Shaft Rotor Temperature (stddev);Gear Bearing High Speed Generator Temperature (min);Gear Bearing High Speed Generator Temperature (max);Gear Bearing High Speed Generator Temperature (stddev);Gear Bearing High Speed Middle Temperature (avg);Gear Bearing High Speed Middle Temperature (min);Gear Bearing High Speed Middle Temperature (max);Gear Bearing High Speed Middle Temperature (stddev);Gear Bearing High Speed Rotor Temperature (avg);Gear Bearing High Speed Rotor Temperature (min);Gear Bearing High Speed Rotor Temperature (max);Gear Bearing High Speed Rotor Temperature (stddev);Gear Bearing Intermediate Shaft 1 Temperature (avg);Gear Bearing Intermediate Shaft 1 Temperature (min);Gear Bearing Intermediate Shaft 1 Temperature (max);Gear Bearing Intermediate Shaft 1 Temperature (stddev);Gear Bearing Intermediate Shaft 2 Temperature (avg);Gear Bearing Intermediate Shaft 2 Temperature (min);Gear Bearing Intermediate Shaft 2 Temperature (max);Gear Bearing Intermediate Shaft 2 Temperature (stddev);Gear Bearing Intermediate Shaft 3 Temperature (avg);Gear Bearing Intermediate Shaft 3 Temperature (min);Gear Bearing Intermediate Shaft 3 Temperature (max);Gear Bearing Intermediate Shaft 3 Temperature (stddev);Gear Cooling Water Temperature (avg);Gear Cooling Water Temperature (min);Gear Cooling Water Temperature (max);Gear Cooling Water Temperature (stddev);Gear Lubrication Oil Temperature (avg);Gear Lubrication Oil Temperature (min);Gear Lubrication Oil Temperature (max);Gear Lubrication Oil Temperature (stddev);Gear Main Bearing Temperature (avg);Gear Main Bearing Temperature (min);Gear Main Bearing Temperature (max);Gear Main Bearing Temperature (stddev);Gear Main Tank Oil Temperature (avg);Gear Main Tank Oil Temperature (min);Gear Main Tank Oil Temperature (max);Gear Main Tank Oil Temperature (stddev);Gear Oil Inlet Temperature (avg);Gear Oil Inlet Temperature (min);Gear Oil Inlet Temperature (max);Gear Oil Inlet Temperature (stddev);Generator RPM (min);Generator RPM (max);Generator RPM (stddev);Generator Slip Ring Top Temperature (min);Generator Slip Ring Top Temperature (max);Generator Slip Ring Top Temperature (stddev);Grid Busbar Temperature (avg);Grid Busbar Temperature (min);Grid Busbar Temperature (max);Grid Busbar Temperature (stddev);Grid Production CosPhi (min);Grid Production CosPhi (max);Grid Production CosPhi (stddev);Grid Possible Power (min);Grid Possible Power (max);Grid Possible Power (stddev);Grid Produced Power Internal Derate State;Grid Produced Power Internal Derate Time;Grid Produced Power Standard Deviation;Grid Rotor (Inverter) Phase 1 Current (avg);Grid Rotor (Inverter) Phase 1 Current (min);Grid Rotor (Inverter) Phase 1 Current (max);Grid Rotor (Inverter) Phase 1 Current (stddec);Grid Rotor (Inverter) Phase 1 Temperature (avg);Grid Rotor (Inverter) Phase 2 Current (avg);Grid Rotor (Inverter) Phase 2 Current (min);Grid Rotor (Inverter) Phase 2 Current (max);Grid Rotor (Inverter) Phase 2 Current (stddev);Grid Rotor (Inverter) Phase 2 Temperature (avg);Grid Rotor (Inverter) Phase 2 Temperature (min);Grid Rotor (Inverter) Phase 2 Temperature (max);Grid Rotor (Inverter) Phase 2 Temperature (stddev);Grid Rotor (Inverter) Phase 3 Current (avg);Grid Rotor (Inverter) Phase 3 Current (min);Grid Rotor (Inverter) Phase 3 Current (max);Grid Rotor (Inverter) Phase 3 Current (stddev);Grid Rotor (Inverter) Phase 3 Temperature (avg);Grid Rotor (Inverter) Phase 3 Temperature (min);Grid Rotor (Inverter) Phase 3 Temperature (max);Grid Rotor (Inverter) Phase 3 Temperature (stddev);Active Power Reference Value (min);Active Power Reference Value (max);Active Power Setting Source;Reactive Power Setting Source;VCRS Chopper Temperature (avg);High Voltage Trafo Air Outlet Temperature (avg);High Voltage Trafo Core Temperature 1 (avg);High Voltage Trafo Core Temperature 1 (min);High Voltage Trafo Core Temperature 1 (max);High Voltage Trafo Core Temperature 1 (stddev);High Voltage Trafo Core Temperature 2 (avg);High Voltage Trafo Core Temperature 2 (min);High Voltage Trafo Core Temperature 2 (max);High Voltage Trafo Core Temperature 2 (stddev);High Voltage Trafo Phase 1 Temperature (min);High Voltage Trafo Phase 1 Temperature (max);High Voltage Trafo Phase 1 Temperature (stddev);High Voltage Trafo Phase 2 Temperature (min);High Voltage Trafo Phase 2 Temperature (max);High Voltage Trafo Phase 2 Temperature (stddev);High Voltage Trafo Phase 3 Temperature (min);High Voltage Trafo Phase 3 Temperature (max);High Voltage Trafo Phase 3 Temperature (stddev);Nacelle Damper Temperature (avg);Nacelle Damper Temperature (min);Nacelle Damper Temperature (max);Nacelle Damper Temperature (stddev);Rotor RPM (stddev);First Active Alarm Parameter 1;First Active Alarm Parameter 2;Tower Acceleration X Axis;Tower Acceleration Y Axis;Yaw Motors Temperature (avg);Yaw Motors Temperature (min);Yaw Motors Temperature (max);Yaw Motors Temperature (stddev);High Voltage Trafo Phase 1 Core Temperature (avg);High Voltage Trafo Phase 1 Core Temperature (min);High Voltage Trafo Phase 1 Core Temperature (max);High Voltage Trafo Phase 1 Core Temperature (stddev);High Voltage Trafo Phase 2 Core Temperature (avg);High Voltage Trafo Phase 2 Core Temperature (min);High Voltage Trafo Phase 2 Core Temperature (max);High Voltage Trafo Phase 2 Core Temperature (stddev);High Voltage Trafo Phase 3 Core Temperature (avg);High Voltage Trafo Phase 3 Core Temperature (min);High Voltage Trafo Phase 3 Core Temperature (max);High Voltage Trafo Phase 3 Core Temperature (stddev);PowerBoost gain (absolute) [kWh];Nacelle Orientation (max) [degrees];Nacelle Orientation (min) [degrees];Regulator power reference [kW];DMI power demand [kW];Utility power demand [kW];Visibility Range (avg);Visibility Range (min);Visibility Range (max);T Outside Ground Level (avg);Calculated By ROTORsoft;Fehlernummer;Windgeschwindigkeit;Windgeschwindigkeit Max;Windgeschwindigkeit Min;Rotor RPM (avg);Rotor RPM (max);Rotor RPM (min);Leistung;Leistung Max;Leistung Min;Gondelposition;Windrichtung;Generator RPM (avg);Stop Fault;Schwingung;Produktion Zaehler;T Outside Nacelle Level (avg);T Gen1;T Gen2;T Getriebe;T Lager A;T Lager B;T Inside Nacelle (avg)
1579388400000;2020-01-19T00:00:00.000+0100;;;;;;;;;1.00;-27.20;401.00;401.50;400.50;223.00;220.00;228.00;-1.30;;;;;-1.30;-1.30;;;;;;;;;1.0;;;;;;;;;;;;;;;;;;;;;;;;;;;;;;;;;;;;;;;;;;;;50.00;;;;;;;;;;;;;;;;;;;;;;;;;;;;;;;;;;;;;;35.00;50.00;;8.00;28.00;;;40.00;43.00;40.00;;;;;;;;;1463.70;1232.50;-18.600;-30.500;;;;;;;;;;;;;2000.100;-22.000;;;;;;;;;;58.00;59.00;58.00;;;;;35.00;;;;0;;;;;;;;;;;;;;263.900;;;;;;;;;;;;49.00;40.00;;;;;;;;;;;;;;0;0.00;0.00;;273.30;;3.00;2.70;-5.40;;1.90;3.20;;;;2.60;;;;5.40;;;;0.80;5.20;2.70;8.60;1.00;5.20;2.90;8.00;0.90;-2.40;-0.10;0.60;;;;;18.00;;;;30.00;;;;67.00;;;;34.00;;;;35.00;;;;;;;;50.00;;;;;;;;;;;;;;;;;;;;;;;;;;;;;;;;;;;;;;;;;;;;;;;;;;;;;;;;;;;;;;;;;;;;;;;;;;;;;;;;;;;;;;;;;;;;;;;;;;;;;;;;;;;;;;;;;;;;;;;;;;;;;;;;;;;;;;;;;;;;;;;;;;;;;;;;;;;;;;;;;;;;;;;;;;;;;;;;;;;;;;;;;;;;;;;;;;;;;;;;;;;;;;;;;;;;;;54.00;;;;;;;;;;;;;;;;;;;;;;;;;;;;;;;;;;;;;;;;;;;;;;;;;;;44.00;44.00;44.00;;;;45.40;;;;26.00;;;;;;;135.10;561.50;87.80;0.00;0.00;87.60;;;;;37.00;;;;;36.00;;;;;;;;37.00;;;;2000.10;2000.10;1;1;;;;;;;;;;;;;;;;;;;;;;;;0.30;0;0;0.00;0.00;;;;;;;;;;;;;;;;;;;;;;;;;;;;0;5.20;7.50;3.60;11.30;12.80;11.00;264;552;137;272;275;1269.50;;;32275456;4.00;;;;;;21.00
1579389000000;2020-01-19T00:10:00.000+0100;;;;;;;;;1.00;-22.60;400.30;400.70;399.70;140.00;137.00;144.00;-0.80;;;;;-0.80;-0.80;;;;;;;;;1.0;;;;;;;;;;;;;;;;;;;;;;;;;;;;;;;;;;;;;;;;;;;;50.00;;;;;;;;;;;;;;;;;;;;;;;;;;;;;;;;;;;;;;35.00;50.00;;8.00;28.00;;;40.00;43.00;40.00;;;;;;;;;1341.70;1231.30;-17.300;-29.000;;;;;;;;;;;;;2000.100;-18.000;;;;;;;;;;58.00;58.00;58.00;;;;;34.00;;;;0;;;;;;;;;;;;;;161.900;;;;;;;;;;;;49.00;39.00;;;;;;;;;;;;;;0;0.00;0.00;;276.60;;3.00;4.20;0.20;;1.80;3.90;;;;3.50;;;;4.80;;;;0.70;4.60;2.10;7.50;0.90;4.70;2.10;7.60;0.80;-2.30;0.50;0.60;;;;;18.00;;;;31.00;;;;67.00;;;;34.00;;;;35.00;;;;;;;;48.00;;;;;;;;;;;;;;;;;;;;;;;;;;;;;;;;;;;;;;;;;;;;;;;;;;;;;;;;;;;;;;;;;;;;;;;;;;;;;;;;;;;;;;;;;;;;;;;;;;;;;;;;;;;;;;;;;;;;;;;;;;;;;;;;;;;;;;;;;;;;;;;;;;;;;;;;;;;;;;;;;;;;;;;;;;;;;;;;;;;;;;;;;;;;;;;;;;;;;;;;;;;;;;;;;;;;;;53.00;;;;;;;;;;;;;;;;;;;;;;;;;;;;;;;;;;;;;;;;;;;;;;;;;;;44.00;44.00;44.00;;;;17.60;;;;25.00;;;;;;;39.30;420.00;60.10;0.00;0.00;59.80;;;;;37.00;;;;;36.00;;;;;;;;37.00;;;;2000.10;2000.10;1;1;;;;;;;;;;;;;;;;;;;;;;;;0.30;0;0;0.00;0.00;;;;;;;;;;;;;;;;;;;;;;;;;;;;0;4.60;6.90;3.10;11.00;11.90;11.00;161;407;41;276;281;1253.90;;;32275482;4.00;;;;;;21.00
1579389600000;2020-01-19T00:20:00.000+0100;;;;;;;;;1.00;-27.30;399.80;400.30;399.20;108.00;107.00;112.00;-0.50;;;;;-0.50;-0.50;;;;;;;;;1.0;;;;;;;;;;;;;;;;;;;;;;;;;;;;;;;;;;;;;;;;;;;;50.00;;;;;;;;;;;;;;;;;;;;;;;;;;;;;;;;;;;;;;35.00;49.00;;8.00;28.00;;;40.00;43.00;40.00;;;;;;;;;1288.90;1236.90;-17.500;-30.500;;;;;;;;;;;;;2000.100;-29.000;;;;;;;;;;57.00;58.00;58.00;;;;;34.00;;;;0;;;;;;;;;;;;;;120.400;;;;;;;;;;;;49.00;39.00;;;;;;;;;;;;;;0;0.00;0.00;;283.30;;3.00;2.00;-25.70;;6.60;2.30;;;;2.20;;;;4.50;;;;0.70;4.30;1.90;8.20;0.90;4.30;1.40;7.90;0.80;-2.30;0.90;0.60;;;;;18.00;;;;31.00;;;;67.00;;;;34.00;;;;35.00;;;;;;;;47.00;;;;;;;;;;;;;;;;;;;;;;;;;;;;;;;;;;;;;;;;;;;;;;;;;;;;;;;;;;;;;;;;;;;;;;;;;;;;;;;;;;;;;;;;;;;;;;;;;;;;;;;;;;;;;;;;;;;;;;;;;;;;;;;;;;;;;;;;;;;;;;;;;;;;;;;;;;;;;;;;;;;;;;;;;;;;;;;;;;;;;;;;;;;;;;;;;;;;;;;;;;;;;;;;;;;;;;53.00;;;;;;;;;;;;;;;;;;;;;;;;;;;;;;;;;;;;;;;;;;;;;;;;;;;44.00;43.00;44.00;;;;6.00;;;;25.00;;;;;;;31.40;279.90;52.40;0.00;0.00;52.10;;;;;37.00;;;;;36.00;;;;;;;;36.00;;;;2000.10;2000.10;1;1;;;;;;;;;;;;;;;;;;;;;;;;0.00;0;0;0.00;0.00;;;;;;;;;;;;;;;;;;;;;;;;;;;;0;4.30;6.60;2.40;11.00;11.30;11.00;120;272;33;279;281;1250.40;;;32275502;4.00;;;;;;21.00
1579390200000;2020-01-19T00:30:00.000+0100;;;;;;;;;0.90;-29.80;399.40;399.90;398.80;78.00;78.00;82.00;0.00;;;;;0.00;0.00;;;;;;;;;1.0;;;;;;;;;;;;;;;;;;;;;;;;;;;;;;;;;;;;;;;;;;;;50.00;;;;;;;;;;;;;;;;;;;;;;;;;;;;;;;;;;;;;;35.00;49.00;;8.00;28.00;;;40.00;43.00;39.00;;;;;;;;;1280.20;1236.30;-25.600;-33.900;;;;;;;;;;;;;2000.100;-29.000;;;;;;;;;;57.00;58.00;58.00;;;;;34.00;;;;0;;;;;;;;;;;;;;79.000;;;;;;;;;;;;49.00;39.00;;;;;;;;;;;;;;0;0.00;0.00;;283.60;;3.00;-0.80;-15.50;;5.10;-0.30;;;;-0.40;;;;4.10;;;;0.60;3.90;1.40;6.40;0.80;3.90;1.50;6.10;0.80;-1.60;0.80;0.60;;;;;18.00;;;;31.00;;;;66.00;;;;34.00;;;;35.00;;;;;;;;46.00;;;;;;;;;;;;;;;;;;;;;;;;;;;;;;;;;;;;;;;;;;;;;;;;;;;;;;;;;;;;;;;;;;;;;;;;;;;;;;;;;;;;;;;;;;;;;;;;;;;;;;;;;;;;;;;;;;;;;;;;;;;;;;;;;;;;;;;;;;;;;;;;;;;;;;;;;;;;;;;;;;;;;;;;;;;;;;;;;;;;;;;;;;;;;;;;;;;;;;;;;;;;;;;;;;;;;;52.00;;;;;;;;;;;;;;;;;;;;;;;;;;;;;;;;;;;;;;;;;;;;;;;;;;;43.00;43.00;43.00;;;;5.70;;;;25.00;;;;;;;13.70;286.30;44.70;0.00;0.00;44.50;;;;;37.00;;;;;36.00;;;;;;;;36.00;;;;2000.10;2000.10;1;1;;;;;;;;;;;;;;;;;;;;;;;;0.00;0;0;0.00;0.00;;;;;;;;;;;;;;;;;;;;;;;;;;;;0;3.90;5.70;2.50;11.00;11.30;11.00;79;278;16;288;287;1250.10;;;32275514;4.00;;;;;;21.00
1579390800000;2020-01-19T00:40:00.000+0100;;;;;;;;;0.90;-29.60;399.50;400.00;398.90;91.00;89.00;95.00;-0.30;;;;;-0.30;-0.30;;;;;;;;;1.0;;;;;;;;;;;;;;;;;;;;;;;;;;;;;;;;;;;;;;;;;;;;50.00;;;;;;;;;;;;;;;;;;;;;;;;;;;;;;;;;;;;;;35.00;48.00;;8.00;28.00;;;39.00;42.00;39.00;;;;;;;;;1266.20;1234.80;-20.800;-33.700;;;;;;;;;;;;;2000.100;-29.000;;;;;;;;;;57.00;58.00;57.00;;;;;34.00;;;;0;;;;;;;;;;;;;;96.400;;;;;;;;;;;;49.00;39.00;;;;;;;;;;;;;;0;0.00;0.00;;280.40;;3.00;-1.20;-7.90;;3.20;-1.50;;;;-0.90;;;;4.30;;;;0.60;4.10;1.60;7.70;0.80;4.20;1.90;7.30;0.80;-2.20;0.70;0.70;;;;;18.00;;;;31.00;;;;66.00;;;;34.00;;;;35.00;;;;;;;;45.00;;;;;;;;;;;;;;;;;;;;;;;;;;;;;;;;;;;;;;;;;;;;;;;;;;;;;;;;;;;;;;;;;;;;;;;;;;;;;;;;;;;;;;;;;;;;;;;;;;;;;;;;;;;;;;;;;;;;;;;;;;;;;;;;;;;;;;;;;;;;;;;;;;;;;;;;;;;;;;;;;;;;;;;;;;;;;;;;;;;;;;;;;;;;;;;;;;;;;;;;;;;;;;;;;;;;;;52.00;;;;;;;;;;;;;;;;;;;;;;;;;;;;;;;;;;;;;;;;;;;;;;;;;;;43.00;43.00;43.00;;;;4.80;;;;25.00;;;;;;;26.00;244.90;46.00;0.00;0.00;45.80;;;;;37.00;;;;;36.00;;;;;;;;37.00;;;;2000.10;2000.10;1;1;;;;;;;;;;;;;;;;;;;;;;;;0.00;0;0;0.00;0.00;;;;;;;;;;;;;;;;;;;;;;;;;;;;0;4.20;6.30;3.00;11.00;11.30;11.00;96;242;29;284;283;1250.10;;;32275530;4.00;;;;;;21.00
1579391400000;2020-01-19T00:50:00.000+0100;;;;;;;;;0.90;-29.60;399.20;399.70;398.60;90.00;88.00;93.00;-0.30;;;;;-0.30;-0.30;;;;;;;;;1.0;;;;;;;;;;;;;;;;;;;;;;;;;;;;;;;;;;;;;;;;;;;;50.00;;;;;;;;;;;;;;;;;;;;;;;;;;;;;;;;;;;;;;35.00;48.00;;8.00;28.00;;;39.00;42.00;39.00;;;;;;;;;1288.60;1239.90;-25.500;-39.600;;;;;;;;;;;;;2000.100;-28.000;;;;;;;;;;57.00;57.00;57.00;;;;;34.00;;;;0;;;;;;;;;;;;;;94.100;;;;;;;;;;;;49.00;39.00;;;;;;;;;;;;;;0;0.00;0.00;;282.80;;3.00;-2.00;-11.80;;3.10;-4.50;;;;-2.70;;;;4.30;;;;0.80;4.20;1.70;7.60;0.90;4.10;1.70;7.40;1.00;-2.30;0.90;0.80;;;;;18.00;;;;31.00;;;;66.00;;;;34.00;;;;35.00;;;;;;;;45.00;;;;;;;;;;;;;;;;;;;;;;;;;;;;;;;;;;;;;;;;;;;;;;;;;;;;;;;;;;;;;;;;;;;;;;;;;;;;;;;;;;;;;;;;;;;;;;;;;;;;;;;;;;;;;;;;;;;;;;;;;;;;;;;;;;;;;;;;;;;;;;;;;;;;;;;;;;;;;;;;;;;;;;;;;;;;;;;;;;;;;;;;;;;;;;;;;;;;;;;;;;;;;;;;;;;;;;51.00;;;;;;;;;;;;;;;;;;;;;;;;;;;;;;;;;;;;;;;;;;;;;;;;;;;43.00;43.00;43.00;;;;6.90;;;;25.00;;;;;;;11.60;246.20;50.00;0.00;0.00;49.80;;;;;37.00;;;;;36.00;;;;;;;;36.00;;;;2000.10;2000.10;1;1;;;;;;;;;;;;;;;;;;;;;;;;0.00;0;0;0.00;0.00;;;;;;;;;;;;;;;;;;;;;;;;;;;;0;4.10;6.40;2.50;11.00;11.30;11.00;94;241;13;284;282;1251.00;;;32275546;4.00;;;;;;21.00
1579392000000;2020-01-19T01:00:00.000+0100;;;;;;;;;0.90;-29.20;399.00;399.50;398.40;97.00;96.00;101.00;-0.40;;;;;-0.40;-0.40;;;;;;;;;1.0;;;;;;;;;;;;;;;;;;;;;;;;;;;;;;;;;;;;;;;;;;;;50.00;;;;;;;;;;;;;;;;;;;;;;;;;;;;;;;;;;;;;;35.00;48.00;;8.00;28.00;;;39.00;42.00;39.00;;;;;;;;;1269.50;1235.40;-24.600;-34.000;;;;;;;;;;;;;2000.100;-29.000;;;;;;;;;;56.00;57.00;57.00;;;;;34.00;;;;0;;;;;;;;;;;;;;105.800;;;;;;;;;;;;49.00;39.00;;;;;;;;;;;;;;0;0.00;0.00;;283.00;;3.00;-3.60;-10.20;;1.90;-3.20;;;;-3.60;;;;4.40;;;;0.70;4.30;1.90;6.70;0.80;4.20;1.20;7.20;0.90;-2.30;0.90;0.70;;;;;18.00;;;;31.00;;;;65.00;;;;34.00;;;;35.00;;;;;;;;45.00;;;;;;;;;;;;;;;;;;;;;;;;;;;;;;;;;;;;;;;;;;;;;;;;;;;;;;;;;;;;;;;;;;;;;;;;;;;;;;;;;;;;;;;;;;;;;;;;;;;;;;;;;;;;;;;;;;;;;;;;;;;;;;;;;;;;;;;;;;;;;;;;;;;;;;;;;;;;;;;;;;;;;;;;;;;;;;;;;;;;;;;;;;;;;;;;;;;;;;;;;;;;;;;;;;;;;;51.00;;;;;;;;;;;;;;;;;;;;;;;;;;;;;;;;;;;;;;;;;;;;;;;;;;;43.00;43.00;43.00;;;;5.70;;;;25.00;;;;;;;15.40;284.50;41.50;0.00;0.00;41.30;;;;;37.00;;;;;36.00;;;;;;;;36.00;;;;2000.10;2000.10;1;1;;;;;;;;;;;;;;;;;;;;;;;;0.00;0;0;0.00;0.00;;;;;;;;;;;;;;;;;;;;;;;;;;;;0;4.30;6.40;2.50;11.00;11.30;11.00;105;281;17;284;280;1250.70;;;32275564;4.00;;;;;;21.00
1579392600000;2020-01-19T01:10:00.000+0100;;;;;;;;;0.90;-28.50;398.30;398.70;397.70;85.00;84.00;88.00;-0.30;;;;;-0.30;-0.30;;;;;;;;;1.0;;;;;;;;;;;;;;;;;;;;;;;;;;;;;;;;;;;;;;;;;;;;50.00;;;;;;;;;;;;;;;;;;;;;;;;;;;;;;;;;;;;;;35.00;48.00;;8.00;28.00;;;39.00;42.00;39.00;;;;;;;;;1261.40;1237.50;5.300;-30.300;;;;;;;;;;;;;2000.100;-29.000;;;;;;;;;;56.00;57.00;57.00;;;;;34.00;;;;0;;;;;;;;;;;;;;88.200;;;;;;;;;;;;49.00;38.00;;;;;;;;;;;;;;0;0.00;0.00;;280.40;;3.00;-3.00;-9.20;;1.20;-2.90;;;;-4.30;;;;4.20;;;;0.70;4.10;1.80;6.60;0.90;4.10;2.00;6.60;0.80;-2.00;0.90;0.60;;;;;18.00;;;;31.00;;;;65.00;;;;34.00;;;;35.00;;;;;;;;45.00;;;;;;;;;;;;;;;;;;;;;;;;;;;;;;;;;;;;;;;;;;;;;;;;;;;;;;;;;;;;;;;;;;;;;;;;;;;;;;;;;;;;;;;;;;;;;;;;;;;;;;;;;;;;;;;;;;;;;;;;;;;;;;;;;;;;;;;;;;;;;;;;;;;;;;;;;;;;;;;;;;;;;;;;;;;;;;;;;;;;;;;;;;;;;;;;;;;;;;;;;;;;;;;;;;;;;;51.00;;;;;;;;;;;;;;;;;;;;;;;;;;;;;;;;;;;;;;;;;;;;;;;;;;;43.00;42.00;43.00;;;;3.90;;;;25.00;;;;;;;0.00;214.00;41.70;0.00;0.00;41.50;;;;;37.00;;;;;36.00;;;;;;;;36.00;;;;2000.10;2000.10;1;1;;;;;;;;;;;;;;;;;;;;;;;;0.00;0;0;0.00;0.00;;;;;;;;;;;;;;;;;;;;;;;;;;;;0;4.10;5.80;2.40;11.00;11.00;11.00;88;210;-2;284;281;1249.80;;;32275580;4.00;;;;;;21.00
1579393200000;2020-01-19T01:20:00.000+0100;;;;;;;;;0.70;-8.10;398.60;399.10;398.10;70.00;71.00;72.00;0.30;;;;;0.30;0.30;;;;;;;;;1.0;;;;;;;;;;;;;;;;;;;;;;;;;;;;;;;;;;;;;;;;;;;;50.00;;;;;;;;;;;;;;;;;;;;;;;;;;;;;;;;;;;;;;35.00;47.00;;8.00;28.00;;;39.00;42.00;38.00;;;;;;;;;1362.60;1227.40;106.500;-90.400;;;;;;;;;;;;;1630.000;-28.000;;;;;;;;;;56.00;57.00;56.00;;;;;34.00;;;;0;;;;;;;;;;;;;;51.600;;;;;;;;;;;;49.00;38.00;;;;;;;;;;;;;;0;0.00;0.00;;281.10;;3.00;-1.30;-2.10;;1.20;-1.70;;;;-1.30;;;;3.90;;;;0.60;3.90;1.40;6.20;0.80;3.80;1.40;5.90;0.80;-1.40;5.10;1.30;;;;;18.00;;;;31.00;;;;65.00;;;;33.00;;;;35.00;;;;;;;;44.00;;;;;;;;;;;;;;;;;;;;;;;;;;;;;;;;;;;;;;;;;;;;;;;;;;;;;;;;;;;;;;;;;;;;;;;;;;;;;;;;;;;;;;;;;;;;;;;;;;;;;;;;;;;;;;;;;;;;;;;;;;;;;;;;;;;;;;;;;;;;;;;;;;;;;;;;;;;;;;;;;;;;;;;;;;;;;;;;;;;;;;;;;;;;;;;;;;;;;;;;;;;;;;;;;;;;;;51.00;;;;;;;;;;;;;;;;;;;;;;;;;;;;;;;;;;;;;;;;;;;;;;;;;;;42.00;42.00;43.00;;;;28.90;;;;25.00;;;;;;;0.00;243.30;42.40;0.00;0.00;47.20;;;;;37.00;;;;;35.00;;;;;;;;36.00;;;;0.00;2000.10;1;1;;;;;;;;;;;;;;;;;;;;;;;;0.30;0;0;0.00;0.00;;;;;;;;;;;;;;;;;;;;;;;;;;;;0;3.90;5.40;2.10;11.00;11.90;10.70;49;252;-25;284;282;1259.60;;;32275586;4.00;;;;;;21.00
1579393800000;2020-01-19T01:30:00.000+0100;;;;;;;;;0.80;-29.60;397.90;398.30;397.30;80.00;80.00;83.00;-0.40;;;;;-0.40;-0.40;;;;;;;;;1.0;;;;;;;;;;;;;;;;;;;;;;;;;;;;;;;;;;;;;;;;;;;;50.00;;;;;;;;;;;;;;;;;;;;;;;;;;;;;;;;;;;;;;35.00;47.00;;8.00;28.00;;;39.00;42.00;38.00;;;;;;;;;1261.70;1237.20;-1.900;-34.000;;;;;;;;;;;;;2000.100;-29.000;;;;;;;;;;55.00;56.00;56.00;;;;;34.00;;;;0;;;;;;;;;;;;;;79.900;;;;;;;;;;;;49.00;38.00;;;;;;;;;;;;;;0;0.00;0.00;;277.70;;3.00;-2.90;-4.40;;3.60;-1.30;;;;-4.00;;;;4.10;;;;0.60;4.20;2.00;6.40;0.80;4.20;1.60;6.30;0.80;-1.80;0.70;0.70;;;;;18.00;;;;31.00;;;;65.00;;;;33.00;;;;35.00;;;;;;;;44.00;;;;;;;;;;;;;;;;;;;;;;;;;;;;;;;;;;;;;;;;;;;;;;;;;;;;;;;;;;;;;;;;;;;;;;;;;;;;;;;;;;;;;;;;;;;;;;;;;;;;;;;;;;;;;;;;;;;;;;;;;;;;;;;;;;;;;;;;;;;;;;;;;;;;;;;;;;;;;;;;;;;;;;;;;;;;;;;;;;;;;;;;;;;;;;;;;;;;;;;;;;;;;;;;;;;;;;50.00;;;;;;;;;;;;;;;;;;;;;;;;;;;;;;;;;;;;;;;;;;;;;;;;;;;42.00;42.00;42.00;;;;4.50;;;;25.00;;;;;;;0.00;198.50;45.80;0.00;0.00;45.70;;;;;37.00;;;;;36.00;;;;;;;;36.00;;;;2000.10;2000.10;1;1;;;;;;;;;;;;;;;;;;;;;;;;0.00;0;0;0.00;0.00;;;;;;;;;;;;;;;;;;;;;;;;;;;;0;4.20;5.60;2.90;11.00;11.00;11.00;79;195;0;283;280;1250.40;;;32275600;4.00;;;;;;21.00
1579394400000;2020-01-19T01:40:00.000+0100;;;;;;;;;0.90;-29.90;398.10;398.50;397.50;86.00;86.00;90.00;-0.30;;;;;-0.30;-0.30;;;;;;;;;1.0;;;;;;;;;;;;;;;;;;;;;;;;;;;;;;;;;;;;;;;;;;;;50.00;;;;;;;;;;;;;;;;;;;;;;;;;;;;;;;;;;;;;;35.00;47.00;;8.00;27.00;;;38.00;42.00;38.00;;;;;;;;;1264.10;1235.70;-25.600;-33.900;;;;;;;;;;;;;2000.100;-27.000;;;;;;;;;;55.00;56.00;56.00;;;;;34.00;;;;0;;;;;;;;;;;;;;89.300;;;;;;;;;;;;48.00;38.00;;;;;;;;;;;;;;0;0.00;0.00;;278.10;;3.00;-2.00;-10.00;;1.60;-1.30;;;;-2.50;;;;4.20;;;;0.60;4.20;1.70;6.60;0.80;4.10;1.70;6.80;0.80;-1.90;0.80;0.60;;;;;18.00;;;;31.00;;;;64.00;;;;33.00;;;;35.00;;;;;;;;45.00;;;;;;;;;;;;;;;;;;;;;;;;;;;;;;;;;;;;;;;;;;;;;;;;;;;;;;;;;;;;;;;;;;;;;;;;;;;;;;;;;;;;;;;;;;;;;;;;;;;;;;;;;;;;;;;;;;;;;;;;;;;;;;;;;;;;;;;;;;;;;;;;;;;;;;;;;;;;;;;;;;;;;;;;;;;;;;;;;;;;;;;;;;;;;;;;;;;;;;;;;;;;;;;;;;;;;;50.00;;;;;;;;;;;;;;;;;;;;;;;;;;;;;;;;;;;;;;;;;;;;;;;;;;;42.00;42.00;42.00;;;;4.80;;;;25.00;;;;;;;6.80;242.20;52.30;0.00;0.00;52.10;;;;;37.00;;;;;36.00;;;;;;;;36.00;;;;2000.10;2000.10;1;1;;;;;;;;;;;;;;;;;;;;;;;;0.00;0;0;0.00;0.00;;;;;;;;;;;;;;;;;;;;;;;;;;;;0;4.20;5.90;2.90;11.00;11.30;11.00;89;240;8;279;277;1250.10;;;32275614;4.00;;;;;;21.00
1579395000000;2020-01-19T01:50:00.000+0100;;;;;;;;;0.90;-28.50;398.30;398.70;397.70;76.00;76.00;79.00;-0.10;;;;;-0.10;-0.10;;;;;;;;;1.0;;;;;;;;;;;;;;;;;;;;;;;;;;;;;;;;;;;;;;;;;;;;50.00;;;;;;;;;;;;;;;;;;;;;;;;;;;;;;;;;;;;;;35.00;47.00;;8.00;28.00;;;38.00;41.00;38.00;;;;;;;;;1263.20;1239.00;27.900;-33.000;;;;;;;;;;;;;2000.100;-29.000;;;;;;;;;;55.00;56.00;56.00;;;;;34.00;;;;0;;;;;;;;;;;;;;75.600;;;;;;;;;;;;48.00;38.00;;;;;;;;;;;;;;0;0.00;0.00;;276.80;;3.00;3.20;-3.60;;2.00;4.60;;;;2.70;;;;4.10;;;;0.50;3.90;1.70;6.00;0.70;3.90;1.50;6.20;0.70;-1.70;0.90;0.60;;;;;18.00;;;;31.00;;;;64.00;;;;33.00;;;;35.00;;;;;;;;44.00;;;;;;;;;;;;;;;;;;;;;;;;;;;;;;;;;;;;;;;;;;;;;;;;;;;;;;;;;;;;;;;;;;;;;;;;;;;;;;;;;;;;;;;;;;;;;;;;;;;;;;;;;;;;;;;;;;;;;;;;;;;;;;;;;;;;;;;;;;;;;;;;;;;;;;;;;;;;;;;;;;;;;;;;;;;;;;;;;;;;;;;;;;;;;;;;;;;;;;;;;;;;;;;;;;;;;;50.00;;;;;;;;;;;;;;;;;;;;;;;;;;;;;;;;;;;;;;;;;;;;;;;;;;;42.00;42.00;42.00;;;;4.20;;;;24.00;;;;;;;0.00;184.90;39.00;0.00;0.00;39.20;;;;;37.00;;;;;36.00;;;;;;;;36.00;;;;2000.10;2000.10;1;1;;;;;;;;;;;;;;;;;;;;;;;;0.00;0;0;0.00;0.00;;;;;;;;;;;;;;;;;;;;;;;;;;;;0;3.90;5.40;2.70;11.00;11.00;11.00;75;184;-10;280;283;1249.50;;;32275628;4.00;;;;;;21.00
1579395600000;2020-01-19T02:00:00.000+0100;;;;;;;;;0.90;-28.70;398.50;399.00;397.90;72.00;72.00;75.00;-0.10;;;;;-0.10;-0.10;;;;;;;;;1.0;;;;;;;;;;;;;;;;;;;;;;;;;;;;;;;;;;;;;;;;;;;;50.00;;;;;;;;;;;;;;;;;;;;;;;;;;;;;;;;;;;;;;35.00;47.00;;8.00;28.00;;;38.00;41.00;38.00;;;;;;;;;1264.10;1237.80;28.200;-41.500;;;;;;;;;;;;;2000.100;-28.000;;;;;;;;;;55.00;56.00;56.00;;;;;34.00;;;;0;;;;;;;;;;;;;;69.700;;;;;;;;;;;;48.00;38.00;;;;;;;;;;;;;;0;0.00;0.00;;283.40;;3.00;3.50;-6.20;;1.80;5.40;;;;3.40;;;;4.00;;;;0.50;4.00;1.90;7.80;0.70;4.00;1.80;6.10;0.70;-1.30;0.80;0.50;;;;;18.00;;;;31.00;;;;64.00;;;;33.00;;;;35.00;;;;;;;;44.00;;;;;;;;;;;;;;;;;;;;;;;;;;;;;;;;;;;;;;;;;;;;;;;;;;;;;;;;;;;;;;;;;;;;;;;;;;;;;;;;;;;;;;;;;;;;;;;;;;;;;;;;;;;;;;;;;;;;;;;;;;;;;;;;;;;;;;;;;;;;;;;;;;;;;;;;;;;;;;;;;;;;;;;;;;;;;;;;;;;;;;;;;;;;;;;;;;;;;;;;;;;;;;;;;;;;;;50.00;;;;;;;;;;;;;;;;;;;;;;;;;;;;;;;;;;;;;;;;;;;;;;;;;;;42.00;42.00;42.00;;;;4.80;;;;24.00;;;;;;;0.00;151.40;33.70;0.00;0.00;33.90;;;;;37.00;;;;;35.00;;;;;;;;36.00;;;;2000.10;2000.10;1;1;;;;;;;;;;;;;;;;;;;;;;;;0.00;0;0;0.00;0.00;;;;;;;;;;;;;;;;;;;;;;;;;;;;0;4.00;5.50;2.80;11.00;11.30;11.00;69;149;-16;286;290;1250.10;;;32275640;4.00;;;;;;21.00
1579396200000;2020-01-19T02:10:00.000+0100;;;;;;;;;0.90;-30.20;398.70;399.10;398.00;81.00;81.00;85.00;-0.10;;;;;-0.10;-0.10;;;;;;;;;1.0;;;;;;;;;;;;;;;;;;;;;;;;;;;;;;;;;;;;;;;;;;;;50.00;;;;;;;;;;;;;;;;;;;;;;;;;;;;;;;;;;;;;;35.00;47.00;;8.00;28.00;;;38.00;41.00;38.00;;;;;;;;;1265.00;1237.50;-23.700;-45.800;;;;;;;;;;;;;2000.100;-29.000;;;;;;;;;;55.00;56.00;55.00;;;;;34.00;;;;0;;;;;;;;;;;;;;83.100;;;;;;;;;;;;48.00;38.00;;;;;;;;;;;;;;0;0.00;0.00;;292.90;;3.00;0.80;-10.80;;2.70;-0.10;;;;0.40;;;;4.20;;;;0.60;4.00;1.80;6.40;0.80;4.00;1.80;6.40;0.70;-1.30;0.80;0.50;;;;;18.00;;;;31.00;;;;64.00;;;;33.00;;;;35.00;;;;;;;;44.00;;;;;;;;;;;;;;;;;;;;;;;;;;;;;;;;;;;;;;;;;;;;;;;;;;;;;;;;;;;;;;;;;;;;;;;;;;;;;;;;;;;;;;;;;;;;;;;;;;;;;;;;;;;;;;;;;;;;;;;;;;;;;;;;;;;;;;;;;;;;;;;;;;;;;;;;;;;;;;;;;;;;;;;;;;;;;;;;;;;;;;;;;;;;;;;;;;;;;;;;;;;;;;;;;;;;;;50.00;;;;;;;;;;;;;;;;;;;;;;;;;;;;;;;;;;;;;;;;;;;;;;;;;;;42.00;42.00;42.00;;;;4.80;;;;24.00;;;;;;;4.70;206.00;42.50;0.00;0.00;42.20;;;;;37.00;;;;;36.00;;;;;;;;36.00;;;;2000.10;2000.10;1;1;;;;;;;;;;;;;;;;;;;;;;;;0.00;0;0;0.00;0.00;;;;;;;;;;;;;;;;;;;;;;;;;;;;0;4.00;5.40;2.60;11.00;11.30;11.00;83;201;5;286;287;1250.40;;;32275654;4.00;;;;;;21.00
1579396800000;2020-01-19T02:20:00.000+0100;;;;;;;;;0.90;-29.20;398.70;399.20;398.10;71.00;71.00;75.00;-0.20;;;;;-0.20;-0.20;;;;;;;;;1.0;;;;;;;;;;;;;;;;;;;;;;;;;;;;;;;;;;;;;;;;;;;;50.00;;;;;;;;;;;;;;;;;;;;;;;;;;;;;;;;;;;;;;35.00;46.00;;8.00;27.00;;;38.00;41.00;38.00;;;;;;;;;1262.90;1237.50;25.500;-34.100;;;;;;;;;;;;;2000.100;-28.000;;;;;;;;;;55.00;56.00;55.00;;;;;34.00;;;;0;;;;;;;;;;;;;;69.900;;;;;;;;;;;;48.00;38.00;;;;;;;;;;;;;;0;0.00;0.00;;290.10;;3.00;-2.00;-11.10;;2.70;-2.50;;;;-3.10;;;;4.10;;;;0.50;4.00;1.40;6.30;0.80;4.00;1.50;5.70;0.70;-1.30;0.90;0.60;;;;;18.00;;;;31.00;;;;64.00;;;;33.00;;;;35.00;;;;;;;;44.00;;;;;;;;;;;;;;;;;;;;;;;;;;;;;;;;;;;;;;;;;;;;;;;;;;;;;;;;;;;;;;;;;;;;;;;;;;;;;;;;;;;;;;;;;;;;;;;;;;;;;;;;;;;;;;;;;;;;;;;;;;;;;;;;;;;;;;;;;;;;;;;;;;;;;;;;;;;;;;;;;;;;;;;;;;;;;;;;;;;;;;;;;;;;;;;;;;;;;;;;;;;;;;;;;;;;;;50.00;;;;;;;;;;;;;;;;;;;;;;;;;;;;;;;;;;;;;;;;;;;;;;;;;;;42.00;42.00;42.00;;;;4.50;;;;24.00;;;;;;;0.00;165.20;32.30;0.00;0.00;32.30;;;;;37.00;;;;;36.00;;;;;;;;36.00;;;;2000.10;2000.10;1;1;;;;;;;;;;;;;;;;;;;;;;;;0.00;0;0;0.00;0.00;;;;;;;;;;;;;;;;;;;;;;;;;;;;0;4.00;5.40;2.50;11.00;11.00;11.00;70;162;-6;286;284;1249.80;;;32275666;4.00;;;;;;21.00
1579397400000;2020-01-19T02:30:00.000+0100;;;;;;;;;0.90;-27.80;398.50;398.90;397.80;89.00;90.00;93.00;-0.40;;;;;-0.40;-0.40;;;;;;;;;1.0;;;;;;;;;;;;;;;;;;;;;;;;;;;;;;;;;;;;;;;;;;;;50.00;;;;;;;;;;;;;;;;;;;;;;;;;;;;;;;;;;;;;;35.00;46.00;;8.00;27.00;;;38.00;41.00;38.00;;;;;;;;;1264.10;1237.80;25.200;-31.900;;;;;;;;;;;;;2000.100;-29.000;;;;;;;;;;55.00;56.00;55.00;;;;;34.00;;;;0;;;;;;;;;;;;;;95.200;;;;;;;;;;;;48.00;37.00;;;;;;;;;;;;;;0;0.00;0.00;;283.50;;3.00;-6.10;-6.40;;2.50;-5.40;;;;-7.50;;;;4.30;;;;0.70;4.20;1.60;6.60;0.80;4.20;2.00;6.70;0.80;-2.00;0.80;0.60;;;;;18.00;;;;31.00;;;;64.00;;;;33.00;;;;35.00;;;;;;;;44.00;;;;;;;;;;;;;;;;;;;;;;;;;;;;;;;;;;;;;;;;;;;;;;;;;;;;;;;;;;;;;;;;;;;;;;;;;;;;;;;;;;;;;;;;;;;;;;;;;;;;;;;;;;;;;;;;;;;;;;;;;;;;;;;;;;;;;;;;;;;;;;;;;;;;;;;;;;;;;;;;;;;;;;;;;;;;;;;;;;;;;;;;;;;;;;;;;;;;;;;;;;;;;;;;;;;;;;50.00;;;;;;;;;;;;;;;;;;;;;;;;;;;;;;;;;;;;;;;;;;;;;;;;;;;42.00;42.00;42.00;;;;4.50;;;;24.00;;;;;;;0.00;204.80;43.20;0.00;0.00;43.20;;;;;37.00;;;;;36.00;;;;;;;;36.00;;;;2000.10;2000.10;1;1;;;;;;;;;;;;;;;;;;;;;;;;0.00;0;0;0.00;0.00;;;;;;;;;;;;;;;;;;;;;;;;;;;;0;4.20;5.90;2.70;11.00;11.30;11.00;95;197;-12;286;280;1250.40;;;32275680;4.00;;;;;;20.00
1579398000000;2020-01-19T02:40:00.000+0100;;;;;;;;;1.00;-29.50;399.00;399.30;398.30;164.00;164.00;169.00;-1.30;;;;;-1.30;-1.30;;;;;;;;;1.0;;;;;;;;;;;;;;;;;;;;;;;;;;;;;;;;;;;;;;;;;;;;50.00;;;;;;;;;;;;;;;;;;;;;;;;;;;;;;;;;;;;;;35.00;47.00;;8.00;27.00;;;38.00;41.00;38.00;;;;;;;;;1263.50;1232.50;-25.400;-33.900;;;;;;;;;;;;;2000.100;-28.000;;;;;;;;;;55.00;56.00;55.00;;;;;35.00;;;;0;;;;;;;;;;;;;;191.600;;;;;;;;;;;;48.00;37.00;;;;;;;;;;;;;;0;0.00;0.00;;279.00;;3.00;-3.60;-4.40;;2.40;-3.20;;;;-4.70;;;;5.00;;;;0.60;5.10;1.60;6.90;0.70;5.10;2.70;7.10;0.80;-2.30;0.10;0.60;;;;;18.00;;;;31.00;;;;64.00;;;;33.00;;;;35.00;;;;;;;;45.00;;;;;;;;;;;;;;;;;;;;;;;;;;;;;;;;;;;;;;;;;;;;;;;;;;;;;;;;;;;;;;;;;;;;;;;;;;;;;;;;;;;;;;;;;;;;;;;;;;;;;;;;;;;;;;;;;;;;;;;;;;;;;;;;;;;;;;;;;;;;;;;;;;;;;;;;;;;;;;;;;;;;;;;;;;;;;;;;;;;;;;;;;;;;;;;;;;;;;;;;;;;;;;;;;;;;;;50.00;;;;;;;;;;;;;;;;;;;;;;;;;;;;;;;;;;;;;;;;;;;;;;;;;;;42.00;42.00;42.00;;;;5.70;;;;24.00;;;;;;;87.50;300.90;44.50;0.00;0.00;44.20;;;;;37.00;;;;;36.00;;;;;;;;37.00;;;;2000.10;2000.10;1;1;;;;;;;;;;;;;;;;;;;;;;;;0.00;0;0;0.00;0.00;;;;;;;;;;;;;;;;;;;;;;;;;;;;0;5.10;6.40;3.40;11.00;11.30;11.00;191;300;92;278;275;1250.10;;;32275712;3.00;;;;;;20.00
1579398600000;2020-01-19T02:50:00.000+0100;;;;;;;;;1.00;-28.90;398.60;398.90;397.90;171.00;170.00;175.00;-1.30;;;;;-1.30;-1.30;;;;;;;;;1.0;;;;;;;;;;;;;;;;;;;;;;;;;;;;;;;;;;;;;;;;;;;;50.00;;;;;;;;;;;;;;;;;;;;;;;;;;;;;;;;;;;;;;35.00;47.00;;8.00;27.00;;;38.00;41.00;38.00;;;;;;;;;1367.60;1234.50;-23.800;-37.900;;;;;;;;;;;;;2000.100;-28.000;;;;;;;;;;55.00;56.00;55.00;;;;;35.00;;;;0;;;;;;;;;;;;;;198.900;;;;;;;;;;;;48.00;37.00;;;;;;;;;;;;;;0;0.00;0.00;;273.80;;3.00;-2.90;-13.30;;1.90;-2.70;;;;-4.30;;;;5.00;;;;0.70;5.10;2.60;7.50;0.90;5.10;1.90;8.00;0.90;-2.40;0.70;0.60;;;;;18.00;;;;30.00;;;;64.00;;;;33.00;;;;35.00;;;;;;;;47.00;;;;;;;;;;;;;;;;;;;;;;;;;;;;;;;;;;;;;;;;;;;;;;;;;;;;;;;;;;;;;;;;;;;;;;;;;;;;;;;;;;;;;;;;;;;;;;;;;;;;;;;;;;;;;;;;;;;;;;;;;;;;;;;;;;;;;;;;;;;;;;;;;;;;;;;;;;;;;;;;;;;;;;;;;;;;;;;;;;;;;;;;;;;;;;;;;;;;;;;;;;;;;;;;;;;;;;51.00;;;;;;;;;;;;;;;;;;;;;;;;;;;;;;;;;;;;;;;;;;;;;;;;;;;42.00;42.00;42.00;;;;28.90;;;;24.00;;;;;;;38.80;390.30;74.20;0.00;0.00;73.70;;;;;37.00;;;;;36.00;;;;;;;;37.00;;;;2000.10;2000.10;1;1;;;;;;;;;;;;;;;;;;;;;;;;0.30;0;0;0.00;0.00;;;;;;;;;;;;;;;;;;;;;;;;;;;;0;5.10;6.90;3.10;11.00;12.20;11.00;199;390;42;278;275;1259.60;;;32275744;3.00;;;;;;20.00
1579399200000;2020-01-19T03:00:00.000+0100;;;;;;;;;1.00;-29.40;398.00;398.40;397.30;125.00;126.00;130.00;-0.90;;;;;-0.90;-0.90;;;;;;;;;1.0;;;;;;;;;;;;;;;;;;;;;;;;;;;;;;;;;;;;;;;;;;;;50.00;;;;;;;;;;;;;;;;;;;;;;;;;;;;;;;;;;;;;;35.00;47.00;;8.00;27.00;;;38.00;41.00;38.00;;;;;;;;;1321.10;1236.60;-24.500;-34.000;;;;;;;;;;;;;2000.100;-28.000;;;;;;;;;;55.00;56.00;55.00;;;;;34.00;;;;0;;;;;;;;;;;;;;142.800;;;;;;;;;;;;47.00;37.00;;;;;;;;;;;;;;0;0.00;0.00;;279.50;;3.00;-2.30;-2.70;;5.50;-1.70;;;;-2.70;;;;4.70;;;;0.70;4.80;2.30;7.50;0.80;4.80;2.20;7.40;0.80;-2.30;0.70;0.60;;;;;18.00;;;;30.00;;;;64.00;;;;33.00;;;;35.00;;;;;;;;46.00;;;;;;;;;;;;;;;;;;;;;;;;;;;;;;;;;;;;;;;;;;;;;;;;;;;;;;;;;;;;;;;;;;;;;;;;;;;;;;;;;;;;;;;;;;;;;;;;;;;;;;;;;;;;;;;;;;;;;;;;;;;;;;;;;;;;;;;;;;;;;;;;;;;;;;;;;;;;;;;;;;;;;;;;;;;;;;;;;;;;;;;;;;;;;;;;;;;;;;;;;;;;;;;;;;;;;;51.00;;;;;;;;;;;;;;;;;;;;;;;;;;;;;;;;;;;;;;;;;;;;;;;;;;;42.00;42.00;42.00;;;;9.80;;;;24.00;;;;;;;39.20;279.60;44.90;0.00;0.00;44.70;;;;;37.00;;;;;36.00;;;;;;;;36.00;;;;2000.10;2000.10;1;1;;;;;;;;;;;;;;;;;;;;;;;;0.00;0;0;0.00;0.00;;;;;;;;;;;;;;;;;;;;;;;;;;;;0;4.80;6.80;3.20;11.00;11.60;11.00;142;273;40;278;276;1251.90;;;32275768;3.00;;;;;;20.00
1579399800000;2020-01-19T03:10:00.000+0100;;;;;;;;;1.00;-29.30;397.50;397.90;396.80;130.00;130.00;135.00;-1.00;;;;;-1.00;-1.00;;;;;;;;;1.0;;;;;;;;;;;;;;;;;;;;;;;;;;;;;;;;;;;;;;;;;;;;50.00;;;;;;;;;;;;;;;;;;;;;;;;;;;;;;;;;;;;;;35.00;47.00;;8.00;27.00;;;38.00;41.00;38.00;;;;;;;;;1266.80;1235.10;-20.500;-34.800;;;;;;;;;;;;;2000.100;-29.000;;;;;;;;;;55.00;56.00;55.00;;;;;34.00;;;;0;;;;;;;;;;;;;;148.200;;;;;;;;;;;;47.00;37.00;;;;;;;;;;;;;;0;0.00;0.00;;274.80;;3.00;-5.60;-6.10;;1.50;-4.10;;;;-7.00;;;;4.70;;;;0.60;4.80;2.00;6.90;0.80;4.80;1.90;6.80;0.80;-2.10;0.70;0.60;;;;;18.00;;;;30.00;;;;64.00;;;;33.00;;;;35.00;;;;;;;;45.00;;;;;;;;;;;;;;;;;;;;;;;;;;;;;;;;;;;;;;;;;;;;;;;;;;;;;;;;;;;;;;;;;;;;;;;;;;;;;;;;;;;;;;;;;;;;;;;;;;;;;;;;;;;;;;;;;;;;;;;;;;;;;;;;;;;;;;;;;;;;;;;;;;;;;;;;;;;;;;;;;;;;;;;;;;;;;;;;;;;;;;;;;;;;;;;;;;;;;;;;;;;;;;;;;;;;;;50.00;;;;;;;;;;;;;;;;;;;;;;;;;;;;;;;;;;;;;;;;;;;;;;;;;;;42.00;42.00;42.00;;;;5.70;;;;24.00;;;;;;;29.70;298.60;56.10;0.00;0.00;55.90;;;;;37.00;;;;;36.00;;;;;;;;36.00;;;;2000.10;2000.10;1;1;;;;;;;;;;;;;;;;;;;;;;;;0.00;0;0;0.00;0.00;;;;;;;;;;;;;;;;;;;;;;;;;;;;0;4.80;6.10;2.70;11.00;11.30;11.00;148;291;31;278;273;1250.10;;;32275794;3.00;;;;;;20.00
1579400400000;2020-01-19T03:20:00.000+0100;;;;;;;;;1.00;-29.60;397.90;398.30;397.20;118.00;117.00;122.00;-1.00;;;;;-1.00;-1.00;;;;;;;;;1.0;;;;;;;;;;;;;;;;;;;;;;;;;;;;;;;;;;;;;;;;;;;;50.00;;;;;;;;;;;;;;;;;;;;;;;;;;;;;;;;;;;;;;35.00;47.00;;8.00;27.00;;;38.00;41.00;37.00;;;;;;;;;1266.20;1231.30;-20.700;-31.100;;;;;;;;;;;;;2000.100;-29.000;;;;;;;;;;55.00;55.00;55.00;;;;;34.00;;;;0;;;;;;;;;;;;;;132.200;;;;;;;;;;;;47.00;37.00;;;;;;;;;;;;;;0;0.00;0.00;;273.10;;3.00;-2.40;-4.60;;1.30;-1.00;;;;-2.60;;;;4.60;;;;0.70;4.70;1.80;7.00;0.80;4.80;2.00;7.40;0.80;-2.20;0.80;0.70;;;;;18.00;;;;30.00;;;;64.00;;;;33.00;;;;35.00;;;;;;;;45.00;;;;;;;;;;;;;;;;;;;;;;;;;;;;;;;;;;;;;;;;;;;;;;;;;;;;;;;;;;;;;;;;;;;;;;;;;;;;;;;;;;;;;;;;;;;;;;;;;;;;;;;;;;;;;;;;;;;;;;;;;;;;;;;;;;;;;;;;;;;;;;;;;;;;;;;;;;;;;;;;;;;;;;;;;;;;;;;;;;;;;;;;;;;;;;;;;;;;;;;;;;;;;;;;;;;;;;50.00;;;;;;;;;;;;;;;;;;;;;;;;;;;;;;;;;;;;;;;;;;;;;;;;;;;42.00;42.00;42.00;;;;6.00;;;;24.00;;;;;;;39.90;264.40;50.70;0.00;0.00;50.50;;;;;37.00;;;;;36.00;;;;;;;;36.00;;;;2000.10;2000.10;1;1;;;;;;;;;;;;;;;;;;;;;;;;0.00;0;0;0.00;0.00;;;;;;;;;;;;;;;;;;;;;;;;;;;;0;4.80;6.40;2.70;11.00;11.30;11.00;132;256;42;278;276;1249.80;;;32275814;3.00;;;;;;20.00
1579401000000;2020-01-19T03:30:00.000+0100;;;;;;;;;0.90;-29.10;398.50;398.80;397.80;111.00;111.00;116.00;-0.70;;;;;-0.70;-0.70;;;;;;;;;1.0;;;;;;;;;;;;;;;;;;;;;;;;;;;;;;;;;;;;;;;;;;;;50.00;;;;;;;;;;;;;;;;;;;;;;;;;;;;;;;;;;;;;;35.00;47.00;;8.00;27.00;;;38.00;41.00;37.00;;;;;;;;;1271.80;1231.60;27.800;-33.900;;;;;;;;;;;;;2000.100;-28.000;;;;;;;;;;55.00;55.00;55.00;;;;;34.00;;;;0;;;;;;;;;;;;;;124.200;;;;;;;;;;;;47.00;37.00;;;;;;;;;;;;;;0;0.00;0.00;;275.70;;3.00;-0.40;-8.40;;2.00;-0.60;;;;-1.40;;;;4.50;;;;0.80;4.50;1.60;6.80;0.90;4.50;1.60;6.50;0.90;-2.20;0.90;0.80;;;;;18.00;;;;30.00;;;;64.00;;;;33.00;;;;35.00;;;;;;;;45.00;;;;;;;;;;;;;;;;;;;;;;;;;;;;;;;;;;;;;;;;;;;;;;;;;;;;;;;;;;;;;;;;;;;;;;;;;;;;;;;;;;;;;;;;;;;;;;;;;;;;;;;;;;;;;;;;;;;;;;;;;;;;;;;;;;;;;;;;;;;;;;;;;;;;;;;;;;;;;;;;;;;;;;;;;;;;;;;;;;;;;;;;;;;;;;;;;;;;;;;;;;;;;;;;;;;;;;50.00;;;;;;;;;;;;;;;;;;;;;;;;;;;;;;;;;;;;;;;;;;;;;;;;;;;42.00;42.00;42.00;;;;6.00;;;;24.00;;;;;;;0.00;267.50;51.70;0.00;0.00;51.60;;;;;37.00;;;;;36.00;;;;;;;;36.00;;;;2000.10;2000.10;1;1;;;;;;;;;;;;;;;;;;;;;;;;0.00;0;0;0.00;0.00;;;;;;;;;;;;;;;;;;;;;;;;;;;;0;4.50;6.10;2.60;11.00;11.30;11.00;124;262;-8;278;278;1250.10;;;32275836;3.00;;;;;;20.00
1579401600000;2020-01-19T03:40:00.000+0100;;;;;;;;;0.90;-29.30;398.80;399.20;398.10;91.00;91.00;95.00;-0.40;;;;;-0.40;-0.30;;;;;;;;;1.0;;;;;;;;;;;;;;;;;;;;;;;;;;;;;;;;;;;;;;;;;;;;50.00;;;;;;;;;;;;;;;;;;;;;;;;;;;;;;;;;;;;;;35.00;46.00;;8.00;27.00;;;38.00;41.00;37.00;;;;;;;;;1269.50;1239.30;9.100;-30.500;;;;;;;;;;;;;2000.100;-29.000;;;;;;;;;;54.00;55.00;55.00;;;;;34.00;;;;0;;;;;;;;;;;;;;97.000;;;;;;;;;;;;47.00;37.00;;;;;;;;;;;;;;0;0.00;0.00;;280.50;;3.00;2.00;-10.90;;2.40;1.90;;;;1.30;;;;4.30;;;;0.60;4.20;1.60;6.30;0.80;4.10;2.00;6.30;0.80;-1.40;0.90;0.60;;;;;18.00;;;;30.00;;;;64.00;;;;33.00;;;;35.00;;;;;;;;44.00;;;;;;;;;;;;;;;;;;;;;;;;;;;;;;;;;;;;;;;;;;;;;;;;;;;;;;;;;;;;;;;;;;;;;;;;;;;;;;;;;;;;;;;;;;;;;;;;;;;;;;;;;;;;;;;;;;;;;;;;;;;;;;;;;;;;;;;;;;;;;;;;;;;;;;;;;;;;;;;;;;;;;;;;;;;;;;;;;;;;;;;;;;;;;;;;;;;;;;;;;;;;;;;;;;;;;;50.00;;;;;;;;;;;;;;;;;;;;;;;;;;;;;;;;;;;;;;;;;;;;;;;;;;;42.00;42.00;42.00;;;;5.40;;;;24.00;;;;;;;0.00;248.60;45.20;0.00;0.00;45.00;;;;;37.00;;;;;36.00;;;;;;;;36.00;;;;2000.10;2000.10;1;1;;;;;;;;;;;;;;;;;;;;;;;;0.00;0;0;0.00;0.00;;;;;;;;;;;;;;;;;;;;;;;;;;;;0;4.20;5.50;2.50;11.00;11.30;11.00;97;244;-2;278;280;1250.10;;;32275852;3.00;;;;;;20.00
1579402200000;2020-01-19T03:50:00.000+0100;;;;;;;;;1.00;-29.90;398.30;398.70;397.60;132.00;131.00;136.00;-0.90;;;;;-0.90;-0.90;;;;;;;;;1.0;;;;;;;;;;;;;;;;;;;;;;;;;;;;;;;;;;;;;;;;;;;;50.00;;;;;;;;;;;;;;;;;;;;;;;;;;;;;;;;;;;;;;35.00;46.00;;8.00;27.00;;;38.00;41.00;37.00;;;;;;;;;1265.90;1231.90;-29.100;-34.000;;;;;;;;;;;;;2000.100;-29.000;;;;;;;;;;54.00;55.00;55.00;;;;;34.00;;;;0;;;;;;;;;;;;;;150.500;;;;;;;;;;;;47.00;37.00;;;;;;;;;;;;;;0;0.00;0.00;;279.90;;3.00;-1.60;-9.90;;1.40;-0.20;;;;-3.10;;;;4.70;;;;0.60;4.70;2.20;6.90;0.80;4.70;2.00;6.80;0.80;-2.00;0.60;0.60;;;;;18.00;;;;30.00;;;;64.00;;;;33.00;;;;35.00;;;;;;;;45.00;;;;;;;;;;;;;;;;;;;;;;;;;;;;;;;;;;;;;;;;;;;;;;;;;;;;;;;;;;;;;;;;;;;;;;;;;;;;;;;;;;;;;;;;;;;;;;;;;;;;;;;;;;;;;;;;;;;;;;;;;;;;;;;;;;;;;;;;;;;;;;;;;;;;;;;;;;;;;;;;;;;;;;;;;;;;;;;;;;;;;;;;;;;;;;;;;;;;;;;;;;;;;;;;;;;;;;50.00;;;;;;;;;;;;;;;;;;;;;;;;;;;;;;;;;;;;;;;;;;;;;;;;;;;42.00;42.00;42.00;;;;5.70;;;;24.00;;;;;;;36.20;310.50;50.40;0.00;0.00;50.10;;;;;37.00;;;;;36.00;;;;;;;;37.00;;;;2000.10;2000.10;1;1;;;;;;;;;;;;;;;;;;;;;;;;0.00;0;0;0.00;0.00;;;;;;;;;;;;;;;;;;;;;;;;;;;;0;4.70;6.10;3.10;11.00;11.30;11.00;150;303;37;278;277;1250.10;;;32275878;3.00;;;;;;20.00
1579402800000;2020-01-19T04:00:00.000+0100;;;;;;;;;0.90;-29.20;397.80;398.20;397.10;99.00;101.00;104.00;-0.40;;;;;-0.40;-0.40;;;;;;;;;1.0;;;;;;;;;;;;;;;;;;;;;;;;;;;;;;;;;;;;;;;;;;;;50.00;;;;;;;;;;;;;;;;;;;;;;;;;;;;;;;;;;;;;;35.00;46.00;;8.00;27.00;;;38.00;41.00;37.00;;;;;;;;;1269.50;1236.60;-24.400;-30.500;;;;;;;;;;;;;2000.100;-28.000;;;;;;;;;;54.00;55.00;55.00;;;;;34.00;;;;0;;;;;;;;;;;;;;109.400;;;;;;;;;;;;47.00;36.00;;;;;;;;;;;;;;0;0.00;0.00;;282.70;;3.00;4.70;4.20;;1.50;6.00;;;;5.10;;;;4.40;;;;0.50;4.20;1.10;7.30;0.80;4.20;1.50;5.90;0.70;-1.20;0.80;0.50;;;;;18.00;;;;30.00;;;;64.00;;;;33.00;;;;35.00;;;;;;;;45.00;;;;;;;;;;;;;;;;;;;;;;;;;;;;;;;;;;;;;;;;;;;;;;;;;;;;;;;;;;;;;;;;;;;;;;;;;;;;;;;;;;;;;;;;;;;;;;;;;;;;;;;;;;;;;;;;;;;;;;;;;;;;;;;;;;;;;;;;;;;;;;;;;;;;;;;;;;;;;;;;;;;;;;;;;;;;;;;;;;;;;;;;;;;;;;;;;;;;;;;;;;;;;;;;;;;;;;50.00;;;;;;;;;;;;;;;;;;;;;;;;;;;;;;;;;;;;;;;;;;;;;;;;;;;42.00;42.00;42.00;;;;5.70;;;;24.00;;;;;;;17.50;273.30;46.30;0.00;0.00;46.00;;;;;37.00;;;;;36.00;;;;;;;;36.00;;;;2000.10;2000.10;1;1;;;;;;;;;;;;;;;;;;;;;;;;0.00;0;0;0.00;0.00;;;;;;;;;;;;;;;;;;;;;;;;;;;;0;4.20;5.20;2.70;11.00;11.30;11.00;109;269;20;281;286;1250.10;;;32275896;3.00;;;;;;20.00
1579403400000;2020-01-19T04:10:00.000+0100;;;;;;;;;0.90;-29.00;398.00;398.30;397.20;109.00;110.00;113.00;-0.60;;;;;-0.60;-0.60;;;;;;;;;1.0;;;;;;;;;;;;;;;;;;;;;;;;;;;;;;;;;;;;;;;;;;;;50.00;;;;;;;;;;;;;;;;;;;;;;;;;;;;;;;;;;;;;;35.00;46.00;;8.00;27.00;;;38.00;41.00;37.00;;;;;;;;;1272.10;1230.40;-24.700;-34.000;;;;;;;;;;;;;2000.100;-25.000;;;;;;;;;;54.00;55.00;55.00;;;;;34.00;;;;0;;;;;;;;;;;;;;121.000;;;;;;;;;;;;47.00;36.00;;;;;;;;;;;;;;0;0.00;0.00;;287.90;;3.00;2.30;-2.80;;1.90;3.00;;;;2.30;;;;4.50;;;;0.60;4.40;2.20;7.50;0.80;4.40;1.80;6.60;0.80;-2.30;0.60;0.60;;;;;18.00;;;;30.00;;;;64.00;;;;33.00;;;;35.00;;;;;;;;45.00;;;;;;;;;;;;;;;;;;;;;;;;;;;;;;;;;;;;;;;;;;;;;;;;;;;;;;;;;;;;;;;;;;;;;;;;;;;;;;;;;;;;;;;;;;;;;;;;;;;;;;;;;;;;;;;;;;;;;;;;;;;;;;;;;;;;;;;;;;;;;;;;;;;;;;;;;;;;;;;;;;;;;;;;;;;;;;;;;;;;;;;;;;;;;;;;;;;;;;;;;;;;;;;;;;;;;;50.00;;;;;;;;;;;;;;;;;;;;;;;;;;;;;;;;;;;;;;;;;;;;;;;;;;;42.00;42.00;42.00;;;;7.50;;;;24.00;;;;;;;17.60;412.30;73.20;0.00;0.00;73.00;;;;;37.00;;;;;36.00;;;;;;;;36.00;;;;2000.10;2000.10;1;1;;;;;;;;;;;;;;;;;;;;;;;;0.00;0;0;0.00;0.00;;;;;;;;;;;;;;;;;;;;;;;;;;;;0;4.40;6.30;3.00;11.00;11.30;11.00;121;410;18;288;290;1250.10;;;32275914;3.00;;;;;;20.00
1579404000000;2020-01-19T04:20:00.000+0100;;;;;;;;;0.90;-29.70;398.20;398.50;397.50;74.00;76.00;77.00;0.00;;;;;0.00;0.00;;;;;;;;;1.0;;;;;;;;;;;;;;;;;;;;;;;;;;;;;;;;;;;;;;;;;;;;50.00;;;;;;;;;;;;;;;;;;;;;;;;;;;;;;;;;;;;;;35.00;46.00;;8.00;27.00;;;38.00;41.00;37.00;;;;;;;;;1268.60;1235.70;-14.600;-33.900;;;;;;;;;;;;;2000.100;-29.000;;;;;;;;;;54.00;55.00;55.00;;;;;34.00;;;;0;;;;;;;;;;;;;;73.400;;;;;;;;;;;;47.00;37.00;;;;;;;;;;;;;;0;0.00;0.00;;290.20;;3.00;-3.40;-18.00;;2.80;-2.70;;;;-3.10;;;;4.10;;;;0.50;3.90;1.40;6.00;0.70;3.80;1.50;5.90;0.70;-1.20;0.70;0.50;;;;;18.00;;;;30.00;;;;64.00;;;;33.00;;;;35.00;;;;;;;;44.00;;;;;;;;;;;;;;;;;;;;;;;;;;;;;;;;;;;;;;;;;;;;;;;;;;;;;;;;;;;;;;;;;;;;;;;;;;;;;;;;;;;;;;;;;;;;;;;;;;;;;;;;;;;;;;;;;;;;;;;;;;;;;;;;;;;;;;;;;;;;;;;;;;;;;;;;;;;;;;;;;;;;;;;;;;;;;;;;;;;;;;;;;;;;;;;;;;;;;;;;;;;;;;;;;;;;;;50.00;;;;;;;;;;;;;;;;;;;;;;;;;;;;;;;;;;;;;;;;;;;;;;;;;;;42.00;42.00;42.00;;;;5.10;;;;24.00;;;;;;;0.00;228.40;41.70;0.00;0.00;41.60;;;;;37.00;;;;;35.00;;;;;;;;36.00;;;;2000.10;2000.10;1;1;;;;;;;;;;;;;;;;;;;;;;;;0.00;0;0;0.00;0.00;;;;;;;;;;;;;;;;;;;;;;;;;;;;0;3.90;5.10;2.80;11.00;11.30;11.00;73;222;3;292;288;1250.10;;;32275928;3.00;;;;;;20.00
1579404600000;2020-01-19T04:30:00.000+0100;;;;;;;;;0.90;-29.20;397.70;398.10;397.00;96.00;98.00;101.00;-0.30;;;;;-0.30;-0.40;;;;;;;;;1.0;;;;;;;;;;;;;;;;;;;;;;;;;;;;;;;;;;;;;;;;;;;;50.00;;;;;;;;;;;;;;;;;;;;;;;;;;;;;;;;;;;;;;35.00;46.00;;8.00;27.00;;;37.00;41.00;37.00;;;;;;;;;1271.80;1240.20;-24.600;-40.800;;;;;;;;;;;;;2000.100;-29.000;;;;;;;;;;54.00;55.00;55.00;;;;;34.00;;;;0;;;;;;;;;;;;;;105.300;;;;;;;;;;;;47.00;37.00;;;;;;;;;;;;;;0;0.00;0.00;;288.90;;3.00;0.00;-8.60;;2.70;1.00;;;;-0.50;;;;4.30;;;;0.60;4.20;1.80;7.60;0.80;4.10;1.90;6.40;0.70;-1.50;0.90;0.60;;;;;18.00;;;;30.00;;;;64.00;;;;33.00;;;;35.00;;;;;;;;44.00;;;;;;;;;;;;;;;;;;;;;;;;;;;;;;;;;;;;;;;;;;;;;;;;;;;;;;;;;;;;;;;;;;;;;;;;;;;;;;;;;;;;;;;;;;;;;;;;;;;;;;;;;;;;;;;;;;;;;;;;;;;;;;;;;;;;;;;;;;;;;;;;;;;;;;;;;;;;;;;;;;;;;;;;;;;;;;;;;;;;;;;;;;;;;;;;;;;;;;;;;;;;;;;;;;;;;;50.00;;;;;;;;;;;;;;;;;;;;;;;;;;;;;;;;;;;;;;;;;;;;;;;;;;;42.00;41.00;42.00;;;;4.80;;;;24.00;;;;;;;14.10;260.30;47.70;0.00;0.00;47.60;;;;;37.00;;;;;36.00;;;;;;;;36.00;;;;2000.10;2000.10;1;1;;;;;;;;;;;;;;;;;;;;;;;;0.00;0;0;0.00;0.00;;;;;;;;;;;;;;;;;;;;;;;;;;;;0;4.20;5.90;2.50;11.00;11.30;11.00;105;251;17;292;292;1250.40;;;32275946;3.00;;;;;;20.00
1579405200000;2020-01-19T04:40:00.000+0100;;;;;;;;;0.90;-29.70;397.20;397.60;396.50;93.00;95.00;98.00;-0.30;;;;;-0.30;-0.30;;;;;;;;;1.0;;;;;;;;;;;;;;;;;;;;;;;;;;;;;;;;;;;;;;;;;;;;50.00;;;;;;;;;;;;;;;;;;;;;;;;;;;;;;;;;;;;;;35.00;46.00;;8.00;27.00;;;37.00;40.00;37.00;;;;;;;;;1265.90;1235.40;5.900;-36.900;;;;;;;;;;;;;2000.100;-29.000;;;;;;;;;;54.00;55.00;55.00;;;;;34.00;;;;0;;;;;;;;;;;;;;100.900;;;;;;;;;;;;47.00;37.00;;;;;;;;;;;;;;0;0.00;0.00;;293.10;;3.00;-0.50;-7.30;;2.50;-0.80;;;;-1.10;;;;4.30;;;;0.60;4.10;1.50;6.50;0.80;4.10;1.60;6.20;0.80;-1.80;0.90;0.60;;;;;18.00;;;;30.00;;;;64.00;;;;33.00;;;;35.00;;;;;;;;44.00;;;;;;;;;;;;;;;;;;;;;;;;;;;;;;;;;;;;;;;;;;;;;;;;;;;;;;;;;;;;;;;;;;;;;;;;;;;;;;;;;;;;;;;;;;;;;;;;;;;;;;;;;;;;;;;;;;;;;;;;;;;;;;;;;;;;;;;;;;;;;;;;;;;;;;;;;;;;;;;;;;;;;;;;;;;;;;;;;;;;;;;;;;;;;;;;;;;;;;;;;;;;;;;;;;;;;;50.00;;;;;;;;;;;;;;;;;;;;;;;;;;;;;;;;;;;;;;;;;;;;;;;;;;;42.00;41.00;42.00;;;;5.10;;;;24.00;;;;;;;0.00;263.10;45.30;0.00;0.00;45.00;;;;;37.00;;;;;36.00;;;;;;;;36.00;;;;2000.10;2000.10;1;1;;;;;;;;;;;;;;;;;;;;;;;;0.00;0;0;0.00;0.00;;;;;;;;;;;;;;;;;;;;;;;;;;;;0;4.10;5.80;2.50;11.00;11.30;11.00;101;261;-2;292;291;1249.80;;;32275962;3.00;;;;;;20.00
1579405800000;2020-01-19T04:50:00.000+0100;;;;;;;;;0.80;-27.60;397.20;397.50;396.40;55.00;57.00;57.00;0.10;;;;;0.10;0.10;;;;;;;;;1.0;;;;;;;;;;;;;;;;;;;;;;;;;;;;;;;;;;;;;;;;;;;;50.00;;;;;;;;;;;;;;;;;;;;;;;;;;;;;;;;;;;;;;35.00;46.00;;8.00;27.00;;;37.00;40.00;37.00;;;;;;;;;1259.60;1238.70;27.300;-33.900;;;;;;;;;;;;;2000.100;-29.000;;;;;;;;;;54.00;55.00;55.00;;;;;34.00;;;;0;;;;;;;;;;;;;;45.100;;;;;;;;;;;;46.00;36.00;;;;;;;;;;;;;;0;0.00;0.00;;290.80;;3.00;-4.60;-10.10;;1.40;-6.10;;;;-3.50;;;;3.80;;;;0.60;3.90;1.20;6.40;0.80;3.60;1.20;6.70;0.80;-1.30;1.00;0.60;;;;;18.00;;;;30.00;;;;63.00;;;;33.00;;;;35.00;;;;;;;;43.00;;;;;;;;;;;;;;;;;;;;;;;;;;;;;;;;;;;;;;;;;;;;;;;;;;;;;;;;;;;;;;;;;;;;;;;;;;;;;;;;;;;;;;;;;;;;;;;;;;;;;;;;;;;;;;;;;;;;;;;;;;;;;;;;;;;;;;;;;;;;;;;;;;;;;;;;;;;;;;;;;;;;;;;;;;;;;;;;;;;;;;;;;;;;;;;;;;;;;;;;;;;;;;;;;;;;;;50.00;;;;;;;;;;;;;;;;;;;;;;;;;;;;;;;;;;;;;;;;;;;;;;;;;;;42.00;41.00;42.00;;;;3.90;;;;24.00;;;;;;;0.00;114.00;25.30;0.00;0.00;25.40;;;;;37.00;;;;;35.00;;;;;;;;36.00;;;;2000.10;2000.10;1;1;;;;;;;;;;;;;;;;;;;;;;;;0.00;0;0;0.00;0.00;;;;;;;;;;;;;;;;;;;;;;;;;;;;0;3.80;5.70;2.20;11.00;11.00;11.00;45;115;-9;290;285;1250.10;;;32275968;3.00;;;;;;20.00
1579406400000;2020-01-19T05:00:00.000+0100;;;;;;;;;0.90;-27.40;397.40;397.70;396.70;70.00;72.00;73.00;0.00;;;;;0.00;0.00;;;;;;;;;1.0;;;;;;;;;;;;;;;;;;;;;;;;;;;;;;;;;;;;;;;;;;;;50.00;;;;;;;;;;;;;;;;;;;;;;;;;;;;;;;;;;;;;;35.00;46.00;;8.00;27.00;;;37.00;40.00;37.00;;;;;;;;;1263.50;1237.80;37.800;-42.000;;;;;;;;;;;;;2000.100;-28.000;;;;;;;;;;54.00;55.00;54.00;;;;;34.00;;;;0;;;;;;;;;;;;;;68.700;;;;;;;;;;;;46.00;36.00;;;;;;;;;;;;;;0;0.00;0.00;;286.80;;3.00;1.00;-11.70;;1.80;1.10;;;;0.30;;;;4.00;;;;0.60;3.90;1.40;6.10;0.80;3.80;1.50;6.10;0.80;-1.30;0.90;0.50;;;;;18.00;;;;30.00;;;;63.00;;;;33.00;;;;35.00;;;;;;;;43.00;;;;;;;;;;;;;;;;;;;;;;;;;;;;;;;;;;;;;;;;;;;;;;;;;;;;;;;;;;;;;;;;;;;;;;;;;;;;;;;;;;;;;;;;;;;;;;;;;;;;;;;;;;;;;;;;;;;;;;;;;;;;;;;;;;;;;;;;;;;;;;;;;;;;;;;;;;;;;;;;;;;;;;;;;;;;;;;;;;;;;;;;;;;;;;;;;;;;;;;;;;;;;;;;;;;;;;49.00;;;;;;;;;;;;;;;;;;;;;;;;;;;;;;;;;;;;;;;;;;;;;;;;;;;41.00;41.00;41.00;;;;4.20;;;;24.00;;;;;;;0.00;204.70;37.00;0.00;0.00;37.10;;;;;37.00;;;;;35.00;;;;;;;;36.00;;;;2000.10;2000.10;1;1;;;;;;;;;;;;;;;;;;;;;;;;0.00;0;0;0.00;0.00;;;;;;;;;;;;;;;;;;;;;;;;;;;;0;3.80;5.40;2.30;11.00;11.30;11.00;68;196;-17;288;289;1250.10;;;32275980;3.00;;;;;;20.00
1579407000000;2020-01-19T05:10:00.000+0100;;;;;;;;;0.90;-29.70;396.80;397.20;396.20;87.00;87.00;90.00;-0.30;;;;;-0.30;-0.30;;;;;;;;;1.0;;;;;;;;;;;;;;;;;;;;;;;;;;;;;;;;;;;;;;;;;;;;50.00;;;;;;;;;;;;;;;;;;;;;;;;;;;;;;;;;;;;;;35.00;46.00;;7.00;27.00;;;37.00;40.00;37.00;;;;;;;;;1264.40;1238.10;-28.100;-33.900;;;;;;;;;;;;;2000.100;-29.000;;;;;;;;;;54.00;55.00;54.00;;;;;34.00;;;;0;;;;;;;;;;;;;;92.000;;;;;;;;;;;;46.00;36.00;;;;;;;;;;;;;;0;0.00;0.00;;290.10;;3.00;3.00;-6.90;;2.40;4.20;;;;2.70;;;;4.20;;;;0.50;4.10;1.90;5.90;0.70;4.10;1.70;5.90;0.70;-1.30;0.60;0.50;;;;;17.00;;;;30.00;;;;63.00;;;;33.00;;;;35.00;;;;;;;;44.00;;;;;;;;;;;;;;;;;;;;;;;;;;;;;;;;;;;;;;;;;;;;;;;;;;;;;;;;;;;;;;;;;;;;;;;;;;;;;;;;;;;;;;;;;;;;;;;;;;;;;;;;;;;;;;;;;;;;;;;;;;;;;;;;;;;;;;;;;;;;;;;;;;;;;;;;;;;;;;;;;;;;;;;;;;;;;;;;;;;;;;;;;;;;;;;;;;;;;;;;;;;;;;;;;;;;;;50.00;;;;;;;;;;;;;;;;;;;;;;;;;;;;;;;;;;;;;;;;;;;;;;;;;;;41.00;41.00;41.00;;;;4.80;;;;24.00;;;;;;;19.00;219.30;38.90;0.00;0.00;38.70;;;;;37.00;;;;;36.00;;;;;;;;36.00;;;;2000.10;2000.10;1;1;;;;;;;;;;;;;;;;;;;;;;;;0.00;0;0;0.00;0.00;;;;;;;;;;;;;;;;;;;;;;;;;;;;0;4.10;5.40;3.00;11.00;11.30;11.00;92;216;23;288;291;1249.80;;;32275996;3.00;;;;;;20.00
1579407600000;2020-01-19T05:20:00.000+0100;;;;;;;;;0.80;-34.30;396.70;397.10;396.10;74.00;75.00;78.00;0.00;;;;;0.00;0.00;;;;;;;;;1.0;;;;;;;;;;;;;;;;;;;;;;;;;;;;;;;;;;;;;;;;;;;;50.00;;;;;;;;;;;;;;;;;;;;;;;;;;;;;;;;;;;;;;35.00;46.00;;7.00;27.00;;;37.00;40.00;37.00;;;;;;;;;1260.80;1233.90;31.100;-47.500;;;;;;;;;;;;;2000.100;-40.000;;;;;;;;;;54.00;54.00;54.00;;;;;34.00;;;;0;;;;;;;;;;;;;;71.600;;;;;;;;;;;;46.00;36.00;;;;;;;;;;;;;;0;0.00;0.00;;289.70;;3.00;6.10;-0.40;;1.60;7.50;;;;6.40;;;;4.10;;;;0.50;3.90;1.70;6.50;0.70;3.90;1.90;5.70;0.60;-1.30;0.80;0.50;;;;;17.00;;;;30.00;;;;63.00;;;;33.00;;;;35.00;;;;;;;;43.00;;;;;;;;;;;;;;;;;;;;;;;;;;;;;;;;;;;;;;;;;;;;;;;;;;;;;;;;;;;;;;;;;;;;;;;;;;;;;;;;;;;;;;;;;;;;;;;;;;;;;;;;;;;;;;;;;;;;;;;;;;;;;;;;;;;;;;;;;;;;;;;;;;;;;;;;;;;;;;;;;;;;;;;;;;;;;;;;;;;;;;;;;;;;;;;;;;;;;;;;;;;;;;;;;;;;;;49.00;;;;;;;;;;;;;;;;;;;;;;;;;;;;;;;;;;;;;;;;;;;;;;;;;;;41.00;41.00;41.00;;;;4.20;;;;24.00;;;;;;;0.00;174.90;36.90;0.00;0.00;36.90;;;;;37.00;;;;;35.00;;;;;;;;36.00;;;;2000.10;2000.10;1;1;;;;;;;;;;;;;;;;;;;;;;;;0.00;0;0;0.00;0.00;;;;;;;;;;;;;;;;;;;;;;;;;;;;0;3.90;5.40;2.80;11.00;11.00;11.00;71;168;-9;288;294;1250.10;;;32276008;3.00;;;;;;20.00
1579408200000;2020-01-19T05:30:00.000+0100;;;;;;;;;0.90;-33.00;396.60;397.00;396.00;79.00;80.00;82.00;-0.10;;;;;-0.10;-0.10;;;;;;;;;1.0;;;;;;;;;;;;;;;;;;;;;;;;;;;;;;;;;;;;;;;;;;;;50.00;;;;;;;;;;;;;;;;;;;;;;;;;;;;;;;;;;;;;;35.00;46.00;;7.00;26.00;;;37.00;40.00;37.00;;;;;;;;;1262.90;1239.30;-14.600;-55.900;;;;;;;;;;;;;2000.100;-33.000;;;;;;;;;;54.00;54.00;54.00;;;;;34.00;;;;0;;;;;;;;;;;;;;79.500;;;;;;;;;;;;45.00;36.00;;;;;;;;;;;;;;0;0.00;0.00;;294.30;;3.00;3.40;3.10;;2.70;3.20;;;;3.70;;;;4.10;;;;0.60;3.90;1.60;6.30;0.80;4.00;1.20;5.60;0.80;-1.20;0.90;0.60;;;;;17.00;;;;30.00;;;;63.00;;;;32.00;;;;35.00;;;;;;;;43.00;;;;;;;;;;;;;;;;;;;;;;;;;;;;;;;;;;;;;;;;;;;;;;;;;;;;;;;;;;;;;;;;;;;;;;;;;;;;;;;;;;;;;;;;;;;;;;;;;;;;;;;;;;;;;;;;;;;;;;;;;;;;;;;;;;;;;;;;;;;;;;;;;;;;;;;;;;;;;;;;;;;;;;;;;;;;;;;;;;;;;;;;;;;;;;;;;;;;;;;;;;;;;;;;;;;;;;49.00;;;;;;;;;;;;;;;;;;;;;;;;;;;;;;;;;;;;;;;;;;;;;;;;;;;41.00;41.00;41.00;;;;4.20;;;;23.00;;;;;;;2.00;183.10;34.30;0.00;0.00;34.20;;;;;37.00;;;;;36.00;;;;;;;;36.00;;;;2000.10;2000.10;1;1;;;;;;;;;;;;;;;;;;;;;;;;0.00;0;0;0.00;0.00;;;;;;;;;;;;;;;;;;;;;;;;;;;;0;4.00;5.10;2.10;11.00;11.00;11.00;79;179;3;291;294;1250.10;;;32276022;3.00;;;;;;20.00
1579408800000;2020-01-19T05:40:00.000+0100;;;;;;;;;0.90;-40.80;397.10;397.50;396.50;98.00;98.00;102.00;-0.50;;;;;-0.50;-0.50;;;;;;;;;1.0;;;;;;;;;;;;;;;;;;;;;;;;;;;;;;;;;;;;;;;;;;;;50.00;;;;;;;;;;;;;;;;;;;;;;;;;;;;;;;;;;;;;;35.00;46.00;;7.00;26.00;;;37.00;40.00;37.00;;;;;;;;;1263.20;1240.80;-28.700;-55.800;;;;;;;;;;;;;2000.100;-31.000;;;;;;;;;;53.00;54.00;54.00;;;;;34.00;;;;0;;;;;;;;;;;;;;102.300;;;;;;;;;;;;45.00;36.00;;;;;;;;;;;;;;0;0.00;0.00;;294.30;;3.00;4.10;2.00;;1.20;4.40;;;;3.40;;;;4.30;;;;0.50;4.30;2.40;6.90;0.70;4.30;2.20;6.10;0.60;-1.70;0.60;0.50;;;;;17.00;;;;30.00;;;;63.00;;;;32.00;;;;35.00;;;;;;;;44.00;;;;;;;;;;;;;;;;;;;;;;;;;;;;;;;;;;;;;;;;;;;;;;;;;;;;;;;;;;;;;;;;;;;;;;;;;;;;;;;;;;;;;;;;;;;;;;;;;;;;;;;;;;;;;;;;;;;;;;;;;;;;;;;;;;;;;;;;;;;;;;;;;;;;;;;;;;;;;;;;;;;;;;;;;;;;;;;;;;;;;;;;;;;;;;;;;;;;;;;;;;;;;;;;;;;;;;49.00;;;;;;;;;;;;;;;;;;;;;;;;;;;;;;;;;;;;;;;;;;;;;;;;;;;41.00;41.00;41.00;;;;4.20;;;;23.00;;;;;;;15.40;234.10;43.00;0.00;0.00;42.90;;;;;37.00;;;;;36.00;;;;;;;;36.00;;;;2000.10;2000.10;1;1;;;;;;;;;;;;;;;;;;;;;;;;0.00;0;0;0.00;0.00;;;;;;;;;;;;;;;;;;;;;;;;;;;;0;4.30;5.60;3.10;11.00;11.00;11.00;102;233;18;292;296;1250.10;;;32276038;2.00;;;;;;20.00
1579409400000;2020-01-19T05:50:00.000+0100;;;;;;;;;0.70;-21.00;396.90;397.30;396.30;67.00;68.00;68.00;0.20;;;;;0.20;0.20;;;;;;;;;1.0;;;;;;;;;;;;;;;;;;;;;;;;;;;;;;;;;;;;;;;;;;;;50.00;;;;;;;;;;;;;;;;;;;;;;;;;;;;;;;;;;;;;;35.00;45.00;;7.00;26.00;;;37.00;40.00;37.00;;;;;;;;;1365.30;1218.10;108.500;-117.100;;;;;;;;;;;;;1792.000;-37.000;;;;;;;;;;53.00;54.00;54.00;;;;;34.00;;;;0;;;;;;;;;;;;;;53.100;;;;;;;;;;;;45.00;36.00;;;;;;;;;;;;;;0;0.00;0.00;;297.30;;3.00;1.60;-8.70;;2.00;3.10;;;;1.10;;;;3.90;;;;0.50;3.80;1.70;5.90;0.70;3.70;1.60;6.10;0.80;-1.10;5.10;0.80;;;;;17.00;;;;30.00;;;;63.00;;;;32.00;;;;35.00;;;;;;;;43.00;;;;;;;;;;;;;;;;;;;;;;;;;;;;;;;;;;;;;;;;;;;;;;;;;;;;;;;;;;;;;;;;;;;;;;;;;;;;;;;;;;;;;;;;;;;;;;;;;;;;;;;;;;;;;;;;;;;;;;;;;;;;;;;;;;;;;;;;;;;;;;;;;;;;;;;;;;;;;;;;;;;;;;;;;;;;;;;;;;;;;;;;;;;;;;;;;;;;;;;;;;;;;;;;;;;;;;49.00;;;;;;;;;;;;;;;;;;;;;;;;;;;;;;;;;;;;;;;;;;;;;;;;;;;41.00;41.00;41.00;;;;17.90;;;;23.00;;;;;;;0.00;255.40;42.20;0.00;0.00;46.20;;;;;37.00;;;;;35.00;;;;;;;;36.00;;;;0.00;2000.10;1;1;;;;;;;;;;;;;;;;;;;;;;;;0.30;0;0;0.00;0.00;;;;;;;;;;;;;;;;;;;;;;;;;;;;0;3.80;5.00;2.40;11.00;12.20;10.70;50;254;-28;292;293;1251.60;;;32276048;2.00;;;;;;20.00
1579410000000;2020-01-19T06:00:00.000+0100;;;;;;;;;0.90;-31.90;397.30;397.70;396.70;96.00;96.00;99.00;-0.40;;;;;-0.40;-0.40;;;;;;;;;1.0;;;;;;;;;;;;;;;;;;;;;;;;;;;;;;;;;;;;;;;;;;;;50.00;;;;;;;;;;;;;;;;;;;;;;;;;;;;;;;;;;;;;;35.00;45.00;;7.00;26.00;;;37.00;40.00;36.00;;;;;;;;;1268.00;1233.40;2.400;-44.900;;;;;;;;;;;;;2000.100;-29.000;;;;;;;;;;53.00;54.00;54.00;;;;;34.00;;;;0;;;;;;;;;;;;;;101.400;;;;;;;;;;;;45.00;36.00;;;;;;;;;;;;;;0;0.00;0.00;;294.80;;3.00;2.70;0.10;;2.40;3.70;;;;1.90;;;;4.30;;;;0.60;4.30;1.90;7.00;0.80;4.20;1.90;5.90;0.70;-1.40;0.90;0.60;;;;;17.00;;;;30.00;;;;63.00;;;;32.00;;;;35.00;;;;;;;;43.00;;;;;;;;;;;;;;;;;;;;;;;;;;;;;;;;;;;;;;;;;;;;;;;;;;;;;;;;;;;;;;;;;;;;;;;;;;;;;;;;;;;;;;;;;;;;;;;;;;;;;;;;;;;;;;;;;;;;;;;;;;;;;;;;;;;;;;;;;;;;;;;;;;;;;;;;;;;;;;;;;;;;;;;;;;;;;;;;;;;;;;;;;;;;;;;;;;;;;;;;;;;;;;;;;;;;;;49.00;;;;;;;;;;;;;;;;;;;;;;;;;;;;;;;;;;;;;;;;;;;;;;;;;;;41.00;41.00;41.00;;;;5.40;;;;23.00;;;;;;;0.00;246.30;50.90;0.00;0.00;50.80;;;;;37.00;;;;;36.00;;;;;;;;36.00;;;;2000.10;2000.10;1;1;;;;;;;;;;;;;;;;;;;;;;;;0.00;0;0;0.00;0.00;;;;;;;;;;;;;;;;;;;;;;;;;;;;0;4.20;5.50;2.50;11.00;11.30;11.00;101;241;-1;292;294;1250.40;;;32276064;2.00;;;;;;19.00
1579410600000;2020-01-19T06:10:00.000+0100;;;;;;;;;1.00;-32.80;397.60;398.00;397.00;129.00;129.00;134.00;-0.70;;;;;-0.70;-0.70;;;;;;;;;1.0;;;;;;;;;;;;;;;;;;;;;;;;;;;;;;;;;;;;;;;;;;;;50.00;;;;;;;;;;;;;;;;;;;;;;;;;;;;;;;;;;;;;;35.00;46.00;;7.00;26.00;;;37.00;40.00;36.00;;;;;;;;;1260.80;1237.50;-19.800;-50.000;;;;;;;;;;;;;2000.100;-35.000;;;;;;;;;;53.00;54.00;54.00;;;;;34.00;;;;0;;;;;;;;;;;;;;146.700;;;;;;;;;;;;45.00;36.00;;;;;;;;;;;;;;0;0.00;0.00;;295.90;;3.00;5.80;2.10;;1.90;7.00;;;;5.00;;;;4.70;;;;0.50;4.50;2.00;6.80;0.80;4.40;2.20;6.00;0.70;-1.70;0.70;0.50;;;;;17.00;;;;30.00;;;;63.00;;;;32.00;;;;35.00;;;;;;;;44.00;;;;;;;;;;;;;;;;;;;;;;;;;;;;;;;;;;;;;;;;;;;;;;;;;;;;;;;;;;;;;;;;;;;;;;;;;;;;;;;;;;;;;;;;;;;;;;;;;;;;;;;;;;;;;;;;;;;;;;;;;;;;;;;;;;;;;;;;;;;;;;;;;;;;;;;;;;;;;;;;;;;;;;;;;;;;;;;;;;;;;;;;;;;;;;;;;;;;;;;;;;;;;;;;;;;;;;50.00;;;;;;;;;;;;;;;;;;;;;;;;;;;;;;;;;;;;;;;;;;;;;;;;;;;41.00;41.00;41.00;;;;4.50;;;;23.00;;;;;;;24.60;234.90;36.60;0.00;0.00;36.20;;;;;37.00;;;;;36.00;;;;;;;;37.00;;;;2000.10;2000.10;1;1;;;;;;;;;;;;;;;;;;;;;;;;0.00;0;0;0.00;0.00;;;;;;;;;;;;;;;;;;;;;;;;;;;;0;4.50;5.70;3.10;11.00;11.00;11.00;146;230;26;292;297;1249.80;;;32276088;2.00;;;;;;19.00
1579411200000;2020-01-19T06:20:00.000+0100;;;;;;;;;0.80;-27.20;397.90;398.30;397.30;69.00;70.00;71.00;0.10;;;;;0.10;0.10;;;;;;;;;0.0;;;;;;;;;;;;;;;;;;;;;;;;;;;;;;;;;;;;;;;;;;;;50.00;;;;;;;;;;;;;;;;;;;;;;;;;;;;;;;;;;;;;;35.00;46.00;;7.00;26.00;;;37.00;40.00;36.00;;;;;;;;;1321.10;1238.10;39.300;-57.600;;;;;;;;;;;;;1953.500;14.000;;;;;;;;;;53.00;54.00;54.00;;;;;34.00;;;;0;;;;;;;;;;;;;;62.400;;;;;;;;;;;;44.00;36.00;;;;;;;;;;;;;;0;0.00;0.00;;296.70;;3.00;-0.40;-0.40;;3.90;1.10;;;;-0.70;;;;4.00;;;;0.50;3.80;1.10;5.90;0.70;3.80;1.60;5.80;0.80;-0.90;0.80;0.60;;;;;17.00;;;;30.00;;;;63.00;;;;32.00;;;;35.00;;;;;;;;44.00;;;;;;;;;;;;;;;;;;;;;;;;;;;;;;;;;;;;;;;;;;;;;;;;;;;;;;;;;;;;;;;;;;;;;;;;;;;;;;;;;;;;;;;;;;;;;;;;;;;;;;;;;;;;;;;;;;;;;;;;;;;;;;;;;;;;;;;;;;;;;;;;;;;;;;;;;;;;;;;;;;;;;;;;;;;;;;;;;;;;;;;;;;;;;;;;;;;;;;;;;;;;;;;;;;;;;;50.00;;;;;;;;;;;;;;;;;;;;;;;;;;;;;;;;;;;;;;;;;;;;;;;;;;;41.00;41.00;41.00;;;;7.50;;;;23.00;;;;;;;0.00;170.80;44.90;0.00;0.00;45.90;;;;;37.00;;;;;35.00;;;;;;;;36.00;;;;0.00;2000.10;1;1;;;;;;;;;;;;;;;;;;;;;;;;0.00;0;0;0.00;0.00;;;;;;;;;;;;;;;;;;;;;;;;;;;;0;3.80;5.20;2.60;11.00;11.60;11.00;61;167;-19;295;294;1250.40;;;32276100;2.00;;;;;;19.00
1579411800000;2020-01-19T06:30:00.000+0100;;;;;;;;;0.60;-4.40;397.70;398.20;397.30;54.00;56.00;55.00;1.00;;;;;1.00;1.00;;;;;;;;;1.0;;;;;;;;;;;;;;;;;;;;;;;;;;;;;;;;;;;;;;;;;;;;50.00;;;;;;;;;;;;;;;;;;;;;;;;;;;;;;;;;;;;;;35.00;45.00;;7.00;26.00;;;37.00;40.00;36.00;;;;;;;;;1361.40;1226.20;132.400;-98.500;;;;;;;;;;;;;1211.600;-28.000;;;;;;;;;;52.00;53.00;53.00;;;;;34.00;;;;0;;;;;;;;;;;;;;28.900;;;;;;;;;;;;44.00;36.00;;;;;;;;;;;;;;0;0.00;0.00;;290.60;;3.00;-5.70;-20.10;;3.00;-4.10;;;;-5.60;;;;3.60;;;;0.50;3.60;1.20;5.90;0.70;3.50;1.40;5.20;0.80;-1.00;4.90;1.50;;;;;17.00;;;;30.00;;;;62.00;;;;32.00;;;;34.00;;;;;;;;43.00;;;;;;;;;;;;;;;;;;;;;;;;;;;;;;;;;;;;;;;;;;;;;;;;;;;;;;;;;;;;;;;;;;;;;;;;;;;;;;;;;;;;;;;;;;;;;;;;;;;;;;;;;;;;;;;;;;;;;;;;;;;;;;;;;;;;;;;;;;;;;;;;;;;;;;;;;;;;;;;;;;;;;;;;;;;;;;;;;;;;;;;;;;;;;;;;;;;;;;;;;;;;;;;;;;;;;;49.00;;;;;;;;;;;;;;;;;;;;;;;;;;;;;;;;;;;;;;;;;;;;;;;;;;;41.00;41.00;41.00;;;;41.50;;;;23.00;;;;;;;0.00;232.10;27.30;0.00;0.00;35.80;;;;;36.00;;;;;35.00;;;;;;;;36.00;;;;0.00;2000.10;1;1;;;;;;;;;;;;;;;;;;;;;;;;0.30;0;0;0.00;0.00;;;;;;;;;;;;;;;;;;;;;;;;;;;;0;3.60;4.90;2.30;11.30;11.90;10.70;25;237;-29;297;291;1275.40;;;32276104;2.00;;;;;;19.00
1579412400000;2020-01-19T06:40:00.000+0100;;;;;;;;;0.60;-25.10;397.40;397.80;396.80;49.00;50.00;49.00;0.30;;;;;0.30;0.30;;;;;;;;;1.0;;;;;;;;;;;;;;;;;;;;;;;;;;;;;;;;;;;;;;;;;;;;50.00;;;;;;;;;;;;;;;;;;;;;;;;;;;;;;;;;;;;;;35.00;45.00;;7.00;26.00;;;37.00;40.00;36.00;;;;;;;;;1258.40;1237.20;67.800;-73.300;;;;;;;;;;;;;2000.100;41.000;;;;;;;;;;52.00;53.00;52.00;;;;;34.00;;;;0;;;;;;;;;;;;;;30.400;;;;;;;;;;;;44.00;36.00;;;;;;;;;;;;;;0;0.00;0.00;;288.50;;3.00;-6.30;-12.30;;1.20;-7.20;;;;-5.60;;;;3.60;;;;0.50;3.70;1.40;6.40;0.70;3.50;1.20;5.20;0.70;-0.70;0.90;0.40;;;;;17.00;;;;29.00;;;;62.00;;;;32.00;;;;35.00;;;;;;;;43.00;;;;;;;;;;;;;;;;;;;;;;;;;;;;;;;;;;;;;;;;;;;;;;;;;;;;;;;;;;;;;;;;;;;;;;;;;;;;;;;;;;;;;;;;;;;;;;;;;;;;;;;;;;;;;;;;;;;;;;;;;;;;;;;;;;;;;;;;;;;;;;;;;;;;;;;;;;;;;;;;;;;;;;;;;;;;;;;;;;;;;;;;;;;;;;;;;;;;;;;;;;;;;;;;;;;;;;49.00;;;;;;;;;;;;;;;;;;;;;;;;;;;;;;;;;;;;;;;;;;;;;;;;;;;41.00;41.00;41.00;;;;3.60;;;;23.00;;;;;;;0.00;90.20;22.80;0.00;0.00;23.50;;;;;37.00;;;;;35.00;;;;;;;;36.00;;;;2000.10;2000.10;1;1;;;;;;;;;;;;;;;;;;;;;;;;0.00;0;0;0.00;0.00;;;;;;;;;;;;;;;;;;;;;;;;;;;;0;3.60;4.60;2.30;11.00;11.00;11.00;30;89;-22;295;288;1250.10;;;32276108;2.00;;;;;;19.00
1579413000000;2020-01-19T06:50:00.000+0100;;;;;;;;;0.70;-18.90;397.20;397.60;396.60;51.00;52.00;52.00;0.60;;;;;0.60;0.60;;;;;;;;;1.0;;;;;;;;;;;;;;;;;;;;;;;;;;;;;;;;;;;;;;;;;;;;50.00;;;;;;;;;;;;;;;;;;;;;;;;;;;;;;;;;;;;;;35.00;45.00;;7.00;26.00;;;37.00;40.00;36.00;;;;;;;;;1361.70;1224.10;66.300;-58.000;;;;;;;;;;;;;1647.400;-25.000;;;;;;;;;;51.00;52.00;52.00;;;;;34.00;;;;0;;;;;;;;;;;;;;37.200;;;;;;;;;;;;44.00;36.00;;;;;;;;;;;;;;0;0.00;0.00;;283.80;;3.00;2.60;-6.30;;1.80;3.70;;;;1.90;;;;3.70;;;;0.50;3.60;1.40;5.50;0.70;3.50;1.10;6.20;0.80;-0.70;4.50;1.00;;;;;17.00;;;;29.00;;;;62.00;;;;32.00;;;;35.00;;;;;;;;42.00;;;;;;;;;;;;;;;;;;;;;;;;;;;;;;;;;;;;;;;;;;;;;;;;;;;;;;;;;;;;;;;;;;;;;;;;;;;;;;;;;;;;;;;;;;;;;;;;;;;;;;;;;;;;;;;;;;;;;;;;;;;;;;;;;;;;;;;;;;;;;;;;;;;;;;;;;;;;;;;;;;;;;;;;;;;;;;;;;;;;;;;;;;;;;;;;;;;;;;;;;;;;;;;;;;;;;;49.00;;;;;;;;;;;;;;;;;;;;;;;;;;;;;;;;;;;;;;;;;;;;;;;;;;;41.00;41.00;41.00;;;;28.60;;;;23.00;;;;;;;0.00;235.60;28.10;0.00;0.00;34.00;;;;;37.00;;;;;35.00;;;;;;;;36.00;;;;0.00;2000.10;1;1;;;;;;;;;;;;;;;;;;;;;;;;0.30;0;0;0.00;0.00;;;;;;;;;;;;;;;;;;;;;;;;;;;;0;3.50;4.60;2.20;11.00;11.90;10.70;34;231;-25;285;287;1259.30;;;32276114;2.00;;;;;;19.00
1579413600000;2020-01-19T07:00:00.000+0100;;;;;;;;;0.80;-28.80;396.90;397.20;396.30;56.00;57.00;58.00;0.10;;;;;0.10;0.10;;;;;;;;;1.0;;;;;;;;;;;;;;;;;;;;;;;;;;;;;;;;;;;;;;;;;;;;50.00;;;;;;;;;;;;;;;;;;;;;;;;;;;;;;;;;;;;;;35.00;45.00;;7.00;26.00;;;36.00;40.00;36.00;;;;;;;;;1259.90;1238.40;27.800;-33.900;;;;;;;;;;;;;2000.100;-28.000;;;;;;;;;;51.00;52.00;52.00;;;;;34.00;;;;0;;;;;;;;;;;;;;46.500;;;;;;;;;;;;44.00;35.00;;;;;;;;;;;;;;0;0.00;0.00;;287.20;;3.00;-0.30;-6.00;;1.80;-0.10;;;;-0.80;;;;3.80;;;;0.40;3.80;1.80;5.70;0.70;3.60;1.50;5.60;0.70;-0.60;1.00;0.40;;;;;17.00;;;;29.00;;;;62.00;;;;32.00;;;;35.00;;;;;;;;43.00;;;;;;;;;;;;;;;;;;;;;;;;;;;;;;;;;;;;;;;;;;;;;;;;;;;;;;;;;;;;;;;;;;;;;;;;;;;;;;;;;;;;;;;;;;;;;;;;;;;;;;;;;;;;;;;;;;;;;;;;;;;;;;;;;;;;;;;;;;;;;;;;;;;;;;;;;;;;;;;;;;;;;;;;;;;;;;;;;;;;;;;;;;;;;;;;;;;;;;;;;;;;;;;;;;;;;;49.00;;;;;;;;;;;;;;;;;;;;;;;;;;;;;;;;;;;;;;;;;;;;;;;;;;;41.00;41.00;41.00;;;;3.90;;;;23.00;;;;;;;0.00;108.80;22.80;0.00;0.00;22.70;;;;;37.00;;;;;35.00;;;;;;;;36.00;;;;2000.10;2000.10;1;1;;;;;;;;;;;;;;;;;;;;;;;;0.00;0;0;0.00;0.00;;;;;;;;;;;;;;;;;;;;;;;;;;;;0;3.70;4.60;2.40;11.00;11.00;11.00;46;108;-7;285;284;1250.10;;;32276122;2.00;;;;;;19.00
1579414200000;2020-01-19T07:10:00.000+0100;;;;;;;;;0.80;-27.10;397.80;398.20;397.20;63.00;64.00;65.00;0.10;;;;;0.10;0.10;;;;;;;;;1.0;;;;;;;;;;;;;;;;;;;;;;;;;;;;;;;;;;;;;;;;;;;;50.00;;;;;;;;;;;;;;;;;;;;;;;;;;;;;;;;;;;;;;35.00;45.00;;7.00;26.00;;;36.00;40.00;36.00;;;;;;;;;1263.20;1239.60;32.200;-61.200;;;;;;;;;;;;;2000.100;-33.000;;;;;;;;;;52.00;52.00;52.00;;;;;34.00;;;;0;;;;;;;;;;;;;;56.400;;;;;;;;;;;;44.00;35.00;;;;;;;;;;;;;;0;0.00;0.00;;284.50;;3.00;1.50;-11.80;;2.90;3.70;;;;2.50;;;;3.90;;;;0.50;3.80;1.70;6.20;0.70;3.70;1.30;5.50;0.70;-1.10;1.00;0.50;;;;;17.00;;;;29.00;;;;62.00;;;;32.00;;;;35.00;;;;;;;;43.00;;;;;;;;;;;;;;;;;;;;;;;;;;;;;;;;;;;;;;;;;;;;;;;;;;;;;;;;;;;;;;;;;;;;;;;;;;;;;;;;;;;;;;;;;;;;;;;;;;;;;;;;;;;;;;;;;;;;;;;;;;;;;;;;;;;;;;;;;;;;;;;;;;;;;;;;;;;;;;;;;;;;;;;;;;;;;;;;;;;;;;;;;;;;;;;;;;;;;;;;;;;;;;;;;;;;;;49.00;;;;;;;;;;;;;;;;;;;;;;;;;;;;;;;;;;;;;;;;;;;;;;;;;;;41.00;41.00;41.00;;;;4.50;;;;23.00;;;;;;;0.00;174.70;34.60;0.00;0.00;34.80;;;;;37.00;;;;;36.00;;;;;;;;36.00;;;;2000.10;2000.10;1;1;;;;;;;;;;;;;;;;;;;;;;;;0.00;0;0;0.00;0.00;;;;;;;;;;;;;;;;;;;;;;;;;;;;0;3.80;5.20;2.50;11.00;11.00;11.00;56;168;-17;285;286;1250.10;;;32276132;2.00;;;;;;19.00
1579414800000;2020-01-19T07:20:00.000+0100;;;;;;;;;0.80;-28.60;397.90;398.30;397.30;77.00;78.00;79.00;-0.20;;;;;-0.20;-0.20;;;;;;;;;1.0;;;;;;;;;;;;;;;;;;;;;;;;;;;;;;;;;;;;;;;;;;;;50.00;;;;;;;;;;;;;;;;;;;;;;;;;;;;;;;;;;;;;;35.00;45.00;;7.00;26.00;;;36.00;39.00;36.00;;;;;;;;;1270.40;1237.50;27.400;-94.000;;;;;;;;;;;;;2000.100;-29.000;;;;;;;;;;52.00;53.00;52.00;;;;;34.00;;;;0;;;;;;;;;;;;;;74.500;;;;;;;;;;;;44.00;35.00;;;;;;;;;;;;;;0;0.00;0.00;;287.70;;3.00;5.50;-11.30;;3.40;6.30;;;;5.10;;;;4.10;;;;0.60;4.10;1.50;8.90;0.80;4.00;1.50;5.90;0.70;-1.80;1.00;0.60;;;;;17.00;;;;29.00;;;;62.00;;;;32.00;;;;35.00;;;;;;;;43.00;;;;;;;;;;;;;;;;;;;;;;;;;;;;;;;;;;;;;;;;;;;;;;;;;;;;;;;;;;;;;;;;;;;;;;;;;;;;;;;;;;;;;;;;;;;;;;;;;;;;;;;;;;;;;;;;;;;;;;;;;;;;;;;;;;;;;;;;;;;;;;;;;;;;;;;;;;;;;;;;;;;;;;;;;;;;;;;;;;;;;;;;;;;;;;;;;;;;;;;;;;;;;;;;;;;;;;49.00;;;;;;;;;;;;;;;;;;;;;;;;;;;;;;;;;;;;;;;;;;;;;;;;;;;41.00;41.00;41.00;;;;5.40;;;;23.00;;;;;;;0.00;247.00;52.00;0.00;0.00;52.40;;;;;37.00;;;;;36.00;;;;;;;;36.00;;;;2000.10;2000.10;1;1;;;;;;;;;;;;;;;;;;;;;;;;0.00;0;0;0.00;0.00;;;;;;;;;;;;;;;;;;;;;;;;;;;;0;4.00;5.70;2.60;11.00;11.30;11.00;74;244;-24;285;290;1250.10;;;32276144;2.00;;;;;;19.00
1579415400000;2020-01-19T07:30:00.000+0100;;;;;;;;;0.50;25.70;398.20;398.60;397.80;57.00;59.00;58.00;2.80;;;;;2.80;2.80;;;;;;;;;0.0;;;;;;;;;;;;;;;;;;;;;;;;;;;;;;;;;;;;;;;;;;;;50.00;;;;;;;;;;;;;;;;;;;;;;;;;;;;;;;;;;;;;;35.00;45.00;;7.00;26.00;;;36.00;39.00;36.00;;;;;;;;;1352.40;315.70;76.400;-73.600;;;;;;;;;;;;;798.700;0.000;;;;;;;;;;51.00;52.00;52.00;;;;;34.00;;;;0;;;;;;;;;;;;;;24.800;;;;;;;;;;;;44.00;35.00;;;;;;;;;;;;;;0;0.00;0.00;;287.00;;3.00;0.80;-1.60;;1.30;0.70;;;;-0.30;;;;3.50;;;;0.50;3.60;1.20;5.60;0.70;3.40;1.20;5.80;0.80;-1.10;26.50;4.90;;;;;17.00;;;;29.00;;;;62.00;;;;32.00;;;;34.00;;;;;;;;42.00;;;;;;;;;;;;;;;;;;;;;;;;;;;;;;;;;;;;;;;;;;;;;;;;;;;;;;;;;;;;;;;;;;;;;;;;;;;;;;;;;;;;;;;;;;;;;;;;;;;;;;;;;;;;;;;;;;;;;;;;;;;;;;;;;;;;;;;;;;;;;;;;;;;;;;;;;;;;;;;;;;;;;;;;;;;;;;;;;;;;;;;;;;;;;;;;;;;;;;;;;;;;;;;;;;;;;;49.00;;;;;;;;;;;;;;;;;;;;;;;;;;;;;;;;;;;;;;;;;;;;;;;;;;;41.00;41.00;41.00;;;;194.60;;;;22.00;;;;;;;0.00;156.50;33.20;0.00;0.00;38.40;;;;;36.00;;;;;34.00;;;;;;;;35.00;;;;0.00;2000.10;11;11;;;;;;;;;;;;;;;;;;;;;;;;1.80;0;0;0.00;0.00;;;;;;;;;;;;;;;;;;;;;;;;;;;;0;3.50;4.90;2.30;11.00;11.90;2.70;13;151;-25;285;286;1242.30;;;32276146;2.00;;;;;;19.00
1579416000000;2020-01-19T07:40:00.000+0100;;;;;;;;;0.90;-19.60;397.60;397.90;397.10;48.00;48.00;49.00;6.60;;;;;6.60;6.60;;;;;;;;;1.0;;;;;;;;;;;;;;;;;;;;;;;;;;;;;;;;;;;;;;;;;;;;50.00;;;;;;;;;;;;;;;;;;;;;;;;;;;;;;;;;;;;;;35.00;44.00;;7.00;24.00;;;36.00;39.00;36.00;;;;;;;;;1395.40;258.10;16.300;-36.900;;;;;;;;;;;;;1239.600;-29.000;;;;;;;;;;49.00;50.00;49.00;;;;;34.00;;;;0;;;;;;;;;;;;;;50.200;;;;;;;;;;;;44.00;34.00;;;;;;;;;;;;;;0;0.00;0.00;;285.30;;3.00;-1.20;-1.50;;3.70;-0.90;;;;-1.90;;;;3.90;;;;0.50;3.90;1.70;5.80;0.70;3.80;1.80;5.50;0.70;-2.30;24.10;10.80;;;;;17.00;;;;29.00;;;;60.00;;;;31.00;;;;35.00;;;;;;;;42.00;;;;;;;;;;;;;;;;;;;;;;;;;;;;;;;;;;;;;;;;;;;;;;;;;;;;;;;;;;;;;;;;;;;;;;;;;;;;;;;;;;;;;;;;;;;;;;;;;;;;;;;;;;;;;;;;;;;;;;;;;;;;;;;;;;;;;;;;;;;;;;;;;;;;;;;;;;;;;;;;;;;;;;;;;;;;;;;;;;;;;;;;;;;;;;;;;;;;;;;;;;;;;;;;;;;;;;48.00;;;;;;;;;;;;;;;;;;;;;;;;;;;;;;;;;;;;;;;;;;;;;;;;;;;41.00;40.00;42.00;;;;434.20;;;;22.00;;;;;;;0.00;244.50;40.10;0.00;0.00;44.50;;;;;36.00;;;;;35.00;;;;;;;;36.00;;;;0.00;2000.10;1;1;;;;;;;;;;;;;;;;;;;;;;;;3.90;0;0;0.00;0.00;;;;;;;;;;;;;;;;;;;;;;;;;;;;0;3.90;5.00;2.30;8.70;12.20;2.40;37;240;-24;285;284;964.20;;;32276152;2.00;;;;;;19.00
1579416600000;2020-01-19T07:50:00.000+0100;;;;;;;;;0.80;-31.60;397.20;397.50;396.50;69.00;70.00;71.00;-0.20;;;;;-0.20;-0.20;;;;;;;;;1.0;;;;;;;;;;;;;;;;;;;;;;;;;;;;;;;;;;;;;;;;;;;;50.00;;;;;;;;;;;;;;;;;;;;;;;;;;;;;;;;;;;;;;35.00;45.00;;7.00;25.00;;;36.00;39.00;36.00;;;;;;;;;1263.80;1238.10;19.100;-83.200;;;;;;;;;;;;;2000.100;-12.000;;;;;;;;;;49.00;50.00;50.00;;;;;35.00;;;;0;;;;;;;;;;;;;;63.200;;;;;;;;;;;;43.00;35.00;;;;;;;;;;;;;;0;0.00;0.00;;282.30;;3.00;-2.90;-15.10;;2.30;-1.90;;;;-3.40;;;;4.00;;;;0.60;4.00;1.90;5.80;0.70;4.00;1.70;6.00;0.70;-1.30;0.90;0.60;;;;;17.00;;;;29.00;;;;60.00;;;;31.00;;;;35.00;;;;;;;;43.00;;;;;;;;;;;;;;;;;;;;;;;;;;;;;;;;;;;;;;;;;;;;;;;;;;;;;;;;;;;;;;;;;;;;;;;;;;;;;;;;;;;;;;;;;;;;;;;;;;;;;;;;;;;;;;;;;;;;;;;;;;;;;;;;;;;;;;;;;;;;;;;;;;;;;;;;;;;;;;;;;;;;;;;;;;;;;;;;;;;;;;;;;;;;;;;;;;;;;;;;;;;;;;;;;;;;;;48.00;;;;;;;;;;;;;;;;;;;;;;;;;;;;;;;;;;;;;;;;;;;;;;;;;;;41.00;41.00;41.00;;;;4.20;;;;22.00;;;;;;;0.00;168.30;35.40;0.00;0.00;35.60;;;;;38.00;;;;;36.00;;;;;;;;37.00;;;;2000.10;2000.10;1;1;;;;;;;;;;;;;;;;;;;;;;;;0.00;0;0;0.00;0.00;;;;;;;;;;;;;;;;;;;;;;;;;;;;0;4.00;5.40;2.60;11.00;11.30;11.00;63;164;-20;285;282;1249.80;;;32276164;2.00;;;;;;19.00
1579417200000;2020-01-19T08:00:00.000+0100;;;;;;;;;0.80;-29.20;396.70;397.00;396.10;69.00;70.00;70.00;-0.20;;;;;-0.20;-0.20;;;;;;;;;1.0;;;;;;;;;;;;;;;;;;;;;;;;;;;;;;;;;;;;;;;;;;;;50.00;;;;;;;;;;;;;;;;;;;;;;;;;;;;;;;;;;;;;;36.00;45.00;;7.00;25.00;;;36.00;39.00;36.00;;;;;;;;;1263.50;1237.20;14.100;-46.000;;;;;;;;;;;;;2000.100;-28.000;;;;;;;;;;49.00;50.00;50.00;;;;;34.00;;;;0;;;;;;;;;;;;;;65.300;;;;;;;;;;;;42.00;35.00;;;;;;;;;;;;;;0;0.00;0.00;;283.40;;3.00;-3.50;-21.10;;4.30;-3.10;;;;-4.20;;;;4.00;;;;0.50;4.10;1.80;6.30;0.70;4.00;1.60;6.10;0.70;-1.30;1.00;0.60;;;;;17.00;;;;29.00;;;;60.00;;;;31.00;;;;35.00;;;;;;;;43.00;;;;;;;;;;;;;;;;;;;;;;;;;;;;;;;;;;;;;;;;;;;;;;;;;;;;;;;;;;;;;;;;;;;;;;;;;;;;;;;;;;;;;;;;;;;;;;;;;;;;;;;;;;;;;;;;;;;;;;;;;;;;;;;;;;;;;;;;;;;;;;;;;;;;;;;;;;;;;;;;;;;;;;;;;;;;;;;;;;;;;;;;;;;;;;;;;;;;;;;;;;;;;;;;;;;;;;49.00;;;;;;;;;;;;;;;;;;;;;;;;;;;;;;;;;;;;;;;;;;;;;;;;;;;41.00;41.00;41.00;;;;4.80;;;;22.00;;;;;;;0.00;218.20;38.80;0.00;0.00;38.70;;;;;38.00;;;;;36.00;;;;;;;;37.00;;;;2000.10;2000.10;1;1;;;;;;;;;;;;;;;;;;;;;;;;0.00;0;0;0.00;0.00;;;;;;;;;;;;;;;;;;;;;;;;;;;;0;4.00;5.40;2.50;11.00;11.30;11.00;65;213;-3;285;282;1250.10;;;32276174;2.00;;;;;;19.00
1579417800000;2020-01-19T08:10:00.000+0100;;;;;;;;;0.80;-27.10;397.30;397.60;396.60;63.00;64.00;65.00;0.10;;;;;0.10;0.10;;;;;;;;;1.0;;;;;;;;;;;;;;;;;;;;;;;;;;;;;;;;;;;;;;;;;;;;50.00;;;;;;;;;;;;;;;;;;;;;;;;;;;;;;;;;;;;;;35.00;45.00;;7.00;25.00;;;36.00;39.00;36.00;;;;;;;;;1261.40;1238.10;64.300;-33.900;;;;;;;;;;;;;2000.100;-29.000;;;;;;;;;;50.00;51.00;50.00;;;;;34.00;;;;0;;;;;;;;;;;;;;55.600;;;;;;;;;;;;42.00;34.00;;;;;;;;;;;;;;0;0.00;0.00;;278.30;;3.00;0.10;-5.30;;1.70;0.80;;;;-0.40;;;;3.90;;;;0.50;3.90;1.80;6.20;0.70;3.70;1.50;5.90;0.70;-1.20;0.90;0.50;;;;;17.00;;;;29.00;;;;60.00;;;;31.00;;;;35.00;;;;;;;;43.00;;;;;;;;;;;;;;;;;;;;;;;;;;;;;;;;;;;;;;;;;;;;;;;;;;;;;;;;;;;;;;;;;;;;;;;;;;;;;;;;;;;;;;;;;;;;;;;;;;;;;;;;;;;;;;;;;;;;;;;;;;;;;;;;;;;;;;;;;;;;;;;;;;;;;;;;;;;;;;;;;;;;;;;;;;;;;;;;;;;;;;;;;;;;;;;;;;;;;;;;;;;;;;;;;;;;;;49.00;;;;;;;;;;;;;;;;;;;;;;;;;;;;;;;;;;;;;;;;;;;;;;;;;;;41.00;41.00;41.00;;;;4.50;;;;22.00;;;;;;;0.00;169.40;32.70;0.00;0.00;32.70;;;;;37.00;;;;;36.00;;;;;;;;37.00;;;;2000.10;2000.10;1;1;;;;;;;;;;;;;;;;;;;;;;;;0.00;0;0;0.00;0.00;;;;;;;;;;;;;;;;;;;;;;;;;;;;0;3.80;5.30;2.60;11.00;11.00;11.00;55;166;-14;285;285;1250.10;;;32276182;2.00;;;;;;19.00
1579418400000;2020-01-19T08:20:00.000+0100;;;;;;;;;0.90;-29.50;397.30;397.60;396.70;71.00;73.00;74.00;-0.30;;;;;-0.30;-0.30;;;;;;;;;1.0;;;;;;;;;;;;;;;;;;;;;;;;;;;;;;;;;;;;;;;;;;;;50.00;;;;;;;;;;;;;;;;;;;;;;;;;;;;;;;;;;;;;;35.00;45.00;;7.00;25.00;;;36.00;39.00;36.00;;;;;;;;;1261.10;1239.30;-24.700;-43.100;;;;;;;;;;;;;2000.100;-29.000;;;;;;;;;;50.00;51.00;51.00;;;;;34.00;;;;0;;;;;;;;;;;;;;70.200;;;;;;;;;;;;42.00;34.00;;;;;;;;;;;;;;0;0.00;0.00;;285.30;;3.00;-2.50;-9.80;;3.30;-0.60;;;;-3.50;;;;4.00;;;;0.50;4.20;2.00;6.80;0.70;4.10;1.90;6.00;0.70;-1.50;0.70;0.60;;;;;17.00;;;;29.00;;;;60.00;;;;31.00;;;;35.00;;;;;;;;43.00;;;;;;;;;;;;;;;;;;;;;;;;;;;;;;;;;;;;;;;;;;;;;;;;;;;;;;;;;;;;;;;;;;;;;;;;;;;;;;;;;;;;;;;;;;;;;;;;;;;;;;;;;;;;;;;;;;;;;;;;;;;;;;;;;;;;;;;;;;;;;;;;;;;;;;;;;;;;;;;;;;;;;;;;;;;;;;;;;;;;;;;;;;;;;;;;;;;;;;;;;;;;;;;;;;;;;;49.00;;;;;;;;;;;;;;;;;;;;;;;;;;;;;;;;;;;;;;;;;;;;;;;;;;;41.00;41.00;41.00;;;;4.20;;;;22.00;;;;;;;4.70;151.60;33.80;0.00;0.00;33.70;;;;;37.00;;;;;36.00;;;;;;;;36.00;;;;2000.10;2000.10;1;1;;;;;;;;;;;;;;;;;;;;;;;;0.00;0;0;0.00;0.00;;;;;;;;;;;;;;;;;;;;;;;;;;;;0;4.10;5.50;2.90;11.00;11.00;11.00;70;148;6;285;283;1250.10;;;32276194;1.00;;;;;;19.00
1579419000000;2020-01-19T08:30:00.000+0100;;;;;;;;;0.90;-28.20;397.90;398.10;397.10;88.00;90.00;91.00;-0.40;;;;;-0.40;-0.40;;;;;;;;;1.0;;;;;;;;;;;;;;;;;;;;;;;;;;;;;;;;;;;;;;;;;;;;50.00;;;;;;;;;;;;;;;;;;;;;;;;;;;;;;;;;;;;;;35.00;45.00;;7.00;25.00;;;36.00;39.00;36.00;;;;;;;;;1269.80;1230.70;52.200;-40.500;;;;;;;;;;;;;2000.100;-29.000;;;;;;;;;;50.00;51.00;51.00;;;;;34.00;;;;0;;;;;;;;;;;;;;92.500;;;;;;;;;;;;42.00;34.00;;;;;;;;;;;;;;0;0.00;0.00;;280.90;;3.00;3.50;-10.90;;3.20;5.10;;;;2.70;;;;4.20;;;;0.60;4.20;1.60;7.00;0.80;4.20;1.60;6.30;0.80;-1.50;0.80;0.60;;;;;17.00;;;;29.00;;;;60.00;;;;31.00;;;;35.00;;;;;;;;43.00;;;;;;;;;;;;;;;;;;;;;;;;;;;;;;;;;;;;;;;;;;;;;;;;;;;;;;;;;;;;;;;;;;;;;;;;;;;;;;;;;;;;;;;;;;;;;;;;;;;;;;;;;;;;;;;;;;;;;;;;;;;;;;;;;;;;;;;;;;;;;;;;;;;;;;;;;;;;;;;;;;;;;;;;;;;;;;;;;;;;;;;;;;;;;;;;;;;;;;;;;;;;;;;;;;;;;;49.00;;;;;;;;;;;;;;;;;;;;;;;;;;;;;;;;;;;;;;;;;;;;;;;;;;;41.00;41.00;41.00;;;;6.00;;;;22.00;;;;;;;0.00;261.40;57.30;0.00;0.00;57.20;;;;;37.00;;;;;36.00;;;;;;;;36.00;;;;2000.10;2000.10;1;1;;;;;;;;;;;;;;;;;;;;;;;;0.00;0;0;0.00;0.00;;;;;;;;;;;;;;;;;;;;;;;;;;;;0;4.20;5.70;2.40;11.00;11.30;11.00;92;259;-14;285;289;1250.40;;;32276210;1.00;;;;;;19.00
1579419600000;2020-01-19T08:40:00.000+0100;;;;;;;;;0.90;-29.40;398.50;398.80;397.80;88.00;90.00;91.00;-0.50;;;;;-0.50;-0.50;;;;;;;;;1.0;;;;;;;;;;;;;;;;;;;;;;;;;;;;;;;;;;;;;;;;;;;;50.00;;;;;;;;;;;;;;;;;;;;;;;;;;;;;;;;;;;;;;35.00;45.00;;7.00;25.00;;;36.00;39.00;36.00;;;;;;;;;1267.40;1234.80;-19.400;-49.900;;;;;;;;;;;;;2000.100;-29.000;;;;;;;;;;51.00;51.00;51.00;;;;;34.00;;;;0;;;;;;;;;;;;;;93.200;;;;;;;;;;;;41.00;34.00;;;;;;;;;;;;;;0;0.00;0.00;;286.40;;3.00;-0.70;-7.50;;3.00;1.10;;;;-3.40;;;;4.20;;;;0.50;4.30;1.80;6.40;0.80;4.30;1.90;6.20;0.70;-1.30;0.60;0.50;;;;;17.00;;;;29.00;;;;61.00;;;;31.00;;;;35.00;;;;;;;;43.00;;;;;;;;;;;;;;;;;;;;;;;;;;;;;;;;;;;;;;;;;;;;;;;;;;;;;;;;;;;;;;;;;;;;;;;;;;;;;;;;;;;;;;;;;;;;;;;;;;;;;;;;;;;;;;;;;;;;;;;;;;;;;;;;;;;;;;;;;;;;;;;;;;;;;;;;;;;;;;;;;;;;;;;;;;;;;;;;;;;;;;;;;;;;;;;;;;;;;;;;;;;;;;;;;;;;;;49.00;;;;;;;;;;;;;;;;;;;;;;;;;;;;;;;;;;;;;;;;;;;;;;;;;;;41.00;41.00;41.00;;;;6.00;;;;22.00;;;;;;;11.10;244.70;47.90;0.00;0.00;47.70;;;;;37.00;;;;;36.00;;;;;;;;36.00;;;;2000.10;2000.10;1;1;;;;;;;;;;;;;;;;;;;;;;;;0.00;0;0;0.00;0.00;;;;;;;;;;;;;;;;;;;;;;;;;;;;0;4.30;5.40;2.90;11.00;11.30;11.00;93;240;14;285;285;1250.10;;;32276228;1.00;;;;;;19.00
1579420200000;2020-01-19T08:50:00.000+0100;;;;;;;;;0.90;-29.60;398.90;399.10;398.20;80.00;81.00;82.00;-0.20;;;;;-0.20;-0.20;;;;;;;;;1.0;;;;;;;;;;;;;;;;;;;;;;;;;;;;;;;;;;;;;;;;;;;;50.00;;;;;;;;;;;;;;;;;;;;;;;;;;;;;;;;;;;;;;35.00;45.00;;7.00;26.00;;;36.00;39.00;36.00;;;;;;;;;1261.40;1236.60;6.600;-45.000;;;;;;;;;;;;;2000.100;-45.000;;;;;;;;;;51.00;52.00;51.00;;;;;34.00;;;;0;;;;;;;;;;;;;;80.900;;;;;;;;;;;;41.00;33.00;;;;;;;;;;;;;;0;0.00;0.00;;282.70;;3.00;3.50;-2.20;;3.30;5.20;;;;2.90;;;;4.10;;;;0.50;4.00;1.80;6.30;0.80;4.00;2.10;6.10;0.70;-1.50;1.00;0.50;;;;;17.00;;;;29.00;;;;61.00;;;;31.00;;;;35.00;;;;;;;;43.00;;;;;;;;;;;;;;;;;;;;;;;;;;;;;;;;;;;;;;;;;;;;;;;;;;;;;;;;;;;;;;;;;;;;;;;;;;;;;;;;;;;;;;;;;;;;;;;;;;;;;;;;;;;;;;;;;;;;;;;;;;;;;;;;;;;;;;;;;;;;;;;;;;;;;;;;;;;;;;;;;;;;;;;;;;;;;;;;;;;;;;;;;;;;;;;;;;;;;;;;;;;;;;;;;;;;;;49.00;;;;;;;;;;;;;;;;;;;;;;;;;;;;;;;;;;;;;;;;;;;;;;;;;;;41.00;41.00;41.00;;;;4.50;;;;22.00;;;;;;;0.00;242.20;45.60;0.00;0.00;45.60;;;;;37.00;;;;;36.00;;;;;;;;36.00;;;;2000.10;2000.10;1;1;;;;;;;;;;;;;;;;;;;;;;;;0.00;0;0;0.00;0.00;;;;;;;;;;;;;;;;;;;;;;;;;;;;0;4.00;5.50;2.70;11.00;11.00;11.00;81;239;-2;285;289;1249.80;;;32276238;1.00;;;;;;19.00
1579420800000;2020-01-19T09:00:00.000+0100;;;;;;;;;0.70;10.60;398.70;399.00;398.10;97.00;99.00;98.00;0.10;;;;;0.10;0.10;;;;;;;;;0.0;;;;;;;;;;;;;;;;;;;;;;;;;;;;;;;;;;;;;;;;;;;;50.00;;;;;;;;;;;;;;;;;;;;;;;;;;;;;;;;;;;;;;35.00;45.00;;7.00;26.00;;;36.00;39.00;36.00;;;;;;;;;1347.00;1214.80;200.500;-184.800;;;;;;;;;;;;;1587.500;200.000;;;;;;;;;;51.00;52.00;51.00;;;;;35.00;;;;0;;;;;;;;;;;;;;57.600;;;;;;;;;;;;41.00;33.00;;;;;;;;;;;;;;0;0.00;0.00;;288.50;;3.00;1.80;1.50;;2.50;1.80;;;;1.50;;;;3.80;;;;0.70;3.80;1.40;5.90;0.80;3.80;1.20;6.30;0.90;-1.10;2.40;0.70;;;;;17.00;;;;29.00;;;;61.00;;;;31.00;;;;35.00;;;;;;;;43.00;;;;;;;;;;;;;;;;;;;;;;;;;;;;;;;;;;;;;;;;;;;;;;;;;;;;;;;;;;;;;;;;;;;;;;;;;;;;;;;;;;;;;;;;;;;;;;;;;;;;;;;;;;;;;;;;;;;;;;;;;;;;;;;;;;;;;;;;;;;;;;;;;;;;;;;;;;;;;;;;;;;;;;;;;;;;;;;;;;;;;;;;;;;;;;;;;;;;;;;;;;;;;;;;;;;;;;49.00;;;;;;;;;;;;;;;;;;;;;;;;;;;;;;;;;;;;;;;;;;;;;;;;;;;41.00;41.00;41.00;;;;26.00;;;;22.00;;;;;;;0.00;187.50;49.80;0.00;0.00;54.30;;;;;37.00;;;;;35.00;;;;;;;;36.00;;;;0.00;2000.10;1;1;;;;;;;;;;;;;;;;;;;;;;;;0.30;0;0;0.00;0.00;;;;;;;;;;;;;;;;;;;;;;;;;;;;0;3.80;5.30;1.90;11.00;11.90;10.70;54;185;-40;292;294;1255.70;;;32276248;1.00;;;;;;19.00
1579421400000;2020-01-19T09:10:00.000+0100;;;;;;;;;0.70;-8.50;398.40;398.70;397.70;111.00;112.00;113.00;-0.30;;;;;-0.30;-0.30;;;;;;;;;1.0;;;;;;;;;;;;;;;;;;;;;;;;;;;;;;;;;;;;;;;;;;;;50.00;;;;;;;;;;;;;;;;;;;;;;;;;;;;;;;;;;;;;;35.00;45.00;;7.00;25.00;;;36.00;39.00;36.00;;;;;;;;;1363.20;1224.10;209.900;-77.100;;;;;;;;;;;;;1439.500;-32.000;;;;;;;;;;50.00;51.00;50.00;;;;;34.00;;;;0;;;;;;;;;;;;;;99.300;;;;;;;;;;;;40.00;33.00;;;;;;;;;;;;;;0;0.00;0.00;;298.50;;3.00;-3.50;-5.80;;2.00;-2.20;;;;-4.40;;;;4.30;;;;0.80;4.40;1.50;6.80;0.90;4.40;1.30;6.70;0.90;-1.80;4.90;1.40;;;;;17.00;;;;29.00;;;;61.00;;;;31.00;;;;35.00;;;;;;;;43.00;;;;;;;;;;;;;;;;;;;;;;;;;;;;;;;;;;;;;;;;;;;;;;;;;;;;;;;;;;;;;;;;;;;;;;;;;;;;;;;;;;;;;;;;;;;;;;;;;;;;;;;;;;;;;;;;;;;;;;;;;;;;;;;;;;;;;;;;;;;;;;;;;;;;;;;;;;;;;;;;;;;;;;;;;;;;;;;;;;;;;;;;;;;;;;;;;;;;;;;;;;;;;;;;;;;;;;49.00;;;;;;;;;;;;;;;;;;;;;;;;;;;;;;;;;;;;;;;;;;;;;;;;;;;41.00;41.00;41.00;;;;30.70;;;;22.00;;;;;;;0.00;290.00;72.80;0.00;0.00;78.40;;;;;37.00;;;;;35.00;;;;;;;;36.00;;;;0.00;2000.10;1;1;;;;;;;;;;;;;;;;;;;;;;;;0.30;0;0;0.00;0.00;;;;;;;;;;;;;;;;;;;;;;;;;;;;0;4.40;5.80;2.30;11.00;11.90;10.70;96;295;-27;298;295;1260.80;;;32276264;2.00;;;;;;19.00
1579422000000;2020-01-19T09:20:00.000+0100;;;;;;;;;0.90;-35.30;397.90;398.20;397.20;129.00;130.00;133.00;-0.90;;;;;-0.90;-0.90;;;;;;;;;1.0;;;;;;;;;;;;;;;;;;;;;;;;;;;;;;;;;;;;;;;;;;;;50.00;;;;;;;;;;;;;;;;;;;;;;;;;;;;;;;;;;;;;;35.00;45.00;;7.00;25.00;;;36.00;39.00;36.00;;;;;;;;;1262.00;1239.60;23.700;-48.400;;;;;;;;;;;;;2000.100;-31.000;;;;;;;;;;50.00;51.00;50.00;;;;;34.00;;;;0;;;;;;;;;;;;;;145.400;;;;;;;;;;;;40.00;33.00;;;;;;;;;;;;;;0;0.00;0.00;;296.10;;3.00;-0.60;-4.80;;1.20;0.60;;;;-2.60;;;;4.70;;;;0.60;4.80;1.90;6.50;0.70;4.80;2.20;6.50;0.70;-2.00;0.60;0.60;;;;;17.00;;;;28.00;;;;61.00;;;;31.00;;;;35.00;;;;;;;;44.00;;;;;;;;;;;;;;;;;;;;;;;;;;;;;;;;;;;;;;;;;;;;;;;;;;;;;;;;;;;;;;;;;;;;;;;;;;;;;;;;;;;;;;;;;;;;;;;;;;;;;;;;;;;;;;;;;;;;;;;;;;;;;;;;;;;;;;;;;;;;;;;;;;;;;;;;;;;;;;;;;;;;;;;;;;;;;;;;;;;;;;;;;;;;;;;;;;;;;;;;;;;;;;;;;;;;;;49.00;;;;;;;;;;;;;;;;;;;;;;;;;;;;;;;;;;;;;;;;;;;;;;;;;;;41.00;41.00;41.00;;;;4.50;;;;22.00;;;;;;;0.00;279.70;54.10;0.00;0.00;54.10;;;;;37.00;;;;;36.00;;;;;;;;37.00;;;;2000.10;2000.10;1;1;;;;;;;;;;;;;;;;;;;;;;;;0.00;0;0;0.00;0.00;;;;;;;;;;;;;;;;;;;;;;;;;;;;0;4.80;5.80;2.90;11.00;11.00;11.00;145;276;-5;298;298;1250.40;;;32276290;1.00;;;;;;19.00
1579422600000;2020-01-19T09:30:00.000+0100;;;;;;;;;1.00;-32.90;397.50;397.70;396.70;145.00;147.00;149.00;-1.00;;;;;-1.00;-1.00;;;;;;;;;1.0;;;;;;;;;;;;;;;;;;;;;;;;;;;;;;;;;;;;;;;;;;;;50.00;;;;;;;;;;;;;;;;;;;;;;;;;;;;;;;;;;;;;;35.00;45.00;;7.00;24.00;;;36.00;39.00;36.00;;;;;;;;;1269.80;1231.60;-1.700;-96.100;;;;;;;;;;;;;2000.100;-28.000;;;;;;;;;;50.00;51.00;51.00;;;;;34.00;;;;0;;;;;;;;;;;;;;166.300;;;;;;;;;;;;39.00;33.00;;;;;;;;;;;;;;0;0.00;0.00;;295.10;;3.00;-2.40;-16.60;;2.60;-0.30;;;;-4.40;;;;4.80;;;;0.60;4.80;1.90;7.00;0.80;4.90;2.00;7.20;0.80;-2.20;0.60;0.60;;;;;17.00;;;;28.00;;;;61.00;;;;31.00;;;;35.00;;;;;;;;45.00;;;;;;;;;;;;;;;;;;;;;;;;;;;;;;;;;;;;;;;;;;;;;;;;;;;;;;;;;;;;;;;;;;;;;;;;;;;;;;;;;;;;;;;;;;;;;;;;;;;;;;;;;;;;;;;;;;;;;;;;;;;;;;;;;;;;;;;;;;;;;;;;;;;;;;;;;;;;;;;;;;;;;;;;;;;;;;;;;;;;;;;;;;;;;;;;;;;;;;;;;;;;;;;;;;;;;;49.00;;;;;;;;;;;;;;;;;;;;;;;;;;;;;;;;;;;;;;;;;;;;;;;;;;;41.00;41.00;41.00;;;;6.60;;;;22.00;;;;;;;16.70;286.70;57.70;0.00;0.00;57.50;;;;;37.00;;;;;36.00;;;;;;;;37.00;;;;2000.10;2000.10;1;1;;;;;;;;;;;;;;;;;;;;;;;;0.00;0;0;0.00;0.00;;;;;;;;;;;;;;;;;;;;;;;;;;;;0;4.80;6.40;3.10;11.00;11.30;11.00;166;283;19;298;296;1250.10;;;32276318;2.00;;;;;;19.00
1579423200000;2020-01-19T09:40:00.000+0100;;;;;;;;;0.90;-38.00;396.50;396.70;395.80;146.00;148.00;150.00;-1.00;;;;;-1.00;-1.00;;;;;;;;;1.0;;;;;;;;;;;;;;;;;;;;;;;;;;;;;;;;;;;;;;;;;;;;50.00;;;;;;;;;;;;;;;;;;;;;;;;;;;;;;;;;;;;;;35.00;45.00;;7.00;24.00;;;36.00;39.00;36.00;;;;;;;;;1286.50;1234.80;5.400;-55.000;;;;;;;;;;;;;2000.100;-32.000;;;;;;;;;;50.00;51.00;51.00;;;;;34.00;;;;0;;;;;;;;;;;;;;164.400;;;;;;;;;;;;39.00;33.00;;;;;;;;;;;;;;0;0.00;0.00;;296.40;;3.00;-2.70;-17.60;;2.10;-0.70;;;;-4.80;;;;4.80;;;;0.70;4.80;1.80;7.30;0.90;4.80;2.10;7.20;0.90;-2.20;0.70;0.70;;;;;17.00;;;;28.00;;;;61.00;;;;31.00;;;;35.00;;;;;;;;45.00;;;;;;;;;;;;;;;;;;;;;;;;;;;;;;;;;;;;;;;;;;;;;;;;;;;;;;;;;;;;;;;;;;;;;;;;;;;;;;;;;;;;;;;;;;;;;;;;;;;;;;;;;;;;;;;;;;;;;;;;;;;;;;;;;;;;;;;;;;;;;;;;;;;;;;;;;;;;;;;;;;;;;;;;;;;;;;;;;;;;;;;;;;;;;;;;;;;;;;;;;;;;;;;;;;;;;;50.00;;;;;;;;;;;;;;;;;;;;;;;;;;;;;;;;;;;;;;;;;;;;;;;;;;;41.00;41.00;41.00;;;;7.50;;;;22.00;;;;;;;0.00;363.30;80.20;0.00;0.00;80.10;;;;;37.00;;;;;36.00;;;;;;;;37.00;;;;2000.10;2000.10;1;1;;;;;;;;;;;;;;;;;;;;;;;;0.00;0;0;0.00;0.00;;;;;;;;;;;;;;;;;;;;;;;;;;;;0;4.80;6.30;2.80;11.00;11.30;11.00;164;357;-1;298;296;1250.70;;;32276344;2.00;;;;;;19.00
1579423800000;2020-01-19T09:50:00.000+0100;;;;;;;;;1.00;-29.80;395.90;396.00;395.10;209.00;212.00;214.00;-1.60;;;;;-1.60;-1.60;;;;;;;;;1.0;;;;;;;;;;;;;;;;;;;;;;;;;;;;;;;;;;;;;;;;;;;;50.00;;;;;;;;;;;;;;;;;;;;;;;;;;;;;;;;;;;;;;35.00;46.00;;7.00;24.00;;;36.00;39.00;36.00;;;;;;;;;1344.10;1234.80;-14.600;-91.700;;;;;;;;;;;;;2000.100;-28.000;;;;;;;;;;51.00;51.00;51.00;;;;;35.00;;;;0;;;;;;;;;;;;;;246.000;;;;;;;;;;;;38.00;33.00;;;;;;;;;;;;;;0;0.00;0.00;;296.80;;3.00;-2.30;-8.20;;1.50;0.90;;;;-4.20;;;;5.30;;;;0.50;5.50;2.90;7.40;0.70;5.50;3.50;7.20;0.60;-2.40;0.20;0.50;;;;;17.00;;;;28.00;;;;62.00;;;;31.00;;;;35.00;;;;;;;;46.00;;;;;;;;;;;;;;;;;;;;;;;;;;;;;;;;;;;;;;;;;;;;;;;;;;;;;;;;;;;;;;;;;;;;;;;;;;;;;;;;;;;;;;;;;;;;;;;;;;;;;;;;;;;;;;;;;;;;;;;;;;;;;;;;;;;;;;;;;;;;;;;;;;;;;;;;;;;;;;;;;;;;;;;;;;;;;;;;;;;;;;;;;;;;;;;;;;;;;;;;;;;;;;;;;;;;;;50.00;;;;;;;;;;;;;;;;;;;;;;;;;;;;;;;;;;;;;;;;;;;;;;;;;;;41.00;41.00;41.00;;;;15.20;;;;22.00;;;;;;;77.30;411.10;55.50;0.00;0.00;55.50;;;;;37.00;;;;;36.00;;;;;;;;37.00;;;;2000.10;2000.10;1;1;;;;;;;;;;;;;;;;;;;;;;;;0.00;0;0;0.00;0.00;;;;;;;;;;;;;;;;;;;;;;;;;;;;0;5.50;6.80;3.70;11.00;11.90;11.00;246;402;76;298;296;1254.80;;;32276386;2.00;;;;;;19.00
1579424400000;2020-01-19T10:00:00.000+0100;;;;;;;;;1.00;-30.70;396.10;396.20;395.30;207.00;210.00;211.00;-1.50;;;;;-1.50;-1.50;;;;;;;;;1.0;;;;;;;;;;;;;;;;;;;;;;;;;;;;;;;;;;;;;;;;;;;;50.00;;;;;;;;;;;;;;;;;;;;;;;;;;;;;;;;;;;;;;35.00;46.00;;7.00;24.00;;;36.00;39.00;36.00;;;;;;;;;1300.80;1233.10;-24.600;-52.000;;;;;;;;;;;;;2000.100;-51.000;;;;;;;;;;51.00;52.00;51.00;;;;;35.00;;;;0;;;;;;;;;;;;;;243.100;;;;;;;;;;;;38.00;32.00;;;;;;;;;;;;;;0;0.00;0.00;;296.50;;3.00;-3.10;-3.30;;2.20;-0.40;;;;-5.00;;;;5.30;;;;0.60;5.30;2.00;7.40;0.80;5.30;2.20;7.50;0.70;-2.20;0.20;0.60;;;;;17.00;;;;28.00;;;;62.00;;;;31.00;;;;35.00;;;;;;;;47.00;;;;;;;;;;;;;;;;;;;;;;;;;;;;;;;;;;;;;;;;;;;;;;;;;;;;;;;;;;;;;;;;;;;;;;;;;;;;;;;;;;;;;;;;;;;;;;;;;;;;;;;;;;;;;;;;;;;;;;;;;;;;;;;;;;;;;;;;;;;;;;;;;;;;;;;;;;;;;;;;;;;;;;;;;;;;;;;;;;;;;;;;;;;;;;;;;;;;;;;;;;;;;;;;;;;;;;50.00;;;;;;;;;;;;;;;;;;;;;;;;;;;;;;;;;;;;;;;;;;;;;;;;;;;42.00;41.00;42.00;;;;10.10;;;;22.00;;;;;;;71.50;396.00;68.70;0.00;0.00;68.40;;;;;37.00;;;;;36.00;;;;;;;;37.00;;;;2000.10;2000.10;1;1;;;;;;;;;;;;;;;;;;;;;;;;0.00;0;0;0.00;0.00;;;;;;;;;;;;;;;;;;;;;;;;;;;;0;5.30;6.60;3.20;11.00;11.60;11.00;243;392;72;298;295;1252.20;;;32276426;2.00;;;;;;19.00
1579425000000;2020-01-19T10:10:00.000+0100;;;;;;;;;0.90;-36.30;396.20;396.30;395.40;140.00;143.00;143.00;-0.80;;;;;-0.90;-0.90;;;;;;;;;1.0;;;;;;;;;;;;;;;;;;;;;;;;;;;;;;;;;;;;;;;;;;;;50.00;;;;;;;;;;;;;;;;;;;;;;;;;;;;;;;;;;;;;;35.00;46.00;;7.00;24.00;;;36.00;39.00;36.00;;;;;;;;;1267.70;1230.40;27.800;-52.100;;;;;;;;;;;;;2000.100;-33.000;;;;;;;;;;51.00;52.00;52.00;;;;;34.00;;;;0;;;;;;;;;;;;;;158.300;;;;;;;;;;;;38.00;32.00;;;;;;;;;;;;;;0;0.00;0.00;;295.30;;3.00;-2.90;-10.40;;1.20;-0.30;;;;-3.50;;;;4.70;;;;0.70;4.70;2.10;6.80;0.80;4.70;1.20;7.00;0.90;-2.20;0.90;0.70;;;;;17.00;;;;28.00;;;;62.00;;;;32.00;;;;35.00;;;;;;;;46.00;;;;;;;;;;;;;;;;;;;;;;;;;;;;;;;;;;;;;;;;;;;;;;;;;;;;;;;;;;;;;;;;;;;;;;;;;;;;;;;;;;;;;;;;;;;;;;;;;;;;;;;;;;;;;;;;;;;;;;;;;;;;;;;;;;;;;;;;;;;;;;;;;;;;;;;;;;;;;;;;;;;;;;;;;;;;;;;;;;;;;;;;;;;;;;;;;;;;;;;;;;;;;;;;;;;;;;50.00;;;;;;;;;;;;;;;;;;;;;;;;;;;;;;;;;;;;;;;;;;;;;;;;;;;42.00;41.00;42.00;;;;6.00;;;;22.00;;;;;;;0.00;273.10;59.20;0.00;0.00;59.10;;;;;37.00;;;;;36.00;;;;;;;;36.00;;;;2000.10;2000.10;1;1;;;;;;;;;;;;;;;;;;;;;;;;0.00;0;0;0.00;0.00;;;;;;;;;;;;;;;;;;;;;;;;;;;;0;4.70;6.10;2.60;11.00;11.30;11.00;158;268;-10;298;295;1250.10;;;32276454;2.00;;;;;;19.00
1579425600000;2020-01-19T10:20:00.000+0100;;;;;;;;;1.00;-34.80;395.90;396.00;395.10;148.00;152.00;152.00;-1.00;;;;;-1.00;-1.00;;;;;;;;;1.0;;;;;;;;;;;;;;;;;;;;;;;;;;;;;;;;;;;;;;;;;;;;50.00;;;;;;;;;;;;;;;;;;;;;;;;;;;;;;;;;;;;;;35.00;46.00;;7.00;24.00;;;36.00;39.00;36.00;;;;;;;;;1269.80;1235.40;-19.800;-59.900;;;;;;;;;;;;;2000.100;-50.000;;;;;;;;;;51.00;52.00;52.00;;;;;34.00;;;;0;;;;;;;;;;;;;;170.300;;;;;;;;;;;;38.00;32.00;;;;;;;;;;;;;;0;0.00;0.00;;296.90;;3.00;-2.00;-3.60;;2.10;-0.60;;;;-3.40;;;;4.80;;;;0.50;4.80;1.80;7.00;0.80;4.90;2.40;6.50;0.70;-2.00;0.30;0.50;;;;;17.00;;;;28.00;;;;62.00;;;;32.00;;;;35.00;;;;;;;;46.00;;;;;;;;;;;;;;;;;;;;;;;;;;;;;;;;;;;;;;;;;;;;;;;;;;;;;;;;;;;;;;;;;;;;;;;;;;;;;;;;;;;;;;;;;;;;;;;;;;;;;;;;;;;;;;;;;;;;;;;;;;;;;;;;;;;;;;;;;;;;;;;;;;;;;;;;;;;;;;;;;;;;;;;;;;;;;;;;;;;;;;;;;;;;;;;;;;;;;;;;;;;;;;;;;;;;;;50.00;;;;;;;;;;;;;;;;;;;;;;;;;;;;;;;;;;;;;;;;;;;;;;;;;;;42.00;41.00;42.00;;;;5.40;;;;22.00;;;;;;;74.50;282.90;47.90;0.00;0.00;47.70;;;;;37.00;;;;;36.00;;;;;;;;37.00;;;;2000.10;2000.10;1;1;;;;;;;;;;;;;;;;;;;;;;;;0.00;0;0;0.00;0.00;;;;;;;;;;;;;;;;;;;;;;;;;;;;0;4.80;5.90;3.20;11.00;11.30;11.00;170;279;74;298;296;1249.80;;;32276482;2.00;;;;;;19.00
1579426200000;2020-01-19T10:30:00.000+0100;;;;;;;;;0.70;-49.50;395.30;395.50;394.50;84.00;88.00;87.00;-0.30;;;;;-0.30;-0.30;;;;;;;;;0.0;;;;;;;;;;;;;;;;;;;;;;;;;;;;;;;;;;;;;;;;;;;;50.00;;;;;;;;;;;;;;;;;;;;;;;;;;;;;;;;;;;;;;35.00;46.00;;7.00;24.00;;;36.00;39.00;36.00;;;;;;;;;1371.50;1233.40;15.100;-101.600;;;;;;;;;;;;;1880.300;3.000;;;;;;;;;;51.00;52.00;52.00;;;;;34.00;;;;0;;;;;;;;;;;;;;75.000;;;;;;;;;;;;38.00;32.00;;;;;;;;;;;;;;0;0.00;0.00;;293.90;;3.00;-2.80;-6.40;;0.90;-2.30;;;;-3.10;;;;4.10;;;;0.60;4.10;1.40;6.30;0.80;4.10;1.80;6.30;0.80;-1.70;5.20;0.80;;;;;17.00;;;;28.00;;;;62.00;;;;32.00;;;;35.00;;;;;;;;44.00;;;;;;;;;;;;;;;;;;;;;;;;;;;;;;;;;;;;;;;;;;;;;;;;;;;;;;;;;;;;;;;;;;;;;;;;;;;;;;;;;;;;;;;;;;;;;;;;;;;;;;;;;;;;;;;;;;;;;;;;;;;;;;;;;;;;;;;;;;;;;;;;;;;;;;;;;;;;;;;;;;;;;;;;;;;;;;;;;;;;;;;;;;;;;;;;;;;;;;;;;;;;;;;;;;;;;;50.00;;;;;;;;;;;;;;;;;;;;;;;;;;;;;;;;;;;;;;;;;;;;;;;;;;;42.00;41.00;42.00;;;;17.30;;;;22.00;;;;;;;0.00;245.30;51.60;0.00;0.00;53.10;;;;;37.00;;;;;35.00;;;;;;;;36.00;;;;0.00;2000.10;1;1;;;;;;;;;;;;;;;;;;;;;;;;0.30;0;0;0.00;0.00;;;;;;;;;;;;;;;;;;;;;;;;;;;;0;4.10;5.70;2.40;11.00;12.20;11.00;74;242;-25;298;296;1253.00;;;32276492;2.00;;;;;;19.00
1579426800000;2020-01-19T10:40:00.000+0100;;;;;;;;;0.80;-42.80;395.80;395.90;395.00;87.00;90.00;89.00;-0.40;;;;;-0.40;-0.40;;;;;;;;;1.0;;;;;;;;;;;;;;;;;;;;;;;;;;;;;;;;;;;;;;;;;;;;50.00;;;;;;;;;;;;;;;;;;;;;;;;;;;;;;;;;;;;;;35.00;46.00;;7.00;24.00;;;36.00;39.00;36.00;;;;;;;;;1349.10;1216.60;28.700;-87.900;;;;;;;;;;;;;1909.500;-48.000;;;;;;;;;;51.00;52.00;51.00;;;;;34.00;;;;0;;;;;;;;;;;;;;83.100;;;;;;;;;;;;38.00;32.00;;;;;;;;;;;;;;0;0.00;0.00;;295.20;;3.00;-1.50;-5.70;;1.60;-0.30;;;;-2.90;;;;4.20;;;;0.60;4.40;1.90;6.50;0.70;4.30;1.90;7.10;0.70;-1.30;5.40;0.80;;;;;17.00;;;;28.00;;;;62.00;;;;31.00;;;;35.00;;;;;;;;44.00;;;;;;;;;;;;;;;;;;;;;;;;;;;;;;;;;;;;;;;;;;;;;;;;;;;;;;;;;;;;;;;;;;;;;;;;;;;;;;;;;;;;;;;;;;;;;;;;;;;;;;;;;;;;;;;;;;;;;;;;;;;;;;;;;;;;;;;;;;;;;;;;;;;;;;;;;;;;;;;;;;;;;;;;;;;;;;;;;;;;;;;;;;;;;;;;;;;;;;;;;;;;;;;;;;;;;;50.00;;;;;;;;;;;;;;;;;;;;;;;;;;;;;;;;;;;;;;;;;;;;;;;;;;;41.00;41.00;41.00;;;;10.10;;;;22.00;;;;;;;0.00;258.20;42.60;0.00;0.00;44.40;;;;;37.00;;;;;36.00;;;;;;;;36.00;;;;0.00;2000.10;1;1;;;;;;;;;;;;;;;;;;;;;;;;0.00;0;0;0.00;0.00;;;;;;;;;;;;;;;;;;;;;;;;;;;;0;4.30;5.40;2.80;11.00;11.90;10.70;83;265;-20;298;297;1249.50;;;32276506;2.00;;;;;;19.00
1579427400000;2020-01-19T10:50:00.000+0100;;;;;;;;;0.30;-101.00;394.20;394.40;393.40;115.00;120.00;116.00;0.10;;;;;0.10;0.10;;;;;;;;;1.0;;;;;;;;;;;;;;;;;;;;;;;;;;;;;;;;;;;;;;;;;;;;50.00;;;;;;;;;;;;;;;;;;;;;;;;;;;;;;;;;;;;;;35.00;45.00;;8.00;24.00;;;36.00;39.00;36.00;;;;;;;;;1362.30;1225.60;147.500;-296.600;;;;;;;;;;;;;1774.300;14.000;;;;;;;;;;51.00;51.00;51.00;;;;;34.00;;;;0;;;;;;;;;;;;;;35.600;;;;;;;;;;;;37.00;32.00;;;;;;;;;;;;;;0;0.00;0.00;;295.30;;3.00;-1.50;-13.60;;2.10;0.30;;;;-2.70;;;;3.70;;;;0.40;3.90;2.00;5.50;0.60;3.80;1.30;5.20;0.70;-0.70;5.00;0.70;;;;;17.00;;;;28.00;;;;61.00;;;;31.00;;;;34.00;;;;;;;;43.00;;;;;;;;;;;;;;;;;;;;;;;;;;;;;;;;;;;;;;;;;;;;;;;;;;;;;;;;;;;;;;;;;;;;;;;;;;;;;;;;;;;;;;;;;;;;;;;;;;;;;;;;;;;;;;;;;;;;;;;;;;;;;;;;;;;;;;;;;;;;;;;;;;;;;;;;;;;;;;;;;;;;;;;;;;;;;;;;;;;;;;;;;;;;;;;;;;;;;;;;;;;;;;;;;;;;;;49.00;;;;;;;;;;;;;;;;;;;;;;;;;;;;;;;;;;;;;;;;;;;;;;;;;;;41.00;41.00;41.00;;;;16.40;;;;22.00;;;;;;;0.00;217.50;25.80;0.00;0.00;30.40;;;;;36.00;;;;;35.00;;;;;;;;36.00;;;;0.00;2000.10;1;1;;;;;;;;;;;;;;;;;;;;;;;;0.00;0;0;0.00;0.00;;;;;;;;;;;;;;;;;;;;;;;;;;;;0;3.80;4.70;2.50;11.00;11.90;10.70;34;224;-29;298;297;1251.90;;;32276512;2.00;;;;;;19.00
1579428000000;2020-01-19T11:00:00.000+0100;;;;;;;;;0.40;8.10;395.30;395.60;394.80;56.00;59.00;57.00;2.30;;;;;2.30;2.30;;;;;;;;;0.0;;;;;;;;;;;;;;;;;;;;;;;;;;;;;;;;;;;;;;;;;;;;50.00;;;;;;;;;;;;;;;;;;;;;;;;;;;;;;;;;;;;;;35.00;45.00;;8.00;24.00;;;36.00;39.00;36.00;;;;;;;;;1351.20;193.70;79.900;-210.800;;;;;;;;;;;;;360.400;0.000;;;;;;;;;;49.00;50.00;50.00;;;;;33.00;;;;0;;;;;;;;;;;;;;13.100;;;;;;;;;;;;37.00;32.00;;;;;;;;;;;;;;0;0.00;0.00;;301.70;;3.00;1.00;-3.50;;1.70;-0.30;;;;0.70;;;;3.10;;;;0.70;3.30;1.20;5.90;0.80;3.10;0.60;5.60;0.90;-1.10;24.00;5.70;;;;;17.00;;;;28.00;;;;61.00;;;;31.00;;;;34.00;;;;;;;;42.00;;;;;;;;;;;;;;;;;;;;;;;;;;;;;;;;;;;;;;;;;;;;;;;;;;;;;;;;;;;;;;;;;;;;;;;;;;;;;;;;;;;;;;;;;;;;;;;;;;;;;;;;;;;;;;;;;;;;;;;;;;;;;;;;;;;;;;;;;;;;;;;;;;;;;;;;;;;;;;;;;;;;;;;;;;;;;;;;;;;;;;;;;;;;;;;;;;;;;;;;;;;;;;;;;;;;;;49.00;;;;;;;;;;;;;;;;;;;;;;;;;;;;;;;;;;;;;;;;;;;;;;;;;;;41.00;41.00;41.00;;;;264.70;;;;22.00;;;;;;;0.00;239.00;30.70;0.00;0.00;37.40;;;;;35.00;;;;;34.00;;;;;;;;35.00;;;;-9.50;2000.10;11;11;;;;;;;;;;;;;;;;;;;;;;;;2.40;0;0;0.00;0.00;;;;;;;;;;;;;;;;;;;;;;;;;;;;0;3.20;5.40;1.40;9.80;11.90;1.80;4;252;-25;298;299;1107.70;;;32276514;3.00;;;;;;19.00
1579428600000;2020-01-19T11:10:00.000+0100;;;;;;;;;0.80;-5.50;394.70;395.10;394.30;9.00;9.00;10.00;24.00;;;;;24.00;24.00;;;;;;;;;0.0;;;;;;;;;;;;;;;;;;;;;;;;;;;;;;;;;;;;;;;;;;;;50.00;;;;;;;;;;;;;;;;;;;;;;;;;;;;;;;;;;;;;;35.00;44.00;;8.00;21.00;;;36.00;39.00;35.00;;;;;;;;;309.80;167.70;0.400;-23.600;;;;;;;;;;;;;0.000;0.000;;;;;;;;;;47.00;48.00;47.00;;;;;32.00;;;;0;;;;;;;;;;;;;;6.800;;;;;;;;;;;;37.00;31.00;;;;;;;;;;;;;;0;0.00;0.00;;299.80;;3.00;4.10;-3.20;;2.30;4.40;;;;6.70;;;;3.10;;;;0.50;3.10;1.30;8.00;0.80;3.00;1.00;5.50;0.80;23.90;24.00;0.00;;;;;17.00;;;;28.00;;;;58.00;;;;31.00;;;;34.00;;;;;;;;41.00;;;;;;;;;;;;;;;;;;;;;;;;;;;;;;;;;;;;;;;;;;;;;;;;;;;;;;;;;;;;;;;;;;;;;;;;;;;;;;;;;;;;;;;;;;;;;;;;;;;;;;;;;;;;;;;;;;;;;;;;;;;;;;;;;;;;;;;;;;;;;;;;;;;;;;;;;;;;;;;;;;;;;;;;;;;;;;;;;;;;;;;;;;;;;;;;;;;;;;;;;;;;;;;;;;;;;;47.00;;;;;;;;;;;;;;;;;;;;;;;;;;;;;;;;;;;;;;;;;;;;;;;;;;;42.00;41.00;42.00;;;;36.40;;;;22.00;;;;;;;0.00;109.40;22.00;0.00;0.00;1.80;;;;;34.00;;;;;33.00;;;;;;;;34.00;;;;0.00;0.00;11;11;;;;;;;;;;;;;;;;;;;;;;;;0.30;0;0;0.00;0.00;;;;;;;;;;;;;;;;;;;;;;;;;;;;0;3.10;4.60;1.60;2.10;2.70;1.50;-8;-8;-23;298;302;232.50;;;32276514;3.00;;;;;;18.00
1579429200000;2020-01-19T11:20:00.000+0100;;;;;;;;;0.70;-7.10;394.50;394.80;394.00;26.00;27.00;26.00;11.40;;;;;11.40;11.40;;;;;;;;;0.0;;;;;;;;;;;;;;;;;;;;;;;;;;;;;;;;;;;;;;;;;;;;50.00;;;;;;;;;;;;;;;;;;;;;;;;;;;;;;;;;;;;;;35.00;44.00;;8.00;21.00;;;35.00;39.00;35.00;;;;;;;;;1403.70;188.60;500.000;-121.000;;;;;;;;;;;;;372.000;14.000;;;;;;;;;;44.00;45.00;45.00;;;;;33.00;;;;0;;;;;;;;;;;;;;27.600;;;;;;;;;;;;36.00;30.00;;;;;;;;;;;;;;0;0.00;0.00;;302.80;;3.00;-1.50;-3.70;;1.40;-1.10;;;;-2.00;;;;3.50;;;;0.60;3.60;1.10;6.70;0.80;3.50;0.90;7.00;0.90;-2.30;24.00;11.40;;;;;17.00;;;;28.00;;;;53.00;;;;30.00;;;;34.00;;;;;;;;40.00;;;;;;;;;;;;;;;;;;;;;;;;;;;;;;;;;;;;;;;;;;;;;;;;;;;;;;;;;;;;;;;;;;;;;;;;;;;;;;;;;;;;;;;;;;;;;;;;;;;;;;;;;;;;;;;;;;;;;;;;;;;;;;;;;;;;;;;;;;;;;;;;;;;;;;;;;;;;;;;;;;;;;;;;;;;;;;;;;;;;;;;;;;;;;;;;;;;;;;;;;;;;;;;;;;;;;;46.00;;;;;;;;;;;;;;;;;;;;;;;;;;;;;;;;;;;;;;;;;;;;;;;;;;;41.00;39.00;42.00;;;;525.50;;;;21.00;;;;;;;0.00;239.20;49.60;0.00;0.00;25.50;;;;;35.00;;;;;34.00;;;;;;;;35.00;;;;0.00;2000.10;1;1;;;;;;;;;;;;;;;;;;;;;;;;4.80;0;0;0.00;0.00;;;;;;;;;;;;;;;;;;;;;;;;;;;;0;3.60;5.30;2.40;7.20;12.50;1.80;0;111;-97;298;297;798.30;;;32276516;3.00;;;;;;18.00
1579429800000;2020-01-19T11:30:00.000+0100;;;;;;;;;0.70;-33.90;394.50;394.70;393.80;79.00;83.00;80.00;0.40;;;;;0.40;0.40;;;;;;;;;1.0;;;;;;;;;;;;;;;;;;;;;;;;;;;;;;;;;;;;;;;;;;;;50.00;;;;;;;;;;;;;;;;;;;;;;;;;;;;;;;;;;;;;;35.00;44.00;;8.00;23.00;;;35.00;38.00;35.00;;;;;;;;;1368.80;1228.30;31.900;-122.900;;;;;;;;;;;;;1463.800;-36.000;;;;;;;;;;43.00;44.00;44.00;;;;;34.00;;;;0;;;;;;;;;;;;;;72.300;;;;;;;;;;;;36.00;30.00;;;;;;;;;;;;;;0;0.00;0.00;;296.90;;3.00;-4.70;-5.00;;1.40;-4.10;;;;-5.90;;;;4.00;;;;0.70;4.10;1.70;6.20;0.80;4.00;1.50;6.10;0.80;-1.30;4.60;1.70;;;;;17.00;;;;28.00;;;;52.00;;;;30.00;;;;35.00;;;;;;;;42.00;;;;;;;;;;;;;;;;;;;;;;;;;;;;;;;;;;;;;;;;;;;;;;;;;;;;;;;;;;;;;;;;;;;;;;;;;;;;;;;;;;;;;;;;;;;;;;;;;;;;;;;;;;;;;;;;;;;;;;;;;;;;;;;;;;;;;;;;;;;;;;;;;;;;;;;;;;;;;;;;;;;;;;;;;;;;;;;;;;;;;;;;;;;;;;;;;;;;;;;;;;;;;;;;;;;;;;47.00;;;;;;;;;;;;;;;;;;;;;;;;;;;;;;;;;;;;;;;;;;;;;;;;;;;41.00;41.00;41.00;;;;34.90;;;;21.00;;;;;;;0.00;231.60;66.60;0.00;0.00;71.20;;;;;37.00;;;;;36.00;;;;;;;;36.00;;;;0.00;2000.10;1;1;;;;;;;;;;;;;;;;;;;;;;;;0.30;0;0;0.00;0.00;;;;;;;;;;;;;;;;;;;;;;;;;;;;0;4.00;5.50;2.80;11.30;12.20;10.70;70;232;-24;298;294;1264.10;;;32276528;3.00;;;;;;18.00
1579430400000;2020-01-19T11:40:00.000+0100;;;;;;;;;0.40;26.10;395.30;395.50;394.60;89.00;93.00;90.00;0.50;;;;;0.50;0.50;;;;;;;;;0.0;;;;;;;;;;;;;;;;;;;;;;;;;;;;;;;;;;;;;;;;;;;;50.00;;;;;;;;;;;;;;;;;;;;;;;;;;;;;;;;;;;;;;35.00;44.00;;8.00;23.00;;;35.00;38.00;35.00;;;;;;;;;1362.60;1236.00;137.700;-112.300;;;;;;;;;;;;;1008.900;63.000;;;;;;;;;;43.00;44.00;44.00;;;;;35.00;;;;0;;;;;;;;;;;;;;34.700;;;;;;;;;;;;35.00;30.00;;;;;;;;;;;;;;0;0.00;0.00;;291.50;;3.00;-2.90;-18.40;;2.60;-4.60;;;;-3.80;;;;3.60;;;;0.60;3.80;1.40;5.90;0.80;3.60;1.30;6.00;0.80;-1.80;4.50;1.00;;;;;17.00;;;;28.00;;;;53.00;;;;30.00;;;;35.00;;;;;;;;43.00;;;;;;;;;;;;;;;;;;;;;;;;;;;;;;;;;;;;;;;;;;;;;;;;;;;;;;;;;;;;;;;;;;;;;;;;;;;;;;;;;;;;;;;;;;;;;;;;;;;;;;;;;;;;;;;;;;;;;;;;;;;;;;;;;;;;;;;;;;;;;;;;;;;;;;;;;;;;;;;;;;;;;;;;;;;;;;;;;;;;;;;;;;;;;;;;;;;;;;;;;;;;;;;;;;;;;;48.00;;;;;;;;;;;;;;;;;;;;;;;;;;;;;;;;;;;;;;;;;;;;;;;;;;;41.00;41.00;41.00;;;;35.50;;;;21.00;;;;;;;0.00;246.40;51.30;0.00;0.00;56.60;;;;;36.00;;;;;35.00;;;;;;;;36.00;;;;0.00;2000.10;1;1;;;;;;;;;;;;;;;;;;;;;;;;0.30;0;0;0.00;0.00;;;;;;;;;;;;;;;;;;;;;;;;;;;;0;3.70;5.50;2.50;11.30;11.90;11.00;29;245;-26;298;295;1275.40;;;32276532;3.00;;;;;;18.00
1579431000000;2020-01-19T11:50:00.000+0100;;;;;;;;;0.50;-2.40;396.20;396.40;395.50;75.00;78.00;75.00;0.20;;;;;0.20;0.20;;;;;;;;;1.0;;;;;;;;;;;;;;;;;;;;;;;;;;;;;;;;;;;;;;;;;;;;50.00;;;;;;;;;;;;;;;;;;;;;;;;;;;;;;;;;;;;;;35.00;44.00;;8.00;23.00;;;35.00;38.00;35.00;;;;;;;;;1353.60;1201.40;64.300;-95.900;;;;;;;;;;;;;1360.600;-49.000;;;;;;;;;;43.00;43.00;43.00;;;;;34.00;;;;0;;;;;;;;;;;;;;53.100;;;;;;;;;;;;35.00;30.00;;;;;;;;;;;;;;0;0.00;0.00;;295.90;;3.00;-3.70;-10.50;;1.70;-4.70;;;;-3.10;;;;3.80;;;;0.70;3.80;1.30;6.20;0.90;3.70;1.10;5.90;0.90;-1.30;5.20;1.00;;;;;17.00;;;;28.00;;;;54.00;;;;30.00;;;;35.00;;;;;;;;43.00;;;;;;;;;;;;;;;;;;;;;;;;;;;;;;;;;;;;;;;;;;;;;;;;;;;;;;;;;;;;;;;;;;;;;;;;;;;;;;;;;;;;;;;;;;;;;;;;;;;;;;;;;;;;;;;;;;;;;;;;;;;;;;;;;;;;;;;;;;;;;;;;;;;;;;;;;;;;;;;;;;;;;;;;;;;;;;;;;;;;;;;;;;;;;;;;;;;;;;;;;;;;;;;;;;;;;;48.00;;;;;;;;;;;;;;;;;;;;;;;;;;;;;;;;;;;;;;;;;;;;;;;;;;;41.00;41.00;41.00;;;;25.40;;;;21.00;;;;;;;0.00;256.40;71.60;0.00;0.00;75.30;;;;;36.00;;;;;35.00;;;;;;;;36.00;;;;0.00;2000.10;1;1;;;;;;;;;;;;;;;;;;;;;;;;0.30;0;0;0.00;0.00;;;;;;;;;;;;;;;;;;;;;;;;;;;;0;3.80;5.50;2.00;11.00;11.90;10.70;51;260;-26;298;295;1253.30;;;32276542;3.00;;;;;;19.00
1579431600000;2020-01-19T12:00:00.000+0100;;;;;;;;;0.80;-15.70;397.00;397.10;396.20;173.00;175.00;175.00;-0.70;;;;;-0.70;-0.70;;;;;;;;;1.0;;;;;;;;;;;;;;;;;;;;;;;;;;;;;;;;;;;;;;;;;;;;50.00;;;;;;;;;;;;;;;;;;;;;;;;;;;;;;;;;;;;;;35.00;45.00;;8.00;24.00;;;35.00;38.00;35.00;;;;;;;;;1359.90;1230.10;101.100;-101.200;;;;;;;;;;;;;1654.000;-26.000;;;;;;;;;;43.00;44.00;44.00;;;;;35.00;;;;0;;;;;;;;;;;;;;186.200;;;;;;;;;;;;34.00;30.00;;;;;;;;;;;;;;0;0.00;0.00;;295.70;;3.00;-1.70;-15.80;;2.90;-0.70;;;;-2.60;;;;4.90;;;;0.80;4.90;1.20;7.70;1.00;4.90;1.40;7.20;1.00;-2.40;4.70;1.60;;;;;17.00;;;;28.00;;;;55.00;;;;30.00;;;;35.00;;;;;;;;44.00;;;;;;;;;;;;;;;;;;;;;;;;;;;;;;;;;;;;;;;;;;;;;;;;;;;;;;;;;;;;;;;;;;;;;;;;;;;;;;;;;;;;;;;;;;;;;;;;;;;;;;;;;;;;;;;;;;;;;;;;;;;;;;;;;;;;;;;;;;;;;;;;;;;;;;;;;;;;;;;;;;;;;;;;;;;;;;;;;;;;;;;;;;;;;;;;;;;;;;;;;;;;;;;;;;;;;;48.00;;;;;;;;;;;;;;;;;;;;;;;;;;;;;;;;;;;;;;;;;;;;;;;;;;;41.00;41.00;41.00;;;;28.30;;;;21.00;;;;;;;0.00;446.10;120.40;0.00;0.00;124.70;;;;;37.00;;;;;36.00;;;;;;;;37.00;;;;0.00;2000.10;1;1;;;;;;;;;;;;;;;;;;;;;;;;0.30;0;0;0.00;0.00;;;;;;;;;;;;;;;;;;;;;;;;;;;;0;4.90;6.70;2.40;11.00;11.90;11.00;184;442;-26;298;297;1260.80;;;32276572;3.00;;;;;;19.00
1579432200000;2020-01-19T12:10:00.000+0100;;;;;;;;;1.00;-32.80;396.90;397.00;396.20;223.00;225.00;226.00;-1.50;;;;;-1.50;-1.50;;;;;;;;;1.0;;;;;;;;;;;;;;;;;;;;;;;;;;;;;;;;;;;;;;;;;;;;50.00;;;;;;;;;;;;;;;;;;;;;;;;;;;;;;;;;;;;;;35.00;45.00;;9.00;24.00;;;36.00;39.00;35.00;;;;;;;;;1417.80;1231.60;-16.600;-63.000;;;;;;;;;;;;;2000.100;-34.000;;;;;;;;;;45.00;46.00;45.00;;;;;35.00;;;;0;;;;;;;;;;;;;;260.800;;;;;;;;;;;;34.00;30.00;;;;;;;;;;;;;;0;0.00;0.00;;298.40;;3.00;0.40;-1.70;;0.60;1.20;;;;-1.50;;;;5.40;;;;0.70;5.40;2.30;8.20;0.90;5.40;2.60;8.10;0.90;-2.40;0.00;0.60;;;;;18.00;;;;28.00;;;;56.00;;;;31.00;;;;35.00;;;;;;;;46.00;;;;;;;;;;;;;;;;;;;;;;;;;;;;;;;;;;;;;;;;;;;;;;;;;;;;;;;;;;;;;;;;;;;;;;;;;;;;;;;;;;;;;;;;;;;;;;;;;;;;;;;;;;;;;;;;;;;;;;;;;;;;;;;;;;;;;;;;;;;;;;;;;;;;;;;;;;;;;;;;;;;;;;;;;;;;;;;;;;;;;;;;;;;;;;;;;;;;;;;;;;;;;;;;;;;;;;49.00;;;;;;;;;;;;;;;;;;;;;;;;;;;;;;;;;;;;;;;;;;;;;;;;;;;41.00;41.00;41.00;;;;42.70;;;;21.00;;;;;;;59.70;551.30;116.10;0.00;0.00;115.80;;;;;38.00;;;;;37.00;;;;;;;;37.00;;;;2000.10;2000.10;1;1;;;;;;;;;;;;;;;;;;;;;;;;0.30;0;0;0.00;0.00;;;;;;;;;;;;;;;;;;;;;;;;;;;;0;5.40;7.10;3.70;11.30;12.50;11.00;261;550;59;298;299;1271.80;;;32276616;3.00;;;;;;19.00
1579432800000;2020-01-19T12:20:00.000+0100;;;;;;;;;0.90;-31.70;397.40;397.50;396.70;131.00;133.00;133.00;-1.00;;;;;-1.00;-1.00;;;;;;;;;1.0;;;;;;;;;;;;;;;;;;;;;;;;;;;;;;;;;;;;;;;;;;;;50.00;;;;;;;;;;;;;;;;;;;;;;;;;;;;;;;;;;;;;;35.00;45.00;;9.00;24.00;;;36.00;39.00;35.00;;;;;;;;;1265.00;1238.10;-21.300;-69.700;;;;;;;;;;;;;2000.100;-69.000;;;;;;;;;;46.00;47.00;46.00;;;;;34.00;;;;0;;;;;;;;;;;;;;147.600;;;;;;;;;;;;34.00;30.00;;;;;;;;;;;;;;0;0.00;0.00;;301.50;;3.00;5.30;0.40;;1.20;6.70;;;;4.00;;;;4.70;;;;0.60;4.80;2.50;6.80;0.80;4.80;2.40;6.50;0.70;-2.20;0.30;0.50;;;;;18.00;;;;28.00;;;;57.00;;;;31.00;;;;35.00;;;;;;;;46.00;;;;;;;;;;;;;;;;;;;;;;;;;;;;;;;;;;;;;;;;;;;;;;;;;;;;;;;;;;;;;;;;;;;;;;;;;;;;;;;;;;;;;;;;;;;;;;;;;;;;;;;;;;;;;;;;;;;;;;;;;;;;;;;;;;;;;;;;;;;;;;;;;;;;;;;;;;;;;;;;;;;;;;;;;;;;;;;;;;;;;;;;;;;;;;;;;;;;;;;;;;;;;;;;;;;;;;50.00;;;;;;;;;;;;;;;;;;;;;;;;;;;;;;;;;;;;;;;;;;;;;;;;;;;41.00;41.00;41.00;;;;4.50;;;;21.00;;;;;;;5.50;284.70;65.70;0.00;0.00;65.50;;;;;37.00;;;;;36.00;;;;;;;;37.00;;;;2000.10;2000.10;1;1;;;;;;;;;;;;;;;;;;;;;;;;0.00;0;0;0.00;0.00;;;;;;;;;;;;;;;;;;;;;;;;;;;;0;4.80;5.90;3.40;11.00;11.30;11.00;147;278;7;298;304;1249.80;;;32276642;3.00;;;;;;19.00
1579433400000;2020-01-19T12:30:00.000+0100;;;;;;;;;0.60;-85.80;396.00;396.20;395.30;110.00;113.00;111.00;-0.40;;;;;-0.40;-0.40;;;;;;;;;1.0;;;;;;;;;;;;;;;;;;;;;;;;;;;;;;;;;;;;;;;;;;;;50.00;;;;;;;;;;;;;;;;;;;;;;;;;;;;;;;;;;;;;;35.00;45.00;;9.00;24.00;;;36.00;39.00;35.00;;;;;;;;;1258.70;1241.10;12.500;-220.800;;;;;;;;;;;;;2000.100;-38.000;;;;;;;;;;47.00;47.00;47.00;;;;;34.00;;;;0;;;;;;;;;;;;;;80.500;;;;;;;;;;;;35.00;30.00;;;;;;;;;;;;;;0;0.00;0.00;;303.70;;3.00;4.20;-4.80;;2.00;5.00;;;;2.70;;;;4.10;;;;0.50;4.20;1.60;6.70;0.70;4.20;2.20;6.20;0.60;-1.50;0.90;0.60;;;;;18.00;;;;28.00;;;;58.00;;;;31.00;;;;34.00;;;;;;;;44.00;;;;;;;;;;;;;;;;;;;;;;;;;;;;;;;;;;;;;;;;;;;;;;;;;;;;;;;;;;;;;;;;;;;;;;;;;;;;;;;;;;;;;;;;;;;;;;;;;;;;;;;;;;;;;;;;;;;;;;;;;;;;;;;;;;;;;;;;;;;;;;;;;;;;;;;;;;;;;;;;;;;;;;;;;;;;;;;;;;;;;;;;;;;;;;;;;;;;;;;;;;;;;;;;;;;;;;49.00;;;;;;;;;;;;;;;;;;;;;;;;;;;;;;;;;;;;;;;;;;;;;;;;;;;41.00;41.00;41.00;;;;3.60;;;;21.00;;;;;;;0.00;244.00;55.10;0.00;0.00;55.00;;;;;37.00;;;;;35.00;;;;;;;;36.00;;;;2000.10;2000.10;1;1;;;;;;;;;;;;;;;;;;;;;;;;0.00;0;0;0.00;0.00;;;;;;;;;;;;;;;;;;;;;;;;;;;;0;4.20;5.60;2.50;11.00;11.00;11.00;80;242;-4;304;308;1249.80;;;32276654;4.00;;;;;;19.00
1579434000000;2020-01-19T12:40:00.000+0100;;;;;;;;;0.50;43.90;396.90;397.20;396.50;45.00;46.00;46.00;10.50;;;;;10.50;10.50;;;;;;;;;0.0;;;;;;;;;;;;;;;;;;;;;;;;;;;;;;;;;;;;;;;;;;;;50.00;;;;;;;;;;;;;;;;;;;;;;;;;;;;;;;;;;;;;;35.00;45.00;;9.00;24.00;;;36.00;39.00;35.00;;;;;;;;;1345.90;156.40;93.400;-78.800;;;;;;;;;;;;;69.900;0.000;;;;;;;;;;46.00;47.00;46.00;;;;;33.00;;;;0;;;;;;;;;;;;;;1.700;;;;;;;;;;;;35.00;30.00;;;;;;;;;;;;;;0;0.00;0.00;;311.30;;3.00;4.40;1.20;;2.20;1.60;;;;3.20;;;;3.00;;;;0.50;3.00;0.50;5.30;0.70;2.90;0.70;4.70;0.80;-0.10;24.00;11.10;;;;;18.00;;;;28.00;;;;58.00;;;;31.00;;;;34.00;;;;;;;;43.00;;;;;;;;;;;;;;;;;;;;;;;;;;;;;;;;;;;;;;;;;;;;;;;;;;;;;;;;;;;;;;;;;;;;;;;;;;;;;;;;;;;;;;;;;;;;;;;;;;;;;;;;;;;;;;;;;;;;;;;;;;;;;;;;;;;;;;;;;;;;;;;;;;;;;;;;;;;;;;;;;;;;;;;;;;;;;;;;;;;;;;;;;;;;;;;;;;;;;;;;;;;;;;;;;;;;;;48.00;;;;;;;;;;;;;;;;;;;;;;;;;;;;;;;;;;;;;;;;;;;;;;;;;;;41.00;41.00;42.00;;;;517.20;;;;21.00;;;;;;;0.00;42.40;6.40;0.00;0.00;3.20;;;;;35.00;;;;;33.00;;;;;;;;34.00;;;;0.00;2000.10;11;11;;;;;;;;;;;;;;;;;;;;;;;;4.50;0;0;0.00;0.00;;;;;;;;;;;;;;;;;;;;;;;;;;;;0;3.00;4.00;1.40;7.20;11.90;1.50;-10;3;-25;307;311;820.90;;;32276654;4.00;;;;;;19.00
1579434600000;2020-01-19T12:50:00.000+0100;;;;;;;;;0.60;14.50;396.80;397.20;396.40;32.00;32.00;32.00;13.20;;;;;13.10;13.10;;;;;;;;;1.0;;;;;;;;;;;;;;;;;;;;;;;;;;;;;;;;;;;;;;;;;;;;50.00;;;;;;;;;;;;;;;;;;;;;;;;;;;;;;;;;;;;;;35.00;44.00;;9.00;22.00;;;35.00;38.00;35.00;;;;;;;;;1383.20;206.50;79.200;-356.400;;;;;;;;;;;;;92.900;-53.000;;;;;;;;;;43.00;44.00;44.00;;;;;33.00;;;;0;;;;;;;;;;;;;;15.100;;;;;;;;;;;;35.00;30.00;;;;;;;;;;;;;;0;0.00;0.00;;309.40;;3.00;-3.20;-12.30;;3.20;-3.30;;;;-2.40;;;;3.50;;;;0.50;3.50;1.40;6.20;0.60;3.50;1.50;5.80;0.70;-2.30;24.00;11.30;;;;;18.00;;;;28.00;;;;54.00;;;;31.00;;;;34.00;;;;;;;;41.00;;;;;;;;;;;;;;;;;;;;;;;;;;;;;;;;;;;;;;;;;;;;;;;;;;;;;;;;;;;;;;;;;;;;;;;;;;;;;;;;;;;;;;;;;;;;;;;;;;;;;;;;;;;;;;;;;;;;;;;;;;;;;;;;;;;;;;;;;;;;;;;;;;;;;;;;;;;;;;;;;;;;;;;;;;;;;;;;;;;;;;;;;;;;;;;;;;;;;;;;;;;;;;;;;;;;;;47.00;;;;;;;;;;;;;;;;;;;;;;;;;;;;;;;;;;;;;;;;;;;;;;;;;;;41.00;40.00;42.00;;;;508.80;;;;21.00;;;;;;;0.00;193.20;29.40;0.00;0.00;18.10;;;;;35.00;;;;;33.00;;;;;;;;34.00;;;;0.00;2000.10;1;1;;;;;;;;;;;;;;;;;;;;;;;;4.50;0;0;0.00;0.00;;;;;;;;;;;;;;;;;;;;;;;;;;;;0;3.50;4.80;2.50;6.60;12.20;1.80;-8;199;-100;307;304;729.30;;;32276654;4.00;;;;;;18.00
1579435200000;2020-01-19T13:00:00.000+0100;;;;;;;;;0.20;20.90;397.10;397.30;396.60;135.00;138.00;136.00;0.60;;;;;0.60;0.60;;;;;;;;;0.0;;;;;;;;;;;;;;;;;;;;;;;;;;;;;;;;;;;;;;;;;;;;50.00;;;;;;;;;;;;;;;;;;;;;;;;;;;;;;;;;;;;;;35.00;44.00;;9.00;23.00;;;35.00;38.00;35.00;;;;;;;;;1344.70;1234.80;175.600;-285.800;;;;;;;;;;;;;940.500;175.000;;;;;;;;;;42.00;43.00;43.00;;;;;36.00;;;;0;;;;;;;;;;;;;;23.600;;;;;;;;;;;;35.00;30.00;;;;;;;;;;;;;;0;0.00;0.00;;297.90;;3.00;3.30;-11.10;;4.00;3.00;;;;3.60;;;;3.50;;;;0.60;3.60;1.40;6.20;0.70;3.50;1.10;5.30;0.80;-0.90;2.50;0.80;;;;;18.00;;;;28.00;;;;54.00;;;;30.00;;;;35.00;;;;;;;;42.00;;;;;;;;;;;;;;;;;;;;;;;;;;;;;;;;;;;;;;;;;;;;;;;;;;;;;;;;;;;;;;;;;;;;;;;;;;;;;;;;;;;;;;;;;;;;;;;;;;;;;;;;;;;;;;;;;;;;;;;;;;;;;;;;;;;;;;;;;;;;;;;;;;;;;;;;;;;;;;;;;;;;;;;;;;;;;;;;;;;;;;;;;;;;;;;;;;;;;;;;;;;;;;;;;;;;;;48.00;;;;;;;;;;;;;;;;;;;;;;;;;;;;;;;;;;;;;;;;;;;;;;;;;;;41.00;41.00;41.00;;;;41.50;;;;21.00;;;;;;;0.00;114.00;29.20;0.00;0.00;34.60;;;;;36.00;;;;;35.00;;;;;;;;35.00;;;;0.00;2000.10;11;1;;;;;;;;;;;;;;;;;;;;;;;;0.30;0;0;0.00;0.00;;;;;;;;;;;;;;;;;;;;;;;;;;;;0;3.60;4.80;2.10;11.30;11.90;11.00;15;112;-32;299;302;1286.20;;;32276658;5.00;;;;;;19.00
1579435800000;2020-01-19T13:10:00.000+0100;;;;;;;;;0.80;-15.60;397.40;397.60;396.90;38.00;39.00;39.00;7.30;;;;;7.30;7.30;;;;;;;;;1.0;;;;;;;;;;;;;;;;;;;;;;;;;;;;;;;;;;;;;;;;;;;;50.00;;;;;;;;;;;;;;;;;;;;;;;;;;;;;;;;;;;;;;35.00;44.00;;9.00;23.00;;;35.00;38.00;35.00;;;;;;;;;1387.60;245.00;175.000;-128.800;;;;;;;;;;;;;647.900;-34.000;;;;;;;;;;41.00;41.00;41.00;;;;;33.00;;;;0;;;;;;;;;;;;;;33.200;;;;;;;;;;;;35.00;30.00;;;;;;;;;;;;;;0;0.00;0.00;;299.90;;3.00;-0.80;-4.30;;1.20;1.00;;;;-0.90;;;;3.60;;;;0.60;3.70;0.90;6.40;0.80;3.60;0.80;5.60;0.80;-2.30;25.90;10.20;;;;;18.00;;;;28.00;;;;55.00;;;;30.00;;;;34.00;;;;;;;;42.00;;;;;;;;;;;;;;;;;;;;;;;;;;;;;;;;;;;;;;;;;;;;;;;;;;;;;;;;;;;;;;;;;;;;;;;;;;;;;;;;;;;;;;;;;;;;;;;;;;;;;;;;;;;;;;;;;;;;;;;;;;;;;;;;;;;;;;;;;;;;;;;;;;;;;;;;;;;;;;;;;;;;;;;;;;;;;;;;;;;;;;;;;;;;;;;;;;;;;;;;;;;;;;;;;;;;;;47.00;;;;;;;;;;;;;;;;;;;;;;;;;;;;;;;;;;;;;;;;;;;;;;;;;;;41.00;40.00;41.00;;;;429.70;;;;21.00;;;;;;;0.00;237.60;49.20;0.00;0.00;47.70;;;;;36.00;;;;;34.00;;;;;;;;35.00;;;;0.00;2000.10;1;1;;;;;;;;;;;;;;;;;;;;;;;;3.90;0;0;0.00;0.00;;;;;;;;;;;;;;;;;;;;;;;;;;;;0;3.60;5.30;1.50;8.70;12.20;2.10;18;234;-100;299;298;982.70;;;32276662;5.00;;;;;;19.00
1579436400000;2020-01-19T13:20:00.000+0100;;;;;;;;;0.30;40.80;399.20;399.30;398.60;76.00;78.00;75.00;1.20;;;;;1.20;1.20;;;;;;;;;0.0;;;;;;;;;;;;;;;;;;;;;;;;;;;;;;;;;;;;;;;;;;;;50.00;;;;;;;;;;;;;;;;;;;;;;;;;;;;;;;;;;;;;;35.00;44.00;;10.00;24.00;;;35.00;38.00;35.00;;;;;;;;;1350.60;1223.50;115.100;-106.800;;;;;;;;;;;;;749.300;24.000;;;;;;;;;;40.00;41.00;41.00;;;;;35.00;;;;0;;;;;;;;;;;;;;19.800;;;;;;;;;;;;34.00;30.00;;;;;;;;;;;;;;0;0.00;0.00;;302.80;;3.00;0.30;-0.80;;5.40;1.40;;;;0.70;;;;3.40;;;;0.60;3.60;1.20;6.30;0.80;3.30;0.90;5.10;0.80;-0.90;4.60;1.40;;;;;18.00;;;;28.00;;;;55.00;;;;30.00;;;;35.00;;;;;;;;42.00;;;;;;;;;;;;;;;;;;;;;;;;;;;;;;;;;;;;;;;;;;;;;;;;;;;;;;;;;;;;;;;;;;;;;;;;;;;;;;;;;;;;;;;;;;;;;;;;;;;;;;;;;;;;;;;;;;;;;;;;;;;;;;;;;;;;;;;;;;;;;;;;;;;;;;;;;;;;;;;;;;;;;;;;;;;;;;;;;;;;;;;;;;;;;;;;;;;;;;;;;;;;;;;;;;;;;;48.00;;;;;;;;;;;;;;;;;;;;;;;;;;;;;;;;;;;;;;;;;;;;;;;;;;;41.00;41.00;41.00;;;;41.20;;;;21.00;;;;;;;0.00;230.50;29.90;0.00;0.00;33.70;;;;;36.00;;;;;35.00;;;;;;;;35.00;;;;0.00;2000.10;1;1;;;;;;;;;;;;;;;;;;;;;;;;0.30;0;0;0.00;0.00;;;;;;;;;;;;;;;;;;;;;;;;;;;;0;3.40;4.80;2.20;11.30;11.90;10.70;8;235;-27;299;299;1289.50;;;32276666;5.00;;;;;;19.00
1579437000000;2020-01-19T13:30:00.000+0100;;;;;;;;;0.70;-30.10;398.70;398.80;397.90;70.00;73.00;71.00;0.30;;;;;0.30;0.30;;;;;;;;;1.0;;;;;;;;;;;;;;;;;;;;;;;;;;;;;;;;;;;;;;;;;;;;50.00;;;;;;;;;;;;;;;;;;;;;;;;;;;;;;;;;;;;;;35.00;44.00;;10.00;24.00;;;35.00;38.00;35.00;;;;;;;;;1360.20;1230.40;34.300;-63.900;;;;;;;;;;;;;1517.800;-35.000;;;;;;;;;;41.00;41.00;41.00;;;;;34.00;;;;0;;;;;;;;;;;;;;60.500;;;;;;;;;;;;34.00;30.00;;;;;;;;;;;;;;0;0.00;0.00;;298.50;;3.00;5.30;0.30;;1.00;5.40;;;;5.30;;;;3.90;;;;0.60;3.90;1.30;6.00;0.80;4.00;1.60;5.80;0.70;-1.10;4.70;1.50;;;;;18.00;;;;28.00;;;;56.00;;;;31.00;;;;35.00;;;;;;;;43.00;;;;;;;;;;;;;;;;;;;;;;;;;;;;;;;;;;;;;;;;;;;;;;;;;;;;;;;;;;;;;;;;;;;;;;;;;;;;;;;;;;;;;;;;;;;;;;;;;;;;;;;;;;;;;;;;;;;;;;;;;;;;;;;;;;;;;;;;;;;;;;;;;;;;;;;;;;;;;;;;;;;;;;;;;;;;;;;;;;;;;;;;;;;;;;;;;;;;;;;;;;;;;;;;;;;;;;48.00;;;;;;;;;;;;;;;;;;;;;;;;;;;;;;;;;;;;;;;;;;;;;;;;;;;41.00;41.00;41.00;;;;30.70;;;;21.00;;;;;;;0.00;214.90;50.80;0.00;0.00;55.30;;;;;37.00;;;;;36.00;;;;;;;;36.00;;;;0.00;2000.10;1;1;;;;;;;;;;;;;;;;;;;;;;;;0.30;0;0;0.00;0.00;;;;;;;;;;;;;;;;;;;;;;;;;;;;0;3.90;5.30;2.30;11.00;11.90;11.00;59;227;-27;299;304;1260.80;;;32276674;5.00;;;;;;19.00
1579437600000;2020-01-19T13:40:00.000+0100;;;;;;;;;1.00;-3.50;399.70;399.70;398.90;124.00;127.00;126.00;-0.80;;;;;-0.80;-0.80;;;;;;;;;1.0;;;;;;;;;;;;;;;;;;;;;;;;;;;;;;;;;;;;;;;;;;;;50.00;;;;;;;;;;;;;;;;;;;;;;;;;;;;;;;;;;;;;;35.00;44.00;;10.00;24.00;;;35.00;38.00;35.00;;;;;;;;;1264.10;1242.60;-0.300;-36.700;;;;;;;;;;;;;1995.500;0.000;;;;;;;;;;42.00;43.00;43.00;;;;;35.00;;;;0;;;;;;;;;;;;;;142.900;;;;;;;;;;;;34.00;30.00;;;;;;;;;;;;;;0;0.00;0.00;;305.60;;3.00;1.00;-2.70;;5.00;1.80;;;;-0.60;;;;4.60;;;;0.70;4.60;1.90;6.70;0.80;4.70;2.30;6.70;0.80;-2.20;0.90;0.70;;;;;19.00;;;;28.00;;;;56.00;;;;31.00;;;;35.00;;;;;;;;44.00;;;;;;;;;;;;;;;;;;;;;;;;;;;;;;;;;;;;;;;;;;;;;;;;;;;;;;;;;;;;;;;;;;;;;;;;;;;;;;;;;;;;;;;;;;;;;;;;;;;;;;;;;;;;;;;;;;;;;;;;;;;;;;;;;;;;;;;;;;;;;;;;;;;;;;;;;;;;;;;;;;;;;;;;;;;;;;;;;;;;;;;;;;;;;;;;;;;;;;;;;;;;;;;;;;;;;;48.00;;;;;;;;;;;;;;;;;;;;;;;;;;;;;;;;;;;;;;;;;;;;;;;;;;;41.00;41.00;41.00;;;;3.90;;;;21.00;;;;;;;0.00;308.90;71.90;0.00;0.00;71.90;;;;;38.00;;;;;36.00;;;;;;;;37.00;;;;1552.10;2000.10;11;11;;;;;;;;;;;;;;;;;;;;;;;;0.00;0;0;0.00;0.00;;;;;;;;;;;;;;;;;;;;;;;;;;;;0;4.60;6.00;2.70;11.00;11.30;11.00;143;306;0;306;307;1250.40;;;32276698;5.00;;;;;;19.00
1579438200000;2020-01-19T13:50:00.000+0100;;;;;;;;;0.70;-38.70;398.70;398.80;397.90;99.00;102.00;100.00;-0.50;;;;;-0.50;-0.50;;;;;;;;;0.0;;;;;;;;;;;;;;;;;;;;;;;;;;;;;;;;;;;;;;;;;;;;50.00;;;;;;;;;;;;;;;;;;;;;;;;;;;;;;;;;;;;;;35.00;45.00;;10.00;24.00;;;36.00;38.00;35.00;;;;;;;;;1330.90;1239.00;60.500;-106.100;;;;;;;;;;;;;1930.200;-93.000;;;;;;;;;;44.00;44.00;44.00;;;;;34.00;;;;0;;;;;;;;;;;;;;89.000;;;;;;;;;;;;34.00;30.00;;;;;;;;;;;;;;0;0.00;0.00;;308.80;;3.00;-0.30;-1.70;;5.40;0.10;;;;-1.00;;;;4.20;;;;0.70;4.30;1.30;6.50;0.80;4.30;1.40;6.70;0.80;-2.00;1.00;0.70;;;;;19.00;;;;28.00;;;;57.00;;;;31.00;;;;35.00;;;;;;;;44.00;;;;;;;;;;;;;;;;;;;;;;;;;;;;;;;;;;;;;;;;;;;;;;;;;;;;;;;;;;;;;;;;;;;;;;;;;;;;;;;;;;;;;;;;;;;;;;;;;;;;;;;;;;;;;;;;;;;;;;;;;;;;;;;;;;;;;;;;;;;;;;;;;;;;;;;;;;;;;;;;;;;;;;;;;;;;;;;;;;;;;;;;;;;;;;;;;;;;;;;;;;;;;;;;;;;;;;49.00;;;;;;;;;;;;;;;;;;;;;;;;;;;;;;;;;;;;;;;;;;;;;;;;;;;41.00;41.00;41.00;;;;8.40;;;;21.00;;;;;;;0.00;224.80;63.70;0.00;0.00;64.40;;;;;37.00;;;;;36.00;;;;;;;;37.00;;;;0.00;2000.10;1;1;;;;;;;;;;;;;;;;;;;;;;;;0.00;0;0;0.00;0.00;;;;;;;;;;;;;;;;;;;;;;;;;;;;0;4.30;5.80;2.40;11.00;11.60;11.00;88;223;-13;310;310;1250.70;;;32276714;5.00;;;;;;19.00
1579438800000;2020-01-19T14:00:00.000+0100;;;;;;;;;0.40;0.40;399.30;399.50;398.70;87.00;90.00;88.00;0.60;;;;;0.60;0.60;;;;;;;;;0.0;;;;;;;;;;;;;;;;;;;;;;;;;;;;;;;;;;;;;;;;;;;;50.00;;;;;;;;;;;;;;;;;;;;;;;;;;;;;;;;;;;;;;35.00;44.00;;10.00;25.00;;;36.00;39.00;35.00;;;;;;;;;1353.60;1224.40;120.800;-121.000;;;;;;;;;;;;;863.500;90.000;;;;;;;;;;44.00;45.00;44.00;;;;;35.00;;;;0;;;;;;;;;;;;;;43.200;;;;;;;;;;;;34.00;30.00;;;;;;;;;;;;;;0;0.00;0.00;;311.60;;3.00;-4.10;-6.50;;2.10;-4.30;;;;-5.50;;;;3.80;;;;0.70;3.90;1.30;5.90;0.80;3.80;1.70;5.90;0.80;-1.40;4.70;1.60;;;;;19.00;;;;28.00;;;;58.00;;;;31.00;;;;35.00;;;;;;;;43.00;;;;;;;;;;;;;;;;;;;;;;;;;;;;;;;;;;;;;;;;;;;;;;;;;;;;;;;;;;;;;;;;;;;;;;;;;;;;;;;;;;;;;;;;;;;;;;;;;;;;;;;;;;;;;;;;;;;;;;;;;;;;;;;;;;;;;;;;;;;;;;;;;;;;;;;;;;;;;;;;;;;;;;;;;;;;;;;;;;;;;;;;;;;;;;;;;;;;;;;;;;;;;;;;;;;;;;48.00;;;;;;;;;;;;;;;;;;;;;;;;;;;;;;;;;;;;;;;;;;;;;;;;;;;41.00;41.00;41.00;;;;40.60;;;;21.00;;;;;;;0.00;256.00;53.00;0.00;0.00;63.00;;;;;36.00;;;;;35.00;;;;;;;;36.00;;;;0.00;2000.10;1;1;;;;;;;;;;;;;;;;;;;;;;;;0.30;0;0;0.00;0.00;;;;;;;;;;;;;;;;;;;;;;;;;;;;0;3.90;5.50;2.50;11.30;11.90;10.70;36;258;-31;305;301;1268.00;;;32276722;5.00;;;;;;19.00
1579439400000;2020-01-19T14:10:00.000+0100;;;;;;;;;0.50;54.40;400.10;400.30;399.60;62.00;64.00;62.00;4.20;;;;;4.20;4.20;;;;;;;;;0.0;;;;;;;;;;;;;;;;;;;;;;;;;;;;;;;;;;;;;;;;;;;;50.00;;;;;;;;;;;;;;;;;;;;;;;;;;;;;;;;;;;;;;35.00;44.00;;10.00;24.00;;;36.00;39.00;35.00;;;;;;;;;1397.80;298.10;169.200;-169.700;;;;;;;;;;;;;241.900;169.000;;;;;;;;;;42.00;43.00;43.00;;;;;34.00;;;;0;;;;;;;;;;;;;;12.100;;;;;;;;;;;;34.00;30.00;;;;;;;;;;;;;;0;0.00;0.00;;291.10;;3.00;5.40;-4.10;;1.30;6.60;;;;5.60;;;;3.40;;;;0.50;3.40;1.40;5.50;0.70;3.30;1.10;4.90;0.60;-2.20;26.60;8.00;;;;;19.00;;;;28.00;;;;58.00;;;;31.00;;;;35.00;;;;;;;;42.00;;;;;;;;;;;;;;;;;;;;;;;;;;;;;;;;;;;;;;;;;;;;;;;;;;;;;;;;;;;;;;;;;;;;;;;;;;;;;;;;;;;;;;;;;;;;;;;;;;;;;;;;;;;;;;;;;;;;;;;;;;;;;;;;;;;;;;;;;;;;;;;;;;;;;;;;;;;;;;;;;;;;;;;;;;;;;;;;;;;;;;;;;;;;;;;;;;;;;;;;;;;;;;;;;;;;;;48.00;;;;;;;;;;;;;;;;;;;;;;;;;;;;;;;;;;;;;;;;;;;;;;;;;;;41.00;40.00;41.00;;;;325.00;;;;22.00;;;;;;;0.00;99.70;21.80;0.00;0.00;19.50;;;;;35.00;;;;;34.00;;;;;;;;35.00;;;;0.00;2000.10;1;1;;;;;;;;;;;;;;;;;;;;;;;;3.00;0;0;0.00;0.00;;;;;;;;;;;;;;;;;;;;;;;;;;;;0;3.40;4.50;2.20;9.50;12.20;2.70;-5;75;-100;289;294;1091.00;;;32276722;5.00;;;;;;19.00
1579440000000;2020-01-19T14:20:00.000+0100;;;;;;;;;0.60;52.00;400.60;400.80;400.00;85.00;87.00;86.00;3.80;;;;;3.80;3.80;;;;;;;;;1.0;;;;;;;;;;;;;;;;;;;;;;;;;;;;;;;;;;;;;;;;;;;;50.00;;;;;;;;;;;;;;;;;;;;;;;;;;;;;;;;;;;;;;35.00;44.00;;10.00;24.00;;;36.00;39.00;35.00;;;;;;;;;1391.20;299.60;169.600;-36.100;;;;;;;;;;;;;703.700;-22.000;;;;;;;;;;41.00;42.00;41.00;;;;;35.00;;;;0;;;;;;;;;;;;;;43.400;;;;;;;;;;;;34.00;30.00;;;;;;;;;;;;;;0;0.00;0.00;;298.40;;3.00;4.10;2.00;;0.60;3.00;;;;4.10;;;;3.60;;;;0.70;3.80;1.30;5.80;0.90;3.60;0.90;6.90;0.80;-2.20;25.30;7.40;;;;;19.00;;;;29.00;;;;59.00;;;;31.00;;;;35.00;;;;;;;;42.00;;;;;;;;;;;;;;;;;;;;;;;;;;;;;;;;;;;;;;;;;;;;;;;;;;;;;;;;;;;;;;;;;;;;;;;;;;;;;;;;;;;;;;;;;;;;;;;;;;;;;;;;;;;;;;;;;;;;;;;;;;;;;;;;;;;;;;;;;;;;;;;;;;;;;;;;;;;;;;;;;;;;;;;;;;;;;;;;;;;;;;;;;;;;;;;;;;;;;;;;;;;;;;;;;;;;;;48.00;;;;;;;;;;;;;;;;;;;;;;;;;;;;;;;;;;;;;;;;;;;;;;;;;;;41.00;40.00;41.00;;;;321.70;;;;21.00;;;;;;;0.00;197.50;49.30;0.00;0.00;47.90;;;;;36.00;;;;;35.00;;;;;;;;35.00;;;;0.00;2000.10;11;1;;;;;;;;;;;;;;;;;;;;;;;;3.00;0;0;0.00;0.00;;;;;;;;;;;;;;;;;;;;;;;;;;;;0;3.70;5.10;1.90;10.10;12.20;2.70;23;127;-27;294;298;1150.10;;;32276726;5.00;;;;;;19.00
1579440600000;2020-01-19T14:30:00.000+0100;;;;;;;;;0.60;10.60;400.60;400.70;399.90;82.00;85.00;83.00;0.30;;;;;0.30;0.30;;;;;;;;;0.0;;;;;;;;;;;;;;;;;;;;;;;;;;;;;;;;;;;;;;;;;;;;50.00;;;;;;;;;;;;;;;;;;;;;;;;;;;;;;;;;;;;;;35.00;44.00;;10.00;24.00;;;36.00;39.00;35.00;;;;;;;;;1355.40;1242.30;93.200;-103.900;;;;;;;;;;;;;1387.800;92.000;;;;;;;;;;42.00;42.00;42.00;;;;;34.00;;;;0;;;;;;;;;;;;;;63.100;;;;;;;;;;;;34.00;30.00;;;;;;;;;;;;;;0;0.00;0.00;;300.70;;3.00;2.30;2.30;;2.70;3.80;;;;0.20;;;;3.90;;;;0.60;4.10;1.30;5.90;0.80;4.00;1.20;5.70;0.70;-1.00;4.10;1.50;;;;;19.00;;;;29.00;;;;59.00;;;;31.00;;;;35.00;;;;;;;;43.00;;;;;;;;;;;;;;;;;;;;;;;;;;;;;;;;;;;;;;;;;;;;;;;;;;;;;;;;;;;;;;;;;;;;;;;;;;;;;;;;;;;;;;;;;;;;;;;;;;;;;;;;;;;;;;;;;;;;;;;;;;;;;;;;;;;;;;;;;;;;;;;;;;;;;;;;;;;;;;;;;;;;;;;;;;;;;;;;;;;;;;;;;;;;;;;;;;;;;;;;;;;;;;;;;;;;;;48.00;;;;;;;;;;;;;;;;;;;;;;;;;;;;;;;;;;;;;;;;;;;;;;;;;;;41.00;41.00;41.00;;;;36.70;;;;21.00;;;;;;;0.00;149.40;51.30;0.00;0.00;57.30;;;;;37.00;;;;;35.00;;;;;;;;36.00;;;;0.00;2000.10;11;1;;;;;;;;;;;;;;;;;;;;;;;;0.30;0;0;0.00;0.00;;;;;;;;;;;;;;;;;;;;;;;;;;;;0;4.00;5.10;2.10;11.30;11.90;11.00;57;146;-26;300;302;1272.40;;;32276736;5.00;;;;;;19.00
1579441200000;2020-01-19T14:40:00.000+0100;;;;;;;;;0.70;4.90;398.20;398.50;397.70;34.00;35.00;35.00;14.10;;;;;14.10;14.10;;;;;;;;;1.0;;;;;;;;;;;;;;;;;;;;;;;;;;;;;;;;;;;;;;;;;;;;50.00;;;;;;;;;;;;;;;;;;;;;;;;;;;;;;;;;;;;;;35.00;44.00;;10.00;24.00;;;36.00;39.00;35.00;;;;;;;;;1396.00;241.10;216.100;-123.700;;;;;;;;;;;;;162.800;-110.000;;;;;;;;;;41.00;41.00;41.00;;;;;33.00;;;;0;;;;;;;;;;;;;;20.700;;;;;;;;;;;;34.00;30.00;;;;;;;;;;;;;;0;0.00;0.00;;298.70;;3.00;-1.50;-7.30;;2.00;-0.20;;;;-2.00;;;;3.50;;;;0.50;3.60;1.60;5.50;0.70;3.50;1.00;5.10;0.70;-2.20;24.90;10.90;;;;;19.00;;;;29.00;;;;58.00;;;;31.00;;;;34.00;;;;;;;;42.00;;;;;;;;;;;;;;;;;;;;;;;;;;;;;;;;;;;;;;;;;;;;;;;;;;;;;;;;;;;;;;;;;;;;;;;;;;;;;;;;;;;;;;;;;;;;;;;;;;;;;;;;;;;;;;;;;;;;;;;;;;;;;;;;;;;;;;;;;;;;;;;;;;;;;;;;;;;;;;;;;;;;;;;;;;;;;;;;;;;;;;;;;;;;;;;;;;;;;;;;;;;;;;;;;;;;;;47.00;;;;;;;;;;;;;;;;;;;;;;;;;;;;;;;;;;;;;;;;;;;;;;;;;;;41.00;40.00;41.00;;;;484.00;;;;21.00;;;;;;;0.00;114.20;29.50;0.00;0.00;18.00;;;;;35.00;;;;;33.00;;;;;;;;34.00;;;;0.00;2000.10;11;1;;;;;;;;;;;;;;;;;;;;;;;;4.20;0;0;0.00;0.00;;;;;;;;;;;;;;;;;;;;;;;;;;;;0;3.50;4.60;1.90;6.30;12.20;2.10;-5;61;-100;296;295;712.30;;;32276738;6.00;;;;;;19.00
1579441800000;2020-01-19T14:50:00.000+0100;;;;;;;;;0.50;32.40;398.40;398.70;398.00;38.00;40.00;39.00;10.70;;;;;10.70;10.70;;;;;;;;;0.0;;;;;;;;;;;;;;;;;;;;;;;;;;;;;;;;;;;;;;;;;;;;50.00;;;;;;;;;;;;;;;;;;;;;;;;;;;;;;;;;;;;;;35.00;44.00;;11.00;23.00;;;36.00;38.00;35.00;;;;;;;;;1345.60;225.30;75.300;-110.900;;;;;;;;;;;;;99.800;0.000;;;;;;;;;;39.00;40.00;40.00;;;;;33.00;;;;0;;;;;;;;;;;;;;0.800;;;;;;;;;;;;34.00;29.00;;;;;;;;;;;;;;0;0.00;0.00;;297.10;;3.00;1.10;1.00;;2.80;1.20;;;;1.10;;;;3.10;;;;0.30;3.20;1.60;5.00;0.60;3.10;1.10;4.70;0.60;0.00;25.80;10.70;;;;;19.00;;;;29.00;;;;56.00;;;;31.00;;;;34.00;;;;;;;;41.00;;;;;;;;;;;;;;;;;;;;;;;;;;;;;;;;;;;;;;;;;;;;;;;;;;;;;;;;;;;;;;;;;;;;;;;;;;;;;;;;;;;;;;;;;;;;;;;;;;;;;;;;;;;;;;;;;;;;;;;;;;;;;;;;;;;;;;;;;;;;;;;;;;;;;;;;;;;;;;;;;;;;;;;;;;;;;;;;;;;;;;;;;;;;;;;;;;;;;;;;;;;;;;;;;;;;;;47.00;;;;;;;;;;;;;;;;;;;;;;;;;;;;;;;;;;;;;;;;;;;;;;;;;;;41.00;40.00;41.00;;;;508.50;;;;21.00;;;;;;;0.00;25.10;3.20;0.00;0.00;5.10;;;;;35.00;;;;;34.00;;;;;;;;34.00;;;;-10.80;2000.10;11;11;;;;;;;;;;;;;;;;;;;;;;;;4.50;0;0;0.00;0.00;;;;;;;;;;;;;;;;;;;;;;;;;;;;0;3.10;3.90;1.90;7.80;11.90;2.10;-10;24;-25;297;298;892.30;;;32276738;6.00;;;;;;19.00
1579442400000;2020-01-19T15:00:00.000+0100;;;;;;;;;0.80;-7.00;397.90;398.20;397.50;10.00;10.00;11.00;24.00;;;;;24.00;24.00;;;;;;;;;0.0;;;;;;;;;;;;;;;;;;;;;;;;;;;;;;;;;;;;;;;;;;;;50.00;;;;;;;;;;;;;;;;;;;;;;;;;;;;;;;;;;;;;;35.00;43.00;;10.00;21.00;;;35.00;38.00;35.00;;;;;;;;;288.30;228.00;-5.700;-24.300;;;;;;;;;;;;;0.000;0.000;;;;;;;;;;37.00;38.00;38.00;;;;;32.00;;;;0;;;;;;;;;;;;;;10.200;;;;;;;;;;;;34.00;28.00;;;;;;;;;;;;;;0;0.00;0.00;;296.30;;3.00;7.20;5.30;;1.80;8.60;;;;6.60;;;;3.40;;;;0.40;3.50;2.00;6.50;0.60;3.40;1.70;6.20;0.60;23.90;24.00;0.00;;;;;19.00;;;;29.00;;;;52.00;;;;31.00;;;;34.00;;;;;;;;40.00;;;;;;;;;;;;;;;;;;;;;;;;;;;;;;;;;;;;;;;;;;;;;;;;;;;;;;;;;;;;;;;;;;;;;;;;;;;;;;;;;;;;;;;;;;;;;;;;;;;;;;;;;;;;;;;;;;;;;;;;;;;;;;;;;;;;;;;;;;;;;;;;;;;;;;;;;;;;;;;;;;;;;;;;;;;;;;;;;;;;;;;;;;;;;;;;;;;;;;;;;;;;;;;;;;;;;;45.00;;;;;;;;;;;;;;;;;;;;;;;;;;;;;;;;;;;;;;;;;;;;;;;;;;;40.00;40.00;41.00;;;;13.40;;;;21.00;;;;;;;0.00;102.80;19.40;0.00;0.00;2.20;;;;;34.00;;;;;33.00;;;;;;;;34.00;;;;0.00;0.00;11;11;;;;;;;;;;;;;;;;;;;;;;;;0.00;0;0;0.00;0.00;;;;;;;;;;;;;;;;;;;;;;;;;;;;0;3.40;4.50;2.30;2.40;2.70;2.10;-9;-8;-23;301;308;255.70;;;32276738;6.00;;;;;;18.00
1579443000000;2020-01-19T15:10:00.000+0100;;;;;;;;;0.50;20.90;398.80;399.10;398.30;33.00;35.00;34.00;8.00;;;;;8.00;8.00;;;;;;;;;0.0;;;;;;;;;;;;;;;;;;;;;;;;;;;;;;;;;;;;;;;;;;;;50.00;;;;;;;;;;;;;;;;;;;;;;;;;;;;;;;;;;;;;;35.00;43.00;;10.00;21.00;;;35.00;38.00;35.00;;;;;;;;;1391.80;278.70;184.100;-174.100;;;;;;;;;;;;;116.700;0.000;;;;;;;;;;36.00;37.00;36.00;;;;;33.00;;;;0;;;;;;;;;;;;;;16.500;;;;;;;;;;;;33.00;28.00;;;;;;;;;;;;;;0;0.00;0.00;;329.00;;3.00;0.70;-8.70;;2.70;-0.40;;;;1.50;;;;3.30;;;;0.60;3.40;1.40;5.50;0.70;3.30;0.70;4.80;0.80;-2.30;24.00;10.80;;;;;19.00;;;;29.00;;;;48.00;;;;30.00;;;;34.00;;;;;;;;40.00;;;;;;;;;;;;;;;;;;;;;;;;;;;;;;;;;;;;;;;;;;;;;;;;;;;;;;;;;;;;;;;;;;;;;;;;;;;;;;;;;;;;;;;;;;;;;;;;;;;;;;;;;;;;;;;;;;;;;;;;;;;;;;;;;;;;;;;;;;;;;;;;;;;;;;;;;;;;;;;;;;;;;;;;;;;;;;;;;;;;;;;;;;;;;;;;;;;;;;;;;;;;;;;;;;;;;;45.00;;;;;;;;;;;;;;;;;;;;;;;;;;;;;;;;;;;;;;;;;;;;;;;;;;;40.00;39.00;41.00;;;;429.10;;;;20.00;;;;;;;0.00;103.70;24.70;0.00;0.00;12.00;;;;;35.00;;;;;34.00;;;;;;;;35.00;;;;0.00;2000.10;11;11;;;;;;;;;;;;;;;;;;;;;;;;3.90;0;0;0.00;0.00;;;;;;;;;;;;;;;;;;;;;;;;;;;;0;3.30;4.60;1.80;8.10;12.20;2.40;-9;52;-100;323;324;902.70;;;32276738;5.00;;;;;;18.00
1579443600000;2020-01-19T15:20:00.000+0100;;;;;;;;;0.90;-4.90;397.80;398.20;397.40;10.00;10.00;12.00;22.90;;;;;22.90;22.90;;;;;;;;;0.0;;;;;;;;;;;;;;;;;;;;;;;;;;;;;;;;;;;;;;;;;;;;50.00;;;;;;;;;;;;;;;;;;;;;;;;;;;;;;;;;;;;;;35.00;43.00;;10.00;21.00;;;35.00;38.00;35.00;;;;;;;;;1064.10;159.10;1.500;-24.300;;;;;;;;;;;;;0.000;0.000;;;;;;;;;;35.00;35.00;35.00;;;;;32.00;;;;0;;;;;;;;;;;;;;0.000;;;;;;;;;;;;32.00;27.00;;;;;;;;;;;;;;0;0.00;0.00;;328.60;;3.00;-11.10;-11.20;;7.80;-13.00;;;;-12.10;;;;2.60;;;;0.40;2.60;1.10;5.10;0.60;2.50;0.40;5.50;0.60;0.20;24.00;4.30;;;;;19.00;;;;29.00;;;;47.00;;;;30.00;;;;34.00;;;;;;;;40.00;;;;;;;;;;;;;;;;;;;;;;;;;;;;;;;;;;;;;;;;;;;;;;;;;;;;;;;;;;;;;;;;;;;;;;;;;;;;;;;;;;;;;;;;;;;;;;;;;;;;;;;;;;;;;;;;;;;;;;;;;;;;;;;;;;;;;;;;;;;;;;;;;;;;;;;;;;;;;;;;;;;;;;;;;;;;;;;;;;;;;;;;;;;;;;;;;;;;;;;;;;;;;;;;;;;;;;44.00;;;;;;;;;;;;;;;;;;;;;;;;;;;;;;;;;;;;;;;;;;;;;;;;;;;40.00;40.00;40.00;;;;180.50;;;;20.00;;;;;;;0.00;0.00;0.00;0.00;0.00;2.90;;;;;34.00;;;;;33.00;;;;;;;;34.00;;;;0.00;0.00;11;11;;;;;;;;;;;;;;;;;;;;;;;;1.50;0;0;0.00;0.00;;;;;;;;;;;;;;;;;;;;;;;;;;;;0;2.60;3.70;1.20;2.10;9.50;1.50;-10;-8;-25;323;312;239.30;;;32276738;6.00;;;;;;18.00
1579444200000;2020-01-19T15:30:00.000+0100;;;;;;;;;0.80;-5.70;398.20;398.60;397.80;10.00;9.00;10.00;24.00;;;;;24.00;24.00;;;;;;;;;0.0;;;;;;;;;;;;;;;;;;;;;;;;;;;;;;;;;;;;;;;;;;;;50.00;;;;;;;;;;;;;;;;;;;;;;;;;;;;;;;;;;;;;;35.00;42.00;;10.00;19.00;;;35.00;38.00;35.00;;;;;;;;;220.80;24.80;-4.800;-23.700;;;;;;;;;;;;;0.000;0.000;;;;;;;;;;33.00;34.00;34.00;;;;;32.00;;;;0;;;;;;;;;;;;;;0.000;;;;;;;;;;;;31.00;26.00;;;;;;;;;;;;;;0;0.00;0.00;;312.10;;3.00;-22.90;-23.40;;10.50;-25.00;;;;-24.60;;;;2.30;;;;0.50;2.30;1.10;4.60;0.60;2.30;1.20;5.40;0.50;23.90;24.00;0.00;;;;;19.00;;;;28.00;;;;43.00;;;;30.00;;;;33.00;;;;;;;;38.00;;;;;;;;;;;;;;;;;;;;;;;;;;;;;;;;;;;;;;;;;;;;;;;;;;;;;;;;;;;;;;;;;;;;;;;;;;;;;;;;;;;;;;;;;;;;;;;;;;;;;;;;;;;;;;;;;;;;;;;;;;;;;;;;;;;;;;;;;;;;;;;;;;;;;;;;;;;;;;;;;;;;;;;;;;;;;;;;;;;;;;;;;;;;;;;;;;;;;;;;;;;;;;;;;;;;;;43.00;;;;;;;;;;;;;;;;;;;;;;;;;;;;;;;;;;;;;;;;;;;;;;;;;;;39.00;39.00;40.00;;;;60.30;;;;20.00;;;;;;;0.00;0.00;0.00;0.00;0.00;1.80;;;;;34.00;;;;;33.00;;;;;;;;34.00;;;;0.00;0.00;11;11;;;;;;;;;;;;;;;;;;;;;;;;0.60;0;0;0.00;0.00;;;;;;;;;;;;;;;;;;;;;;;;;;;;0;2.30;3.40;1.40;1.20;2.10;0.30;-8;-8;-23;323;300;143.50;;;32276738;6.00;;;;;;18.00
1579444800000;2020-01-19T15:40:00.000+0100;;;;;;;;;0.80;-7.40;397.80;398.10;397.30;11.00;10.00;11.00;24.00;;;;;24.00;24.00;;;;;;;;;0.0;;;;;;;;;;;;;;;;;;;;;;;;;;;;;;;;;;;;;;;;;;;;50.00;;;;;;;;;;;;;;;;;;;;;;;;;;;;;;;;;;;;;;34.00;42.00;;10.00;18.00;;;34.00;37.00;34.00;;;;;;;;;278.10;142.30;-5.400;-33.600;;;;;;;;;;;;;0.000;0.000;;;;;;;;;;32.00;33.00;32.00;;;;;32.00;;;;0;;;;;;;;;;;;;;2.200;;;;;;;;;;;;30.00;26.00;;;;;;;;;;;;;;0;0.00;0.00;;298.30;;3.00;-17.40;-30.00;;3.30;-16.10;;;;-16.60;;;;3.00;;;;0.50;3.00;0.90;4.70;0.60;3.00;0.80;5.30;0.70;23.90;24.00;0.00;;;;;19.00;;;;28.00;;;;40.00;;;;30.00;;;;34.00;;;;;;;;38.00;;;;;;;;;;;;;;;;;;;;;;;;;;;;;;;;;;;;;;;;;;;;;;;;;;;;;;;;;;;;;;;;;;;;;;;;;;;;;;;;;;;;;;;;;;;;;;;;;;;;;;;;;;;;;;;;;;;;;;;;;;;;;;;;;;;;;;;;;;;;;;;;;;;;;;;;;;;;;;;;;;;;;;;;;;;;;;;;;;;;;;;;;;;;;;;;;;;;;;;;;;;;;;;;;;;;;;42.00;;;;;;;;;;;;;;;;;;;;;;;;;;;;;;;;;;;;;;;;;;;;;;;;;;;38.00;38.00;39.00;;;;37.90;;;;20.00;;;;;;;0.00;35.60;6.10;0.00;0.00;2.80;;;;;34.00;;;;;33.00;;;;;;;;34.00;;;;0.00;0.00;11;11;;;;;;;;;;;;;;;;;;;;;;;;0.30;0;0;0.00;0.00;;;;;;;;;;;;;;;;;;;;;;;;;;;;0;3.00;4.00;1.40;1.80;2.40;1.20;-9;-8;-28;312;294;214.00;;;32276738;6.00;;;;;;19.00
1579445400000;2020-01-19T15:50:00.000+0100;;;;;;;;;0.80;-6.00;397.40;397.70;396.90;9.00;9.00;10.00;24.00;;;;;24.00;24.00;;;;;;;;;0.0;;;;;;;;;;;;;;;;;;;;;;;;;;;;;;;;;;;;;;;;;;;;50.00;;;;;;;;;;;;;;;;;;;;;;;;;;;;;;;;;;;;;;35.00;41.00;;10.00;18.00;;;34.00;37.00;34.00;;;;;;;;;245.30;166.20;-5.400;-23.800;;;;;;;;;;;;;0.000;0.000;;;;;;;;;;31.00;31.00;31.00;;;;;32.00;;;;0;;;;;;;;;;;;;;0.300;;;;;;;;;;;;29.00;25.00;;;;;;;;;;;;;;0;0.00;0.00;;281.30;;3.00;1.50;-9.40;;3.40;0.60;;;;3.90;;;;2.90;;;;0.40;2.90;1.40;6.00;0.60;2.80;1.40;5.70;0.60;23.90;24.00;0.00;;;;;19.00;;;;28.00;;;;37.00;;;;31.00;;;;34.00;;;;;;;;37.00;;;;;;;;;;;;;;;;;;;;;;;;;;;;;;;;;;;;;;;;;;;;;;;;;;;;;;;;;;;;;;;;;;;;;;;;;;;;;;;;;;;;;;;;;;;;;;;;;;;;;;;;;;;;;;;;;;;;;;;;;;;;;;;;;;;;;;;;;;;;;;;;;;;;;;;;;;;;;;;;;;;;;;;;;;;;;;;;;;;;;;;;;;;;;;;;;;;;;;;;;;;;;;;;;;;;;;41.00;;;;;;;;;;;;;;;;;;;;;;;;;;;;;;;;;;;;;;;;;;;;;;;;;;;38.00;38.00;38.00;;;;23.60;;;;20.00;;;;;;;0.00;18.50;1.70;0.00;0.00;2.20;;;;;34.00;;;;;33.00;;;;;;;;34.00;;;;0.00;0.00;11;11;;;;;;;;;;;;;;;;;;;;;;;;0.30;0;0;0.00;0.00;;;;;;;;;;;;;;;;;;;;;;;;;;;;0;2.90;4.00;2.00;1.80;2.10;1.50;-8;-8;-23;287;288;205.60;;;32276738;5.00;;;;;;18.00
1579446000000;2020-01-19T16:00:00.000+0100;;;;;;;;;0.80;-6.30;397.60;397.90;397.20;10.00;9.00;10.00;24.00;;;;;24.00;24.00;;;;;;;;;0.0;;;;;;;;;;;;;;;;;;;;;;;;;;;;;;;;;;;;;;;;;;;;50.00;;;;;;;;;;;;;;;;;;;;;;;;;;;;;;;;;;;;;;35.00;41.00;;10.00;17.00;;;34.00;37.00;33.00;;;;;;;;;279.90;154.60;-4.200;-23.800;;;;;;;;;;;;;0.000;0.000;;;;;;;;;;30.00;30.00;30.00;;;;;32.00;;;;0;;;;;;;;;;;;;;2.600;;;;;;;;;;;;28.00;24.00;;;;;;;;;;;;;;0;0.00;0.00;;287.20;;3.00;4.40;4.40;;1.80;2.70;;;;4.40;;;;2.90;;;;0.50;3.00;1.00;8.10;0.80;2.90;1.30;4.80;0.70;23.90;24.00;0.00;;;;;19.00;;;;28.00;;;;35.00;;;;31.00;;;;34.00;;;;;;;;37.00;;;;;;;;;;;;;;;;;;;;;;;;;;;;;;;;;;;;;;;;;;;;;;;;;;;;;;;;;;;;;;;;;;;;;;;;;;;;;;;;;;;;;;;;;;;;;;;;;;;;;;;;;;;;;;;;;;;;;;;;;;;;;;;;;;;;;;;;;;;;;;;;;;;;;;;;;;;;;;;;;;;;;;;;;;;;;;;;;;;;;;;;;;;;;;;;;;;;;;;;;;;;;;;;;;;;;;41.00;;;;;;;;;;;;;;;;;;;;;;;;;;;;;;;;;;;;;;;;;;;;;;;;;;;38.00;38.00;38.00;;;;37.90;;;;20.00;;;;;;;0.00;70.40;10.90;0.00;0.00;2.20;;;;;34.00;;;;;33.00;;;;;;;;34.00;;;;0.00;0.00;11;11;;;;;;;;;;;;;;;;;;;;;;;;0.30;0;0;0.00;0.00;;;;;;;;;;;;;;;;;;;;;;;;;;;;0;2.90;4.20;1.90;1.80;2.40;1.50;-8;-7;-23;291;295;209.50;;;32276738;5.00;;;;;;18.00
1579446600000;2020-01-19T16:10:00.000+0100;;;;;;;;;0.80;-5.00;397.60;397.70;397.10;8.00;8.00;9.00;24.00;;;;;24.00;24.00;;;;;;;;;0.0;;;;;;;;;;;;;;;;;;;;;;;;;;;;;;;;;;;;;;;;;;;;50.00;;;;;;;;;;;;;;;;;;;;;;;;;;;;;;;;;;;;;;35.00;41.00;;10.00;20.00;;;33.00;37.00;33.00;;;;;;;;;304.40;214.90;-4.100;-22.100;;;;;;;;;;;;;0.000;0.000;;;;;;;;;;29.00;30.00;29.00;;;;;32.00;;;;0;;;;;;;;;;;;;;17.000;;;;;;;;;;;;27.00;24.00;;;;;;;;;;;;;;0;0.00;0.00;;296.80;;3.00;-2.10;-11.70;;3.20;-1.70;;;;-2.20;;;;3.50;;;;0.40;3.50;1.40;5.10;0.60;3.50;1.70;5.40;0.50;23.90;24.00;0.00;;;;;19.00;;;;28.00;;;;33.00;;;;32.00;;;;34.00;;;;;;;;37.00;;;;;;;;;;;;;;;;;;;;;;;;;;;;;;;;;;;;;;;;;;;;;;;;;;;;;;;;;;;;;;;;;;;;;;;;;;;;;;;;;;;;;;;;;;;;;;;;;;;;;;;;;;;;;;;;;;;;;;;;;;;;;;;;;;;;;;;;;;;;;;;;;;;;;;;;;;;;;;;;;;;;;;;;;;;;;;;;;;;;;;;;;;;;;;;;;;;;;;;;;;;;;;;;;;;;;;40.00;;;;;;;;;;;;;;;;;;;;;;;;;;;;;;;;;;;;;;;;;;;;;;;;;;;37.00;37.00;38.00;;;;23.90;;;;21.00;;;;;;;0.00;81.90;23.20;0.00;0.00;2.10;;;;;35.00;;;;;33.00;;;;;;;;34.00;;;;0.00;0.00;11;11;;;;;;;;;;;;;;;;;;;;;;;;0.30;0;0;0.00;0.00;;;;;;;;;;;;;;;;;;;;;;;;;;;;0;3.50;4.30;2.50;2.40;2.70;1.80;-7;-7;-22;293;291;260.80;;;32276738;5.00;;;;;;20.00
1579447200000;2020-01-19T16:20:00.000+0100;;;;;;;;;0.80;-13.60;397.70;397.70;397.00;26.00;27.00;26.00;13.80;;;;;13.80;13.80;;;;;;;;;1.0;;;;;;;;;;;;;;;;;;;;;;;;;;;;;;;;;;;;;;;;;;;;50.00;;;;;;;;;;;;;;;;;;;;;;;;;;;;;;;;;;;;;;35.00;40.00;;11.00;21.00;;;34.00;37.00;33.00;;;;;;;;;1388.80;224.40;305.300;-73.800;;;;;;;;;;;;;607.200;-51.000;;;;;;;;;;29.00;29.00;29.00;;;;;33.00;;;;0;;;;;;;;;;;;;;20.200;;;;;;;;;;;;27.00;25.00;;;;;;;;;;;;;;0;0.00;0.00;;290.00;;3.00;4.40;1.20;;1.60;6.20;;;;4.30;;;;3.50;;;;0.50;3.60;1.60;5.20;0.60;3.50;1.80;5.20;0.70;-2.30;24.00;11.80;;;;;19.00;;;;28.00;;;;32.00;;;;32.00;;;;34.00;;;;;;;;37.00;;;;;;;;;;;;;;;;;;;;;;;;;;;;;;;;;;;;;;;;;;;;;;;;;;;;;;;;;;;;;;;;;;;;;;;;;;;;;;;;;;;;;;;;;;;;;;;;;;;;;;;;;;;;;;;;;;;;;;;;;;;;;;;;;;;;;;;;;;;;;;;;;;;;;;;;;;;;;;;;;;;;;;;;;;;;;;;;;;;;;;;;;;;;;;;;;;;;;;;;;;;;;;;;;;;;;;40.00;;;;;;;;;;;;;;;;;;;;;;;;;;;;;;;;;;;;;;;;;;;;;;;;;;;38.00;37.00;40.00;;;;484.90;;;;21.00;;;;;;;0.00;112.90;26.70;0.00;0.00;24.80;;;;;36.00;;;;;34.00;;;;;;;;35.00;;;;0.00;2000.10;11;1;;;;;;;;;;;;;;;;;;;;;;;;4.20;0;0;0.00;0.00;;;;;;;;;;;;;;;;;;;;;;;;;;;;0;3.50;4.60;2.50;5.70;12.20;2.10;7;95;-75;293;298;655.00;;;32276740;5.00;;;;;;21.00
1579447800000;2020-01-19T16:30:00.000+0100;;;;;;;;;0.70;-24.70;397.90;397.90;397.10;50.00;53.00;48.00;0.00;;;;;0.00;0.00;;;;;;;;;1.0;;;;;;;;;;;;;;;;;;;;;;;;;;;;;;;;;;;;;;;;;;;;50.00;;;;;;;;;;;;;;;;;;;;;;;;;;;;;;;;;;;;;;35.00;41.00;;10.00;22.00;;;34.00;37.00;34.00;;;;;;;;;1259.60;1242.00;30.300;-147.000;;;;;;;;;;;;;2000.100;-28.000;;;;;;;;;;32.00;33.00;32.00;;;;;34.00;;;;0;;;;;;;;;;;;;;34.400;;;;;;;;;;;;27.00;26.00;;;;;;;;;;;;;;0;0.00;0.00;;298.50;;3.00;-2.10;-3.90;;1.10;-2.40;;;;-3.60;;;;3.70;;;;0.40;3.90;2.10;5.70;0.60;3.90;2.20;5.50;0.60;-1.10;0.60;0.40;;;;;19.00;;;;28.00;;;;36.00;;;;33.00;;;;35.00;;;;;;;;40.00;;;;;;;;;;;;;;;;;;;;;;;;;;;;;;;;;;;;;;;;;;;;;;;;;;;;;;;;;;;;;;;;;;;;;;;;;;;;;;;;;;;;;;;;;;;;;;;;;;;;;;;;;;;;;;;;;;;;;;;;;;;;;;;;;;;;;;;;;;;;;;;;;;;;;;;;;;;;;;;;;;;;;;;;;;;;;;;;;;;;;;;;;;;;;;;;;;;;;;;;;;;;;;;;;;;;;;43.00;;;;;;;;;;;;;;;;;;;;;;;;;;;;;;;;;;;;;;;;;;;;;;;;;;;39.00;39.00;39.00;;;;2.40;;;;21.00;;;;;;;0.00;102.80;23.80;0.00;0.00;24.00;;;;;38.00;;;;;36.00;;;;;;;;37.00;;;;2000.10;2000.10;11;1;;;;;;;;;;;;;;;;;;;;;;;;0.00;0;0;0.00;0.00;;;;;;;;;;;;;;;;;;;;;;;;;;;;0;3.90;5.00;2.90;11.00;11.00;11.00;34;103;-10;298;296;1250.10;;;32276744;5.00;;;;;;20.00
1579448400000;2020-01-19T16:40:00.000+0100;;;;;;;;;0.80;-52.20;396.30;396.30;395.60;86.00;90.00;85.00;-0.40;;;;;-0.40;-0.40;;;;;;;;;1.0;;;;;;;;;;;;;;;;;;;;;;;;;;;;;;;;;;;;;;;;;;;;50.00;;;;;;;;;;;;;;;;;;;;;;;;;;;;;;;;;;;;;;36.00;42.00;;10.00;23.00;;;34.00;37.00;34.00;;;;;;;;;1256.60;1240.80;-16.700;-153.900;;;;;;;;;;;;;2000.100;-32.000;;;;;;;;;;36.00;37.00;36.00;;;;;34.00;;;;0;;;;;;;;;;;;;;78.700;;;;;;;;;;;;28.00;30.00;;;;;;;;;;;;;;0;0.00;0.00;;298.30;;3.00;5.00;-2.50;;1.40;6.00;;;;5.50;;;;4.10;;;;0.40;4.20;2.60;6.50;0.60;4.30;2.50;5.80;0.50;-1.30;0.60;0.40;;;;;19.00;;;;28.00;;;;41.00;;;;34.00;;;;35.00;;;;;;;;42.00;;;;;;;;;;;;;;;;;;;;;;;;;;;;;;;;;;;;;;;;;;;;;;;;;;;;;;;;;;;;;;;;;;;;;;;;;;;;;;;;;;;;;;;;;;;;;;;;;;;;;;;;;;;;;;;;;;;;;;;;;;;;;;;;;;;;;;;;;;;;;;;;;;;;;;;;;;;;;;;;;;;;;;;;;;;;;;;;;;;;;;;;;;;;;;;;;;;;;;;;;;;;;;;;;;;;;;45.00;;;;;;;;;;;;;;;;;;;;;;;;;;;;;;;;;;;;;;;;;;;;;;;;;;;40.00;39.00;40.00;;;;2.70;;;;22.00;;;;;;;18.20;157.90;30.10;0.00;0.00;30.10;;;;;37.00;;;;;36.00;;;;;;;;37.00;;;;2000.10;2000.10;11;1;;;;;;;;;;;;;;;;;;;;;;;;0.00;0;0;0.00;0.00;;;;;;;;;;;;;;;;;;;;;;;;;;;;0;4.30;5.30;3.30;11.00;11.00;11.00;78;157;13;302;307;1250.10;;;32276758;5.00;;;;;;21.00
1579449000000;2020-01-19T16:50:00.000+0100;;;;;;;;;0.40;38.20;395.50;395.50;394.90;52.00;53.00;52.00;9.00;;;;;9.10;9.10;;;;;;;;;0.0;;;;;;;;;;;;;;;;;;;;;;;;;;;;;;;;;;;;;;;;;;;;50.00;;;;;;;;;;;;;;;;;;;;;;;;;;;;;;;;;;;;;;35.00;42.00;;10.00;24.00;;;34.00;37.00;34.00;;;;;;;;;1356.90;271.60;95.400;-109.200;;;;;;;;;;;;;292.900;0.000;;;;;;;;;;38.00;39.00;39.00;;;;;34.00;;;;0;;;;;;;;;;;;;;15.200;;;;;;;;;;;;30.00;42.00;;;;;;;;;;;;;;0;0.00;0.00;;309.60;;3.00;5.80;-4.30;;1.20;3.90;;;;6.70;;;;3.50;;;;0.30;3.50;1.70;5.30;0.60;3.50;1.50;5.00;0.50;-0.40;26.00;9.80;;;;;19.00;;;;28.00;;;;45.00;;;;35.00;;;;35.00;;;;;;;;41.00;;;;;;;;;;;;;;;;;;;;;;;;;;;;;;;;;;;;;;;;;;;;;;;;;;;;;;;;;;;;;;;;;;;;;;;;;;;;;;;;;;;;;;;;;;;;;;;;;;;;;;;;;;;;;;;;;;;;;;;;;;;;;;;;;;;;;;;;;;;;;;;;;;;;;;;;;;;;;;;;;;;;;;;;;;;;;;;;;;;;;;;;;;;;;;;;;;;;;;;;;;;;;;;;;;;;;;46.00;;;;;;;;;;;;;;;;;;;;;;;;;;;;;;;;;;;;;;;;;;;;;;;;;;;40.00;40.00;40.00;;;;456.30;;;;23.00;;;;;;;0.00;113.90;22.00;0.00;0.00;13.60;;;;;35.00;;;;;34.00;;;;;;;;35.00;;;;0.00;2000.10;11;11;;;;;;;;;;;;;;;;;;;;;;;;4.20;0;0;0.00;0.00;;;;;;;;;;;;;;;;;;;;;;;;;;;;0;3.50;4.50;2.30;9.00;11.90;2.40;-5;68;-24;311;317;1000.00;;;32276758;5.00;;;;;;21.00
1579449600000;2020-01-19T17:00:00.000+0100;;;;;;;;;0.50;50.10;394.30;394.30;393.70;60.00;61.00;59.00;5.60;;;;;5.60;5.60;;;;;;;;;0.0;;;;;;;;;;;;;;;;;;;;;;;;;;;;;;;;;;;;;;;;;;;;50.00;;;;;;;;;;;;;;;;;;;;;;;;;;;;;;;;;;;;;;35.00;42.00;;10.00;24.00;;;34.00;38.00;34.00;;;;;;;;;1390.60;296.30;114.200;-498.800;;;;;;;;;;;;;214.500;0.000;;;;;;;;;;38.00;39.00;38.00;;;;;34.00;;;;0;;;;;;;;;;;;;;10.400;;;;;;;;;;;;32.00;44.00;;;;;;;;;;;;;;0;0.00;0.00;;318.10;;3.00;-0.30;-4.30;;2.10;0.20;;;;0.40;;;;3.40;;;;0.40;3.50;1.50;5.30;0.60;3.40;1.50;5.50;0.60;-2.20;26.70;8.80;;;;;19.00;;;;28.00;;;;48.00;;;;36.00;;;;35.00;;;;;;;;41.00;;;;;;;;;;;;;;;;;;;;;;;;;;;;;;;;;;;;;;;;;;;;;;;;;;;;;;;;;;;;;;;;;;;;;;;;;;;;;;;;;;;;;;;;;;;;;;;;;;;;;;;;;;;;;;;;;;;;;;;;;;;;;;;;;;;;;;;;;;;;;;;;;;;;;;;;;;;;;;;;;;;;;;;;;;;;;;;;;;;;;;;;;;;;;;;;;;;;;;;;;;;;;;;;;;;;;;46.00;;;;;;;;;;;;;;;;;;;;;;;;;;;;;;;;;;;;;;;;;;;;;;;;;;;40.00;39.00;41.00;;;;387.00;;;;23.00;;;;;;;0.00;100.50;19.20;0.00;0.00;11.80;;;;;35.00;;;;;34.00;;;;;;;;35.00;;;;-26.40;2000.10;11;11;;;;;;;;;;;;;;;;;;;;;;;;3.30;0;0;0.00;0.00;;;;;;;;;;;;;;;;;;;;;;;;;;;;0;3.40;4.70;2.20;9.50;12.20;2.70;-8;41;-100;320;320;1078.50;;;32276758;5.00;;;;;;22.00
1579450200000;2020-01-19T17:10:00.000+0100;;;;;;;;;0.90;-4.30;393.70;393.60;393.20;8.00;8.00;9.00;24.00;;;;;24.00;24.00;;;;;;;;;0.0;;;;;;;;;;;;;;;;;;;;;;;;;;;;;;;;;;;;;;;;;;;;50.00;;;;;;;;;;;;;;;;;;;;;;;;;;;;;;;;;;;;;;35.00;41.00;;11.00;24.00;;;35.00;38.00;34.00;;;;;;;;;319.60;255.10;-4.000;-21.800;;;;;;;;;;;;;0.000;0.000;;;;;;;;;;38.00;39.00;38.00;;;;;32.00;;;;0;;;;;;;;;;;;;;24.000;;;;;;;;;;;;33.00;41.00;;;;;;;;;;;;;;0;0.00;0.00;;318.10;;3.00;3.00;-0.70;;2.10;3.10;;;;3.20;;;;3.70;;;;0.30;3.70;1.90;5.40;0.50;3.60;1.90;5.00;0.50;23.90;24.00;0.00;;;;;19.00;;;;29.00;;;;48.00;;;;37.00;;;;34.00;;;;;;;;40.00;;;;;;;;;;;;;;;;;;;;;;;;;;;;;;;;;;;;;;;;;;;;;;;;;;;;;;;;;;;;;;;;;;;;;;;;;;;;;;;;;;;;;;;;;;;;;;;;;;;;;;;;;;;;;;;;;;;;;;;;;;;;;;;;;;;;;;;;;;;;;;;;;;;;;;;;;;;;;;;;;;;;;;;;;;;;;;;;;;;;;;;;;;;;;;;;;;;;;;;;;;;;;;;;;;;;;;44.00;;;;;;;;;;;;;;;;;;;;;;;;;;;;;;;;;;;;;;;;;;;;;;;;;;;40.00;39.00;40.00;;;;14.60;;;;24.00;;;;;;;0.00;82.00;22.70;0.00;0.00;1.80;;;;;34.00;;;;;33.00;;;;;;;;34.00;;;;0.00;0.00;11;11;;;;;;;;;;;;;;;;;;;;;;;;0.00;0;0;0.00;0.00;;;;;;;;;;;;;;;;;;;;;;;;;;;;0;3.70;4.30;2.90;2.70;2.70;2.40;-8;-7;-23;320;323;289.50;;;32276758;5.00;;;;;;23.00
1579450800000;2020-01-19T17:20:00.000+0100;;;;;;;;;0.80;-22.30;394.40;394.40;393.80;47.00;48.00;45.00;3.40;;;;;3.30;3.30;;;;;;;;;1.0;;;;;;;;;;;;;;;;;;;;;;;;;;;;;;;;;;;;;;;;;;;;50.00;;;;;;;;;;;;;;;;;;;;;;;;;;;;;;;;;;;;;;35.00;41.00;;11.00;24.00;;;35.00;38.00;34.00;;;;;;;;;1391.20;300.20;14.200;-59.900;;;;;;;;;;;;;1462.300;-59.000;;;;;;;;;;39.00;39.00;39.00;;;;;34.00;;;;0;;;;;;;;;;;;;;49.000;;;;;;;;;;;;33.00;40.00;;;;;;;;;;;;;;0;0.00;0.00;;327.70;;3.00;-1.20;-1.20;;2.10;-0.30;;;;-1.70;;;;3.90;;;;0.20;4.00;2.60;5.40;0.40;4.10;2.90;5.20;0.40;-2.30;24.00;8.50;;;;;19.00;;;;29.00;;;;47.00;;;;37.00;;;;35.00;;;;;;;;40.00;;;;;;;;;;;;;;;;;;;;;;;;;;;;;;;;;;;;;;;;;;;;;;;;;;;;;;;;;;;;;;;;;;;;;;;;;;;;;;;;;;;;;;;;;;;;;;;;;;;;;;;;;;;;;;;;;;;;;;;;;;;;;;;;;;;;;;;;;;;;;;;;;;;;;;;;;;;;;;;;;;;;;;;;;;;;;;;;;;;;;;;;;;;;;;;;;;;;;;;;;;;;;;;;;;;;;;45.00;;;;;;;;;;;;;;;;;;;;;;;;;;;;;;;;;;;;;;;;;;;;;;;;;;;39.00;38.00;41.00;;;;346.20;;;;24.00;;;;;;;0.00;124.20;20.40;0.00;0.00;27.90;;;;;37.00;;;;;35.00;;;;;;;;36.00;;;;0.00;2000.10;11;1;;;;;;;;;;;;;;;;;;;;;;;;3.00;0;0;0.00;0.00;;;;;;;;;;;;;;;;;;;;;;;;;;;;0;4.10;4.60;3.40;9.50;12.20;2.70;34;78;-100;320;319;1091.90;;;32276764;5.00;;;;;;23.00
1579451400000;2020-01-19T17:30:00.000+0100;;;;;;;;;0.50;-34.30;394.40;394.30;393.70;47.00;49.00;43.00;0.10;;;;;0.10;0.10;;;;;;;;;1.0;;;;;;;;;;;;;;;;;;;;;;;;;;;;;;;;;;;;;;;;;;;;50.00;;;;;;;;;;;;;;;;;;;;;;;;;;;;;;;;;;;;;;35.00;42.00;;11.00;25.00;;;35.00;38.00;35.00;;;;;;;;;1252.70;1244.40;26.000;-60.000;;;;;;;;;;;;;2000.100;-27.000;;;;;;;;;;42.00;43.00;43.00;;;;;34.00;;;;0;;;;;;;;;;;;;;22.100;;;;;;;;;;;;40.00;44.00;;;;;;;;;;;;;;0;0.00;0.00;;317.10;;3.00;-4.80;-7.30;;1.20;-3.60;;;;-6.60;;;;3.60;;;;0.20;3.80;2.50;5.10;0.40;3.80;2.50;5.00;0.40;-0.40;0.60;0.30;;;;;19.00;;;;29.00;;;;51.00;;;;38.00;;;;36.00;;;;;;;;41.00;;;;;;;;;;;;;;;;;;;;;;;;;;;;;;;;;;;;;;;;;;;;;;;;;;;;;;;;;;;;;;;;;;;;;;;;;;;;;;;;;;;;;;;;;;;;;;;;;;;;;;;;;;;;;;;;;;;;;;;;;;;;;;;;;;;;;;;;;;;;;;;;;;;;;;;;;;;;;;;;;;;;;;;;;;;;;;;;;;;;;;;;;;;;;;;;;;;;;;;;;;;;;;;;;;;;;;46.00;;;;;;;;;;;;;;;;;;;;;;;;;;;;;;;;;;;;;;;;;;;;;;;;;;;40.00;39.00;40.00;;;;0.90;;;;24.00;;;;;;;0.00;45.40;10.90;0.00;0.00;10.90;;;;;37.00;;;;;36.00;;;;;;;;37.00;;;;2000.10;2000.10;11;1;;;;;;;;;;;;;;;;;;;;;;;;0.00;0;0;0.00;0.00;;;;;;;;;;;;;;;;;;;;;;;;;;;;0;3.80;4.30;3.20;11.00;11.00;11.00;22;45;-6;320;315;1250.10;;;32276768;5.00;;;;;;22.00
1579452000000;2020-01-19T17:40:00.000+0100;;;;;;;;;0.50;-28.80;394.50;394.50;393.80;48.00;50.00;44.00;0.10;;;;;0.10;0.10;;;;;;;;;1.0;;;;;;;;;;;;;;;;;;;;;;;;;;;;;;;;;;;;;;;;;;;;50.00;;;;;;;;;;;;;;;;;;;;;;;;;;;;;;;;;;;;;;35.00;42.00;;10.00;26.00;;;35.00;38.00;35.00;;;;;;;;;1253.30;1245.60;41.900;-54.800;;;;;;;;;;;;;2000.100;-18.000;;;;;;;;;;45.00;46.00;45.00;;;;;34.00;;;;0;;;;;;;;;;;;;;25.400;;;;;;;;;;;;45.00;46.00;;;;;;;;;;;;;;0;0.00;0.00;;314.00;;3.00;-3.30;-7.80;;0.80;-3.20;;;;-4.10;;;;3.60;;;;0.30;3.80;2.40;5.30;0.50;3.80;2.40;4.90;0.40;-0.80;0.60;0.30;;;;;19.00;;;;29.00;;;;54.00;;;;38.00;;;;35.00;;;;;;;;41.00;;;;;;;;;;;;;;;;;;;;;;;;;;;;;;;;;;;;;;;;;;;;;;;;;;;;;;;;;;;;;;;;;;;;;;;;;;;;;;;;;;;;;;;;;;;;;;;;;;;;;;;;;;;;;;;;;;;;;;;;;;;;;;;;;;;;;;;;;;;;;;;;;;;;;;;;;;;;;;;;;;;;;;;;;;;;;;;;;;;;;;;;;;;;;;;;;;;;;;;;;;;;;;;;;;;;;;46.00;;;;;;;;;;;;;;;;;;;;;;;;;;;;;;;;;;;;;;;;;;;;;;;;;;;40.00;40.00;40.00;;;;1.20;;;;25.00;;;;;;;0.00;95.00;23.00;0.00;0.00;23.00;;;;;37.00;;;;;36.00;;;;;;;;37.00;;;;2000.10;2000.10;11;1;;;;;;;;;;;;;;;;;;;;;;;;0.00;0;0;0.00;0.00;;;;;;;;;;;;;;;;;;;;;;;;;;;;0;3.80;4.80;3.20;11.00;11.00;11.00;25;94;-17;320;317;1250.40;;;32276772;6.00;;;;;;23.00
1579452600000;2020-01-19T17:50:00.000+0100;;;;;;;;;0.60;0.50;395.20;395.10;394.50;66.00;68.00;63.00;0.20;;;;;0.20;0.20;;;;;;;;;0.0;;;;;;;;;;;;;;;;;;;;;;;;;;;;;;;;;;;;;;;;;;;;50.00;;;;;;;;;;;;;;;;;;;;;;;;;;;;;;;;;;;;;;35.00;43.00;;10.00;26.00;;;35.00;38.00;35.00;;;;;;;;;1347.60;1243.80;110.200;-106.000;;;;;;;;;;;;;1587.500;109.000;;;;;;;;;;47.00;47.00;47.00;;;;;34.00;;;;0;;;;;;;;;;;;;;37.700;;;;;;;;;;;;47.00;46.00;;;;;;;;;;;;;;0;0.00;0.00;;316.00;;3.00;-0.60;-3.60;;0.90;0.40;;;;-1.60;;;;3.70;;;;0.60;3.80;1.20;5.50;0.70;3.80;1.50;5.30;0.70;-0.90;3.00;1.00;;;;;19.00;;;;29.00;;;;56.00;;;;39.00;;;;36.00;;;;;;;;42.00;;;;;;;;;;;;;;;;;;;;;;;;;;;;;;;;;;;;;;;;;;;;;;;;;;;;;;;;;;;;;;;;;;;;;;;;;;;;;;;;;;;;;;;;;;;;;;;;;;;;;;;;;;;;;;;;;;;;;;;;;;;;;;;;;;;;;;;;;;;;;;;;;;;;;;;;;;;;;;;;;;;;;;;;;;;;;;;;;;;;;;;;;;;;;;;;;;;;;;;;;;;;;;;;;;;;;;47.00;;;;;;;;;;;;;;;;;;;;;;;;;;;;;;;;;;;;;;;;;;;;;;;;;;;40.00;40.00;40.00;;;;32.80;;;;26.00;;;;;;;0.00;111.00;32.50;0.00;0.00;35.70;;;;;37.00;;;;;36.00;;;;;;;;36.00;;;;-2.80;2000.10;11;1;;;;;;;;;;;;;;;;;;;;;;;;0.30;0;0;0.00;0.00;;;;;;;;;;;;;;;;;;;;;;;;;;;;0;3.80;5.00;2.10;11.30;11.90;11.00;35;109;-30;320;319;1265.30;;;32276778;6.00;;;;;;23.00
1579453200000;2020-01-19T18:00:00.000+0100;;;;;;;;;0.90;-22.30;394.40;394.30;393.70;115.00;119.00;115.00;-0.70;;;;;-0.70;-0.70;;;;;;;;;1.0;;;;;;;;;;;;;;;;;;;;;;;;;;;;;;;;;;;;;;;;;;;;50.00;;;;;;;;;;;;;;;;;;;;;;;;;;;;;;;;;;;;;;36.00;43.00;;10.00;26.00;;;35.00;38.00;35.00;;;;;;;;;1345.60;1233.90;110.300;-48.900;;;;;;;;;;;;;1802.800;-19.000;;;;;;;;;;47.00;47.00;47.00;;;;;35.00;;;;0;;;;;;;;;;;;;;121.900;;;;;;;;;;;;48.00;45.00;;;;;;;;;;;;;;0;0.00;0.00;;324.40;;3.00;-2.20;-8.90;;2.70;-1.50;;;;-4.00;;;;4.50;;;;0.40;4.70;2.40;7.10;0.50;4.80;1.80;6.10;0.60;-1.30;4.60;1.20;;;;;19.00;;;;30.00;;;;59.00;;;;39.00;;;;36.00;;;;;;;;43.00;;;;;;;;;;;;;;;;;;;;;;;;;;;;;;;;;;;;;;;;;;;;;;;;;;;;;;;;;;;;;;;;;;;;;;;;;;;;;;;;;;;;;;;;;;;;;;;;;;;;;;;;;;;;;;;;;;;;;;;;;;;;;;;;;;;;;;;;;;;;;;;;;;;;;;;;;;;;;;;;;;;;;;;;;;;;;;;;;;;;;;;;;;;;;;;;;;;;;;;;;;;;;;;;;;;;;;47.00;;;;;;;;;;;;;;;;;;;;;;;;;;;;;;;;;;;;;;;;;;;;;;;;;;;40.00;40.00;40.00;;;;21.80;;;;26.00;;;;;;;0.00;223.40;43.20;0.00;0.00;46.00;;;;;37.00;;;;;36.00;;;;;;;;37.00;;;;0.00;2000.10;11;1;;;;;;;;;;;;;;;;;;;;;;;;0.30;0;0;0.00;0.00;;;;;;;;;;;;;;;;;;;;;;;;;;;;0;4.70;5.50;3.00;11.00;11.90;11.00;121;229;-25;312;310;1255.10;;;32276798;6.00;;;;;;23.00
1579453800000;2020-01-19T18:10:00.000+0100;;;;;;;;;1.00;-27.20;394.20;394.00;393.40;166.00;171.00;168.00;-1.30;;;;;-1.30;-1.30;;;;;;;;;1.0;;;;;;;;;;;;;;;;;;;;;;;;;;;;;;;;;;;;;;;;;;;;50.00;;;;;;;;;;;;;;;;;;;;;;;;;;;;;;;;;;;;;;36.00;44.00;;10.00;26.00;;;35.00;39.00;35.00;;;;;;;;;1255.40;1242.90;-17.300;-46.100;;;;;;;;;;;;;2000.100;-45.000;;;;;;;;;;48.00;48.00;48.00;;;;;35.00;;;;0;;;;;;;;;;;;;;192.900;;;;;;;;;;;;48.00;45.00;;;;;;;;;;;;;;0;0.00;0.00;;309.60;;3.00;4.60;4.40;;0.60;5.60;;;;3.40;;;;5.00;;;;0.20;5.10;3.00;6.90;0.50;5.20;4.00;6.40;0.40;-1.50;-0.80;0.10;;;;;19.00;;;;30.00;;;;61.00;;;;39.00;;;;36.00;;;;;;;;45.00;;;;;;;;;;;;;;;;;;;;;;;;;;;;;;;;;;;;;;;;;;;;;;;;;;;;;;;;;;;;;;;;;;;;;;;;;;;;;;;;;;;;;;;;;;;;;;;;;;;;;;;;;;;;;;;;;;;;;;;;;;;;;;;;;;;;;;;;;;;;;;;;;;;;;;;;;;;;;;;;;;;;;;;;;;;;;;;;;;;;;;;;;;;;;;;;;;;;;;;;;;;;;;;;;;;;;;48.00;;;;;;;;;;;;;;;;;;;;;;;;;;;;;;;;;;;;;;;;;;;;;;;;;;;40.00;40.00;40.00;;;;2.10;;;;26.00;;;;;;;128.80;226.60;17.30;0.00;0.00;17.10;;;;;38.00;;;;;36.00;;;;;;;;37.00;;;;2000.10;2000.10;11;1;;;;;;;;;;;;;;;;;;;;;;;;0.00;0;0;0.00;0.00;;;;;;;;;;;;;;;;;;;;;;;;;;;;0;5.10;5.70;4.50;11.00;11.00;11.00;193;226;131;306;311;1250.10;;;32276830;6.00;;;;;;23.00
1579454400000;2020-01-19T18:20:00.000+0100;;;;;;;;;1.00;-27.60;393.60;393.40;392.70;166.00;171.00;168.00;-1.20;;;;;-1.30;-1.20;;;;;;;;;1.0;;;;;;;;;;;;;;;;;;;;;;;;;;;;;;;;;;;;;;;;;;;;50.00;;;;;;;;;;;;;;;;;;;;;;;;;;;;;;;;;;;;;;36.00;44.00;;10.00;26.00;;;36.00;39.00;35.00;;;;;;;;;1257.80;1242.90;-17.600;-46.500;;;;;;;;;;;;;2000.100;-17.000;;;;;;;;;;48.00;49.00;49.00;;;;;35.00;;;;0;;;;;;;;;;;;;;192.500;;;;;;;;;;;;49.00;45.00;;;;;;;;;;;;;;0;0.00;0.00;;310.00;;3.00;1.70;1.70;;1.90;3.20;;;;0.40;;;;5.00;;;;0.30;5.10;3.40;6.70;0.50;5.10;3.60;6.30;0.40;-1.80;-0.40;0.30;;;;;19.00;;;;30.00;;;;63.00;;;;40.00;;;;36.00;;;;;;;;46.00;;;;;;;;;;;;;;;;;;;;;;;;;;;;;;;;;;;;;;;;;;;;;;;;;;;;;;;;;;;;;;;;;;;;;;;;;;;;;;;;;;;;;;;;;;;;;;;;;;;;;;;;;;;;;;;;;;;;;;;;;;;;;;;;;;;;;;;;;;;;;;;;;;;;;;;;;;;;;;;;;;;;;;;;;;;;;;;;;;;;;;;;;;;;;;;;;;;;;;;;;;;;;;;;;;;;;;49.00;;;;;;;;;;;;;;;;;;;;;;;;;;;;;;;;;;;;;;;;;;;;;;;;;;;41.00;40.00;41.00;;;;3.00;;;;27.00;;;;;;;87.90;261.40;40.60;0.00;0.00;40.40;;;;;38.00;;;;;36.00;;;;;;;;37.00;;;;2000.10;2000.10;11;1;;;;;;;;;;;;;;;;;;;;;;;;0.00;0;0;0.00;0.00;;;;;;;;;;;;;;;;;;;;;;;;;;;;0;5.10;5.80;4.10;11.00;11.00;11.00;192;256;91;306;308;1250.10;;;32276864;6.00;;;;;;23.00
1579455000000;2020-01-19T18:30:00.000+0100;;;;;;;;;1.00;-23.00;394.20;394.10;393.40;154.00;159.00;156.00;-1.20;;;;;-1.20;-1.20;;;;;;;;;1.0;;;;;;;;;;;;;;;;;;;;;;;;;;;;;;;;;;;;;;;;;;;;50.00;;;;;;;;;;;;;;;;;;;;;;;;;;;;;;;;;;;;;;36.00;44.00;;10.00;26.00;;;36.00;39.00;35.00;;;;;;;;;1258.10;1239.60;-16.600;-34.900;;;;;;;;;;;;;2000.100;-17.000;;;;;;;;;;49.00;50.00;50.00;;;;;35.00;;;;0;;;;;;;;;;;;;;179.300;;;;;;;;;;;;50.00;45.00;;;;;;;;;;;;;;0;0.00;0.00;;305.80;;3.00;4.30;1.70;;0.50;5.00;;;;2.90;;;;4.90;;;;0.30;5.10;2.20;6.70;0.50;5.00;2.90;6.30;0.40;-1.60;0.40;0.30;;;;;19.00;;;;30.00;;;;64.00;;;;40.00;;;;36.00;;;;;;;;45.00;;;;;;;;;;;;;;;;;;;;;;;;;;;;;;;;;;;;;;;;;;;;;;;;;;;;;;;;;;;;;;;;;;;;;;;;;;;;;;;;;;;;;;;;;;;;;;;;;;;;;;;;;;;;;;;;;;;;;;;;;;;;;;;;;;;;;;;;;;;;;;;;;;;;;;;;;;;;;;;;;;;;;;;;;;;;;;;;;;;;;;;;;;;;;;;;;;;;;;;;;;;;;;;;;;;;;;49.00;;;;;;;;;;;;;;;;;;;;;;;;;;;;;;;;;;;;;;;;;;;;;;;;;;;41.00;41.00;41.00;;;;2.70;;;;27.00;;;;;;;60.60;227.10;29.50;0.00;0.00;29.20;;;;;38.00;;;;;36.00;;;;;;;;37.00;;;;2000.10;2000.10;11;1;;;;;;;;;;;;;;;;;;;;;;;;0.00;0;0;0.00;0.00;;;;;;;;;;;;;;;;;;;;;;;;;;;;0;5.00;5.70;3.20;11.00;11.00;11.00;179;225;61;306;310;1249.50;;;32276892;6.00;;;;;;22.00
1579455600000;2020-01-19T18:40:00.000+0100;;;;;;;;;1.00;-18.90;394.70;394.70;393.90;120.00;125.00;123.00;-0.90;;;;;-0.90;-0.90;;;;;;;;;1.0;;;;;;;;;;;;;;;;;;;;;;;;;;;;;;;;;;;;;;;;;;;;50.00;;;;;;;;;;;;;;;;;;;;;;;;;;;;;;;;;;;;;;36.00;45.00;;10.00;27.00;;;36.00;39.00;36.00;;;;;;;;;1260.50;1241.70;-14.700;-31.000;;;;;;;;;;;;;2000.100;-19.000;;;;;;;;;;50.00;51.00;50.00;;;;;35.00;;;;0;;;;;;;;;;;;;;139.000;;;;;;;;;;;;50.00;45.00;;;;;;;;;;;;;;0;0.00;0.00;;311.70;;3.00;5.40;4.10;;0.80;6.10;;;;4.10;;;;4.70;;;;0.30;4.70;2.70;6.40;0.50;4.80;3.40;6.20;0.40;-1.30;0.40;0.30;;;;;19.00;;;;30.00;;;;64.00;;;;38.00;;;;36.00;;;;;;;;45.00;;;;;;;;;;;;;;;;;;;;;;;;;;;;;;;;;;;;;;;;;;;;;;;;;;;;;;;;;;;;;;;;;;;;;;;;;;;;;;;;;;;;;;;;;;;;;;;;;;;;;;;;;;;;;;;;;;;;;;;;;;;;;;;;;;;;;;;;;;;;;;;;;;;;;;;;;;;;;;;;;;;;;;;;;;;;;;;;;;;;;;;;;;;;;;;;;;;;;;;;;;;;;;;;;;;;;;49.00;;;;;;;;;;;;;;;;;;;;;;;;;;;;;;;;;;;;;;;;;;;;;;;;;;;41.00;41.00;41.00;;;;3.00;;;;27.00;;;;;;;53.40;187.50;25.70;0.00;0.00;25.50;;;;;38.00;;;;;36.00;;;;;;;;37.00;;;;2000.10;2000.10;11;1;;;;;;;;;;;;;;;;;;;;;;;;0.00;0;0;0.00;0.00;;;;;;;;;;;;;;;;;;;;;;;;;;;;0;4.70;5.40;3.40;11.00;11.00;11.00;139;185;54;306;311;1250.10;;;32276914;6.00;;;;;;21.00
1579456200000;2020-01-19T18:50:00.000+0100;;;;;;;;;1.00;-28.60;394.40;394.30;393.60;126.00;131.00;128.00;-1.00;;;;;-1.00;-1.00;;;;;;;;;1.0;;;;;;;;;;;;;;;;;;;;;;;;;;;;;;;;;;;;;;;;;;;;50.00;;;;;;;;;;;;;;;;;;;;;;;;;;;;;;;;;;;;;;36.00;45.00;;10.00;27.00;;;36.00;39.00;36.00;;;;;;;;;1259.90;1240.50;-15.600;-43.800;;;;;;;;;;;;;2000.100;-34.000;;;;;;;;;;50.00;51.00;51.00;;;;;35.00;;;;0;;;;;;;;;;;;;;144.100;;;;;;;;;;;;50.00;45.00;;;;;;;;;;;;;;0;0.00;0.00;;312.60;;3.00;3.60;1.30;;0.50;4.20;;;;2.20;;;;4.70;;;;0.20;4.90;3.20;6.30;0.50;4.90;3.70;6.20;0.40;-1.40;-0.50;0.20;;;;;19.00;;;;30.00;;;;64.00;;;;37.00;;;;36.00;;;;;;;;44.00;;;;;;;;;;;;;;;;;;;;;;;;;;;;;;;;;;;;;;;;;;;;;;;;;;;;;;;;;;;;;;;;;;;;;;;;;;;;;;;;;;;;;;;;;;;;;;;;;;;;;;;;;;;;;;;;;;;;;;;;;;;;;;;;;;;;;;;;;;;;;;;;;;;;;;;;;;;;;;;;;;;;;;;;;;;;;;;;;;;;;;;;;;;;;;;;;;;;;;;;;;;;;;;;;;;;;;49.00;;;;;;;;;;;;;;;;;;;;;;;;;;;;;;;;;;;;;;;;;;;;;;;;;;;41.00;41.00;41.00;;;;2.70;;;;26.00;;;;;;;101.10;252.40;27.00;0.00;0.00;26.80;;;;;38.00;;;;;36.00;;;;;;;;37.00;;;;2000.10;2000.10;11;1;;;;;;;;;;;;;;;;;;;;;;;;0.00;0;0;0.00;0.00;;;;;;;;;;;;;;;;;;;;;;;;;;;;0;4.90;5.50;4.00;11.00;11.00;11.00;144;248;104;306;310;1250.10;;;32276940;6.00;;;;;;21.00
1579456800000;2020-01-19T19:00:00.000+0100;;;;;;;;;0.90;-38.40;393.70;393.70;392.90;77.00;82.00;78.00;-0.50;;;;;-0.50;-0.50;;;;;;;;;1.0;;;;;;;;;;;;;;;;;;;;;;;;;;;;;;;;;;;;;;;;;;;;50.00;;;;;;;;;;;;;;;;;;;;;;;;;;;;;;;;;;;;;;36.00;45.00;;10.00;28.00;;;36.00;39.00;36.00;;;;;;;;;1254.20;1243.50;-13.600;-95.700;;;;;;;;;;;;;2000.100;-69.000;;;;;;;;;;51.00;52.00;51.00;;;;;34.00;;;;0;;;;;;;;;;;;;;73.500;;;;;;;;;;;;51.00;46.00;;;;;;;;;;;;;;0;0.00;0.00;;308.70;;3.00;3.60;-0.80;;0.80;4.30;;;;2.80;;;;4.10;;;;0.30;4.30;2.10;6.20;0.50;4.40;3.00;6.00;0.40;-1.00;0.20;0.30;;;;;19.00;;;;30.00;;;;64.00;;;;36.00;;;;35.00;;;;;;;;44.00;;;;;;;;;;;;;;;;;;;;;;;;;;;;;;;;;;;;;;;;;;;;;;;;;;;;;;;;;;;;;;;;;;;;;;;;;;;;;;;;;;;;;;;;;;;;;;;;;;;;;;;;;;;;;;;;;;;;;;;;;;;;;;;;;;;;;;;;;;;;;;;;;;;;;;;;;;;;;;;;;;;;;;;;;;;;;;;;;;;;;;;;;;;;;;;;;;;;;;;;;;;;;;;;;;;;;;49.00;;;;;;;;;;;;;;;;;;;;;;;;;;;;;;;;;;;;;;;;;;;;;;;;;;;41.00;41.00;41.00;;;;1.80;;;;26.00;;;;;;;19.80;137.20;22.80;0.00;0.00;22.70;;;;;37.00;;;;;36.00;;;;;;;;37.00;;;;2000.10;2000.10;11;1;;;;;;;;;;;;;;;;;;;;;;;;0.00;0;0;0.00;0.00;;;;;;;;;;;;;;;;;;;;;;;;;;;;0;4.30;5.10;3.50;11.00;11.00;11.00;73;135;21;306;310;1249.80;;;32276952;5.00;;;;;;21.00
1579457400000;2020-01-19T19:10:00.000+0100;;;;;;;;;0.40;-7.60;393.60;393.60;392.80;49.00;53.00;48.00;0.70;;;;;0.70;0.70;;;;;;;;;0.0;;;;;;;;;;;;;;;;;;;;;;;;;;;;;;;;;;;;;;;;;;;;50.00;;;;;;;;;;;;;;;;;;;;;;;;;;;;;;;;;;;;;;35.00;44.00;;10.00;28.00;;;36.00;39.00;36.00;;;;;;;;;1348.50;1241.70;42.200;-109.200;;;;;;;;;;;;;1081.600;41.000;;;;;;;;;;51.00;52.00;51.00;;;;;34.00;;;;0;;;;;;;;;;;;;;23.200;;;;;;;;;;;;51.00;46.00;;;;;;;;;;;;;;0;0.00;0.00;;308.60;;3.00;4.90;-1.60;;1.40;4.30;;;;4.30;;;;3.60;;;;0.40;3.70;1.80;5.40;0.60;3.80;1.50;5.30;0.60;-0.80;3.60;1.20;;;;;19.00;;;;30.00;;;;64.00;;;;35.00;;;;35.00;;;;;;;;43.00;;;;;;;;;;;;;;;;;;;;;;;;;;;;;;;;;;;;;;;;;;;;;;;;;;;;;;;;;;;;;;;;;;;;;;;;;;;;;;;;;;;;;;;;;;;;;;;;;;;;;;;;;;;;;;;;;;;;;;;;;;;;;;;;;;;;;;;;;;;;;;;;;;;;;;;;;;;;;;;;;;;;;;;;;;;;;;;;;;;;;;;;;;;;;;;;;;;;;;;;;;;;;;;;;;;;;;49.00;;;;;;;;;;;;;;;;;;;;;;;;;;;;;;;;;;;;;;;;;;;;;;;;;;;41.00;41.00;41.00;;;;39.70;;;;26.00;;;;;;;0.00;102.70;24.80;0.00;0.00;28.90;;;;;36.00;;;;;35.00;;;;;;;;36.00;;;;0.00;2000.10;11;1;;;;;;;;;;;;;;;;;;;;;;;;0.30;0;0;0.00;0.00;;;;;;;;;;;;;;;;;;;;;;;;;;;;0;3.80;4.80;2.70;11.30;11.90;11.00;13;101;-25;308;313;1283.20;;;32276954;5.00;;;;;;21.00
1579458000000;2020-01-19T19:20:00.000+0100;;;;;;;;;0.80;-13.50;393.80;393.90;393.10;49.00;51.00;49.00;3.60;;;;;3.60;3.60;;;;;;;;;0.0;;;;;;;;;;;;;;;;;;;;;;;;;;;;;;;;;;;;;;;;;;;;50.00;;;;;;;;;;;;;;;;;;;;;;;;;;;;;;;;;;;;;;35.00;44.00;;10.00;27.00;;;36.00;39.00;36.00;;;;;;;;;1397.50;305.00;366.500;-34.600;;;;;;;;;;;;;1289.200;-33.000;;;;;;;;;;49.00;50.00;49.00;;;;;34.00;;;;0;;;;;;;;;;;;;;48.000;;;;;;;;;;;;50.00;44.00;;;;;;;;;;;;;;0;0.00;0.00;;320.90;;3.00;-5.30;-6.20;;0.80;-3.80;;;;-6.00;;;;3.80;;;;0.50;4.00;2.00;5.70;0.60;4.00;1.30;5.40;0.60;-2.30;26.40;8.20;;;;;19.00;;;;30.00;;;;63.00;;;;34.00;;;;35.00;;;;;;;;43.00;;;;;;;;;;;;;;;;;;;;;;;;;;;;;;;;;;;;;;;;;;;;;;;;;;;;;;;;;;;;;;;;;;;;;;;;;;;;;;;;;;;;;;;;;;;;;;;;;;;;;;;;;;;;;;;;;;;;;;;;;;;;;;;;;;;;;;;;;;;;;;;;;;;;;;;;;;;;;;;;;;;;;;;;;;;;;;;;;;;;;;;;;;;;;;;;;;;;;;;;;;;;;;;;;;;;;;48.00;;;;;;;;;;;;;;;;;;;;;;;;;;;;;;;;;;;;;;;;;;;;;;;;;;;41.00;40.00;42.00;;;;328.30;;;;25.00;;;;;;;0.00;182.80;34.90;0.00;0.00;38.10;;;;;37.00;;;;;35.00;;;;;;;;36.00;;;;-4.10;2000.10;11;1;;;;;;;;;;;;;;;;;;;;;;;;3.00;0;0;0.00;0.00;;;;;;;;;;;;;;;;;;;;;;;;;;;;0;4.00;5.10;2.40;9.80;12.20;2.70;32;91;-92;321;316;1101.20;;;32276962;5.00;;;;;;21.00
1579458600000;2020-01-19T19:30:00.000+0100;;;;;;;;;0.90;-2.70;393.90;394.00;393.30;11.00;11.00;12.00;12.40;;;;;12.40;12.40;;;;;;;;;0.0;;;;;;;;;;;;;;;;;;;;;;;;;;;;;;;;;;;;;;;;;;;;50.00;;;;;;;;;;;;;;;;;;;;;;;;;;;;;;;;;;;;;;35.00;44.00;;9.00;27.00;;;36.00;39.00;36.00;;;;;;;;;1348.20;250.70;1.300;-33.200;;;;;;;;;;;;;0.000;0.000;;;;;;;;;;48.00;49.00;48.00;;;;;33.00;;;;0;;;;;;;;;;;;;;3.400;;;;;;;;;;;;50.00;44.00;;;;;;;;;;;;;;0;0.00;0.00;;316.30;;3.00;0.00;-5.30;;0.70;0.00;;;;0.10;;;;3.20;;;;0.40;3.30;1.20;5.30;0.70;3.10;0.60;4.80;0.70;0.80;25.70;10.70;;;;;19.00;;;;30.00;;;;62.00;;;;34.00;;;;34.00;;;;;;;;42.00;;;;;;;;;;;;;;;;;;;;;;;;;;;;;;;;;;;;;;;;;;;;;;;;;;;;;;;;;;;;;;;;;;;;;;;;;;;;;;;;;;;;;;;;;;;;;;;;;;;;;;;;;;;;;;;;;;;;;;;;;;;;;;;;;;;;;;;;;;;;;;;;;;;;;;;;;;;;;;;;;;;;;;;;;;;;;;;;;;;;;;;;;;;;;;;;;;;;;;;;;;;;;;;;;;;;;;48.00;;;;;;;;;;;;;;;;;;;;;;;;;;;;;;;;;;;;;;;;;;;;;;;;;;;41.00;41.00;42.00;;;;514.50;;;;25.00;;;;;;;0.00;56.10;10.00;0.00;0.00;3.00;;;;;35.00;;;;;33.00;;;;;;;;34.00;;;;0.00;0.00;11;11;;;;;;;;;;;;;;;;;;;;;;;;4.50;0;0;0.00;0.00;;;;;;;;;;;;;;;;;;;;;;;;;;;;0;3.20;4.20;1.50;7.50;11.90;2.10;-10;-8;-25;321;321;838.50;;;32276962;6.00;;;;;;21.00
1579459200000;2020-01-19T19:40:00.000+0100;;;;;;;;;0.50;29.20;394.90;395.10;394.40;35.00;36.00;35.00;7.20;;;;;7.20;7.20;;;;;;;;;0.0;;;;;;;;;;;;;;;;;;;;;;;;;;;;;;;;;;;;;;;;;;;;50.00;;;;;;;;;;;;;;;;;;;;;;;;;;;;;;;;;;;;;;35.00;43.00;;9.00;25.00;;;36.00;39.00;36.00;;;;;;;;;1384.10;264.10;63.400;-38.400;;;;;;;;;;;;;127.200;0.000;;;;;;;;;;46.00;46.00;46.00;;;;;33.00;;;;0;;;;;;;;;;;;;;13.200;;;;;;;;;;;;47.00;40.00;;;;;;;;;;;;;;0;0.00;0.00;;324.10;;3.00;0.00;-0.20;;4.30;2.40;;;;-0.10;;;;3.40;;;;0.60;3.50;0.50;5.30;0.70;3.40;0.40;7.70;0.80;-2.30;24.00;10.30;;;;;19.00;;;;30.00;;;;59.00;;;;33.00;;;;34.00;;;;;;;;41.00;;;;;;;;;;;;;;;;;;;;;;;;;;;;;;;;;;;;;;;;;;;;;;;;;;;;;;;;;;;;;;;;;;;;;;;;;;;;;;;;;;;;;;;;;;;;;;;;;;;;;;;;;;;;;;;;;;;;;;;;;;;;;;;;;;;;;;;;;;;;;;;;;;;;;;;;;;;;;;;;;;;;;;;;;;;;;;;;;;;;;;;;;;;;;;;;;;;;;;;;;;;;;;;;;;;;;;47.00;;;;;;;;;;;;;;;;;;;;;;;;;;;;;;;;;;;;;;;;;;;;;;;;;;;41.00;40.00;41.00;;;;444.60;;;;24.00;;;;;;;0.00;122.00;24.40;0.00;0.00;12.40;;;;;35.00;;;;;34.00;;;;;;;;35.00;;;;0.00;2000.10;11;11;;;;;;;;;;;;;;;;;;;;;;;;3.90;0;0;0.00;1.00;;;;;;;;;;;;;;;;;;;;;;;;;;;;0;3.40;4.50;1.10;8.70;12.20;2.40;-8;62;-34;328;328;975.50;;;32276962;6.00;;;;;;20.00
1579459800000;2020-01-19T19:50:00.000+0100;;;;;;;;;0.80;-6.30;394.50;394.70;393.90;13.00;13.00;14.00;20.60;;;;;20.60;20.60;;;;;;;;;1.0;;;;;;;;;;;;;;;;;;;;;;;;;;;;;;;;;;;;;;;;;;;;50.00;;;;;;;;;;;;;;;;;;;;;;;;;;;;;;;;;;;;;;35.00;43.00;;9.00;24.00;;;36.00;39.00;36.00;;;;;;;;;1389.10;226.20;36.700;-107.800;;;;;;;;;;;;;62.500;76.000;;;;;;;;;;43.00;44.00;44.00;;;;;32.00;;;;0;;;;;;;;;;;;;;29.800;;;;;;;;;;;;45.00;39.00;;;;;;;;;;;;;;0;0.00;0.00;;316.50;;3.00;1.50;0.00;;4.20;1.80;;;;2.30;;;;3.50;;;;0.60;3.60;1.40;5.90;0.80;3.50;1.40;5.30;0.80;-2.30;24.50;8.00;;;;;19.00;;;;30.00;;;;56.00;;;;33.00;;;;34.00;;;;;;;;41.00;;;;;;;;;;;;;;;;;;;;;;;;;;;;;;;;;;;;;;;;;;;;;;;;;;;;;;;;;;;;;;;;;;;;;;;;;;;;;;;;;;;;;;;;;;;;;;;;;;;;;;;;;;;;;;;;;;;;;;;;;;;;;;;;;;;;;;;;;;;;;;;;;;;;;;;;;;;;;;;;;;;;;;;;;;;;;;;;;;;;;;;;;;;;;;;;;;;;;;;;;;;;;;;;;;;;;;46.00;;;;;;;;;;;;;;;;;;;;;;;;;;;;;;;;;;;;;;;;;;;;;;;;;;;41.00;39.00;41.00;;;;317.50;;;;24.00;;;;;;;0.00;180.80;47.00;0.00;0.00;8.10;;;;;35.00;;;;;33.00;;;;;;;;34.00;;;;0.00;1700.10;11;1;;;;;;;;;;;;;;;;;;;;;;;;2.70;0;0;0.00;0.00;;;;;;;;;;;;;;;;;;;;;;;;;;;;0;3.50;4.90;1.60;3.60;12.20;2.10;-10;25;-100;330;331;403.80;;;32276962;6.00;;;;;;19.00
1579460400000;2020-01-19T20:00:00.000+0100;;;;;;;;;0.50;39.60;395.20;395.50;394.70;42.00;43.00;43.00;11.90;;;;;12.00;12.00;;;;;;;;;0.0;;;;;;;;;;;;;;;;;;;;;;;;;;;;;;;;;;;;;;;;;;;;50.00;;;;;;;;;;;;;;;;;;;;;;;;;;;;;;;;;;;;;;35.00;43.00;;9.00;24.00;;;36.00;39.00;36.00;;;;;;;;;1350.30;231.60;86.300;-86.900;;;;;;;;;;;;;34.600;0.000;;;;;;;;;;41.00;42.00;42.00;;;;;34.00;;;;0;;;;;;;;;;;;;;3.800;;;;;;;;;;;;44.00;39.00;;;;;;;;;;;;;;0;0.00;0.00;;326.90;;3.00;-0.40;-21.70;;5.30;0.90;;;;-1.30;;;;3.30;;;;0.30;3.30;1.30;5.20;0.60;3.30;1.60;5.00;0.50;-0.40;25.90;10.40;;;;;19.00;;;;30.00;;;;54.00;;;;32.00;;;;35.00;;;;;;;;41.00;;;;;;;;;;;;;;;;;;;;;;;;;;;;;;;;;;;;;;;;;;;;;;;;;;;;;;;;;;;;;;;;;;;;;;;;;;;;;;;;;;;;;;;;;;;;;;;;;;;;;;;;;;;;;;;;;;;;;;;;;;;;;;;;;;;;;;;;;;;;;;;;;;;;;;;;;;;;;;;;;;;;;;;;;;;;;;;;;;;;;;;;;;;;;;;;;;;;;;;;;;;;;;;;;;;;;;46.00;;;;;;;;;;;;;;;;;;;;;;;;;;;;;;;;;;;;;;;;;;;;;;;;;;;41.00;40.00;41.00;;;;514.20;;;;23.00;;;;;;;0.00;53.20;9.90;0.00;0.00;3.30;;;;;35.00;;;;;34.00;;;;;;;;35.00;;;;0.00;2000.10;11;11;;;;;;;;;;;;;;;;;;;;;;;;4.50;0;0;0.00;0.00;;;;;;;;;;;;;;;;;;;;;;;;;;;;0;3.30;4.20;2.20;7.80;11.90;2.10;-10;-8;-25;326;325;863.00;;;32276962;6.00;;;;;;19.00
1579461000000;2020-01-19T20:10:00.000+0100;;;;;;;;;0.80;-6.90;393.20;393.60;392.70;11.00;10.00;11.00;24.00;;;;;24.00;24.00;;;;;;;;;0.0;;;;;;;;;;;;;;;;;;;;;;;;;;;;;;;;;;;;;;;;;;;;50.00;;;;;;;;;;;;;;;;;;;;;;;;;;;;;;;;;;;;;;35.00;43.00;;9.00;22.00;;;36.00;39.00;35.00;;;;;;;;;269.80;227.40;-5.500;-23.700;;;;;;;;;;;;;0.000;0.000;;;;;;;;;;39.00;40.00;40.00;;;;;32.00;;;;0;;;;;;;;;;;;;;0.500;;;;;;;;;;;;42.00;36.00;;;;;;;;;;;;;;0;0.00;0.00;;321.60;;3.00;-3.20;-9.00;;1.40;-2.20;;;;-2.20;;;;3.20;;;;0.30;3.10;1.80;4.90;0.50;3.20;1.40;5.30;0.50;23.90;24.00;0.00;;;;;19.00;;;;30.00;;;;50.00;;;;31.00;;;;34.00;;;;;;;;39.00;;;;;;;;;;;;;;;;;;;;;;;;;;;;;;;;;;;;;;;;;;;;;;;;;;;;;;;;;;;;;;;;;;;;;;;;;;;;;;;;;;;;;;;;;;;;;;;;;;;;;;;;;;;;;;;;;;;;;;;;;;;;;;;;;;;;;;;;;;;;;;;;;;;;;;;;;;;;;;;;;;;;;;;;;;;;;;;;;;;;;;;;;;;;;;;;;;;;;;;;;;;;;;;;;;;;;;45.00;;;;;;;;;;;;;;;;;;;;;;;;;;;;;;;;;;;;;;;;;;;;;;;;;;;40.00;40.00;41.00;;;;9.30;;;;23.00;;;;;;;0.00;27.30;2.90;0.00;0.00;2.40;;;;;34.00;;;;;33.00;;;;;;;;34.00;;;;0.00;0.00;11;11;;;;;;;;;;;;;;;;;;;;;;;;0.00;0;0;0.00;0.00;;;;;;;;;;;;;;;;;;;;;;;;;;;;0;3.20;3.90;2.40;2.10;2.40;2.10;-9;-8;-23;316;313;247.70;;;32276962;6.00;;;;;;19.00
1579461600000;2020-01-19T20:20:00.000+0100;;;;;;;;;0.80;-8.10;393.20;393.70;392.70;12.00;11.00;12.00;24.00;;;;;24.00;24.00;;;;;;;;;0.0;;;;;;;;;;;;;;;;;;;;;;;;;;;;;;;;;;;;;;;;;;;;50.00;;;;;;;;;;;;;;;;;;;;;;;;;;;;;;;;;;;;;;35.00;42.00;;9.00;21.00;;;35.00;38.00;35.00;;;;;;;;;275.70;249.50;-5.400;-23.200;;;;;;;;;;;;;0.000;0.000;;;;;;;;;;38.00;38.00;38.00;;;;;32.00;;;;0;;;;;;;;;;;;;;0.500;;;;;;;;;;;;39.00;33.00;;;;;;;;;;;;;;0;0.00;0.00;;308.30;;3.00;1.90;-4.10;;5.80;1.40;;;;0.90;;;;3.30;;;;0.20;3.30;1.60;6.80;0.50;3.30;1.90;5.00;0.40;23.90;24.00;0.00;;;;;18.00;;;;30.00;;;;46.00;;;;31.00;;;;34.00;;;;;;;;39.00;;;;;;;;;;;;;;;;;;;;;;;;;;;;;;;;;;;;;;;;;;;;;;;;;;;;;;;;;;;;;;;;;;;;;;;;;;;;;;;;;;;;;;;;;;;;;;;;;;;;;;;;;;;;;;;;;;;;;;;;;;;;;;;;;;;;;;;;;;;;;;;;;;;;;;;;;;;;;;;;;;;;;;;;;;;;;;;;;;;;;;;;;;;;;;;;;;;;;;;;;;;;;;;;;;;;;;43.00;;;;;;;;;;;;;;;;;;;;;;;;;;;;;;;;;;;;;;;;;;;;;;;;;;;39.00;39.00;40.00;;;;6.90;;;;22.00;;;;;;;0.00;17.70;2.20;0.00;0.00;2.70;;;;;34.00;;;;;33.00;;;;;;;;34.00;;;;0.00;0.00;11;11;;;;;;;;;;;;;;;;;;;;;;;;0.00;0;0;0.00;0.00;;;;;;;;;;;;;;;;;;;;;;;;;;;;0;3.30;4.00;2.80;2.40;2.40;2.10;-10;-8;-23;309;311;262.90;;;32276962;5.00;;;;;;18.00
1579462200000;2020-01-19T20:30:00.000+0100;;;;;;;;;0.80;-6.60;393.40;393.90;393.00;12.00;12.00;13.00;21.70;;;;;21.70;21.70;;;;;;;;;1.0;;;;;;;;;;;;;;;;;;;;;;;;;;;;;;;;;;;;;;;;;;;;50.00;;;;;;;;;;;;;;;;;;;;;;;;;;;;;;;;;;;;;;35.00;41.00;;9.00;21.00;;;35.00;38.00;35.00;;;;;;;;;1401.40;259.30;10.900;-44.200;;;;;;;;;;;;;9.500;-44.000;;;;;;;;;;36.00;37.00;36.00;;;;;32.00;;;;0;;;;;;;;;;;;;;41.000;;;;;;;;;;;;37.00;31.00;;;;;;;;;;;;;;0;0.00;0.00;;322.90;;3.00;-4.20;-8.70;;2.80;-5.30;;;;-5.60;;;;3.90;;;;0.30;3.80;2.50;5.40;0.50;3.90;2.50;5.20;0.40;-2.30;24.00;6.90;;;;;18.00;;;;29.00;;;;41.00;;;;30.00;;;;34.00;;;;;;;;38.00;;;;;;;;;;;;;;;;;;;;;;;;;;;;;;;;;;;;;;;;;;;;;;;;;;;;;;;;;;;;;;;;;;;;;;;;;;;;;;;;;;;;;;;;;;;;;;;;;;;;;;;;;;;;;;;;;;;;;;;;;;;;;;;;;;;;;;;;;;;;;;;;;;;;;;;;;;;;;;;;;;;;;;;;;;;;;;;;;;;;;;;;;;;;;;;;;;;;;;;;;;;;;;;;;;;;;;42.00;;;;;;;;;;;;;;;;;;;;;;;;;;;;;;;;;;;;;;;;;;;;;;;;;;;39.00;38.00;40.00;;;;243.80;;;;21.00;;;;;;;0.00;153.50;28.70;0.00;0.00;13.90;;;;;34.00;;;;;33.00;;;;;;;;34.00;;;;0.00;644.10;11;1;;;;;;;;;;;;;;;;;;;;;;;;2.10;0;0;0.00;0.00;;;;;;;;;;;;;;;;;;;;;;;;;;;;0;3.90;4.70;3.20;3.30;12.50;2.40;-8;92;-96;317;312;366.50;;;32276962;5.00;;;;;;18.00
1579462800000;2020-01-19T20:40:00.000+0100;;;;;;;;;0.70;-56.60;394.50;394.70;393.70;72.00;77.00;75.00;-0.40;;;;;-0.40;-0.40;;;;;;;;;1.0;;;;;;;;;;;;;;;;;;;;;;;;;;;;;;;;;;;;;;;;;;;;50.00;;;;;;;;;;;;;;;;;;;;;;;;;;;;;;;;;;;;;;35.00;42.00;;9.00;22.00;;;35.00;38.00;35.00;;;;;;;;;1340.20;1245.30;-39.400;-77.800;;;;;;;;;;;;;1961.500;-46.000;;;;;;;;;;36.00;37.00;37.00;;;;;34.00;;;;0;;;;;;;;;;;;;;56.300;;;;;;;;;;;;35.00;35.00;;;;;;;;;;;;;;0;0.00;0.00;;315.20;;3.00;-3.40;-5.40;;2.60;-1.50;;;;-4.50;;;;3.90;;;;0.20;4.20;2.40;5.50;0.40;4.20;2.70;5.40;0.30;-0.80;-0.10;0.20;;;;;18.00;;;;29.00;;;;41.00;;;;30.00;;;;35.00;;;;;;;;40.00;;;;;;;;;;;;;;;;;;;;;;;;;;;;;;;;;;;;;;;;;;;;;;;;;;;;;;;;;;;;;;;;;;;;;;;;;;;;;;;;;;;;;;;;;;;;;;;;;;;;;;;;;;;;;;;;;;;;;;;;;;;;;;;;;;;;;;;;;;;;;;;;;;;;;;;;;;;;;;;;;;;;;;;;;;;;;;;;;;;;;;;;;;;;;;;;;;;;;;;;;;;;;;;;;;;;;;44.00;;;;;;;;;;;;;;;;;;;;;;;;;;;;;;;;;;;;;;;;;;;;;;;;;;;40.00;39.00;41.00;;;;9.50;;;;21.00;;;;;;;10.50;98.50;17.20;0.00;0.00;17.20;;;;;37.00;;;;;36.00;;;;;;;;37.00;;;;660.00;2000.10;11;1;;;;;;;;;;;;;;;;;;;;;;;;0.00;0;0;0.00;0.00;;;;;;;;;;;;;;;;;;;;;;;;;;;;0;4.20;4.80;3.80;11.00;11.90;11.00;56;97;11;312;308;1251.60;;;32276970;5.00;;;;;;18.00
1579463400000;2020-01-19T20:50:00.000+0100;;;;;;;;;0.90;-55.60;395.20;395.40;394.40;120.00;124.00;125.00;-0.80;;;;;-0.80;-0.80;;;;;;;;;1.0;;;;;;;;;;;;;;;;;;;;;;;;;;;;;;;;;;;;;;;;;;;;50.00;;;;;;;;;;;;;;;;;;;;;;;;;;;;;;;;;;;;;;35.00;43.00;;8.00;23.00;;;35.00;38.00;35.00;;;;;;;;;1254.50;1244.10;-23.600;-105.900;;;;;;;;;;;;;2000.100;-39.000;;;;;;;;;;39.00;39.00;39.00;;;;;34.00;;;;0;;;;;;;;;;;;;;127.900;;;;;;;;;;;;34.00;40.00;;;;;;;;;;;;;;0;0.00;0.00;;303.00;;3.00;4.90;-1.50;;1.50;6.20;;;;4.10;;;;4.60;;;;0.30;4.60;2.70;6.40;0.50;4.60;2.60;5.90;0.40;-1.30;0.10;0.30;;;;;18.00;;;;29.00;;;;44.00;;;;30.00;;;;35.00;;;;;;;;43.00;;;;;;;;;;;;;;;;;;;;;;;;;;;;;;;;;;;;;;;;;;;;;;;;;;;;;;;;;;;;;;;;;;;;;;;;;;;;;;;;;;;;;;;;;;;;;;;;;;;;;;;;;;;;;;;;;;;;;;;;;;;;;;;;;;;;;;;;;;;;;;;;;;;;;;;;;;;;;;;;;;;;;;;;;;;;;;;;;;;;;;;;;;;;;;;;;;;;;;;;;;;;;;;;;;;;;;46.00;;;;;;;;;;;;;;;;;;;;;;;;;;;;;;;;;;;;;;;;;;;;;;;;;;;40.00;40.00;40.00;;;;2.10;;;;21.00;;;;;;;49.70;198.30;36.00;0.00;0.00;36.00;;;;;37.00;;;;;36.00;;;;;;;;37.00;;;;2000.10;2000.10;11;1;;;;;;;;;;;;;;;;;;;;;;;;0.00;0;0;0.00;0.00;;;;;;;;;;;;;;;;;;;;;;;;;;;;0;4.60;5.30;3.50;11.00;11.00;11.00;128;197;50;302;307;1250.40;;;32276992;5.00;;;;;;19.00
1579464000000;2020-01-19T21:00:00.000+0100;;;;;;;;;1.00;-43.80;395.70;395.80;394.90;136.00;138.00;140.00;-1.00;;;;;-1.00;-1.00;;;;;;;;;1.0;;;;;;;;;;;;;;;;;;;;;;;;;;;;;;;;;;;;;;;;;;;;50.00;;;;;;;;;;;;;;;;;;;;;;;;;;;;;;;;;;;;;;35.00;44.00;;8.00;24.00;;;35.00;38.00;35.00;;;;;;;;;1262.60;1235.40;-36.800;-55.500;;;;;;;;;;;;;2000.100;-40.000;;;;;;;;;;41.00;41.00;41.00;;;;;34.00;;;;0;;;;;;;;;;;;;;153.100;;;;;;;;;;;;33.00;42.00;;;;;;;;;;;;;;0;0.00;0.00;;309.50;;3.00;5.10;2.40;;0.90;5.80;;;;4.40;;;;4.80;;;;0.40;4.80;2.50;6.70;0.60;4.80;3.10;6.20;0.50;-1.50;-0.20;0.30;;;;;18.00;;;;29.00;;;;47.00;;;;30.00;;;;35.00;;;;;;;;44.00;;;;;;;;;;;;;;;;;;;;;;;;;;;;;;;;;;;;;;;;;;;;;;;;;;;;;;;;;;;;;;;;;;;;;;;;;;;;;;;;;;;;;;;;;;;;;;;;;;;;;;;;;;;;;;;;;;;;;;;;;;;;;;;;;;;;;;;;;;;;;;;;;;;;;;;;;;;;;;;;;;;;;;;;;;;;;;;;;;;;;;;;;;;;;;;;;;;;;;;;;;;;;;;;;;;;;;47.00;;;;;;;;;;;;;;;;;;;;;;;;;;;;;;;;;;;;;;;;;;;;;;;;;;;40.00;40.00;40.00;;;;3.60;;;;21.00;;;;;;;39.10;209.90;24.10;0.00;0.00;23.90;;;;;37.00;;;;;36.00;;;;;;;;36.00;;;;2000.10;2000.10;11;1;;;;;;;;;;;;;;;;;;;;;;;;0.00;0;0;0.00;0.00;;;;;;;;;;;;;;;;;;;;;;;;;;;;0;4.80;5.50;3.80;11.00;11.00;11.00;153;206;40;309;314;1250.10;;;32277018;5.00;;;;;;19.00
1579464600000;2020-01-19T21:10:00.000+0100;;;;;;;;;0.90;-48.80;395.20;395.50;394.40;135.00;137.00;141.00;-0.80;;;;;-0.80;-0.80;;;;;;;;;1.0;;;;;;;;;;;;;;;;;;;;;;;;;;;;;;;;;;;;;;;;;;;;50.00;;;;;;;;;;;;;;;;;;;;;;;;;;;;;;;;;;;;;;35.00;44.00;;8.00;24.00;;;35.00;38.00;35.00;;;;;;;;;1260.80;1240.20;-40.500;-58.900;;;;;;;;;;;;;2000.100;-44.000;;;;;;;;;;42.00;43.00;43.00;;;;;34.00;;;;0;;;;;;;;;;;;;;151.100;;;;;;;;;;;;34.00;42.00;;;;;;;;;;;;;;0;0.00;0.00;;313.90;;3.00;4.30;3.00;;0.80;4.80;;;;3.10;;;;4.70;;;;0.40;4.70;2.40;6.60;0.60;4.60;2.60;6.40;0.50;-1.50;0.20;0.40;;;;;18.00;;;;29.00;;;;49.00;;;;31.00;;;;35.00;;;;;;;;44.00;;;;;;;;;;;;;;;;;;;;;;;;;;;;;;;;;;;;;;;;;;;;;;;;;;;;;;;;;;;;;;;;;;;;;;;;;;;;;;;;;;;;;;;;;;;;;;;;;;;;;;;;;;;;;;;;;;;;;;;;;;;;;;;;;;;;;;;;;;;;;;;;;;;;;;;;;;;;;;;;;;;;;;;;;;;;;;;;;;;;;;;;;;;;;;;;;;;;;;;;;;;;;;;;;;;;;;48.00;;;;;;;;;;;;;;;;;;;;;;;;;;;;;;;;;;;;;;;;;;;;;;;;;;;40.00;40.00;40.00;;;;4.50;;;;22.00;;;;;;;90.80;225.10;30.80;0.00;0.00;30.50;;;;;37.00;;;;;36.00;;;;;;;;37.00;;;;2000.10;2000.10;11;1;;;;;;;;;;;;;;;;;;;;;;;;0.00;0;0;0.00;0.00;;;;;;;;;;;;;;;;;;;;;;;;;;;;0;4.70;5.50;3.40;11.00;11.00;11.00;151;222;93;312;316;1249.80;;;32277042;5.00;;;;;;19.00
1579465200000;2020-01-19T21:20:00.000+0100;;;;;;;;;0.90;-49.90;395.40;395.60;394.60;99.00;102.00;104.00;-0.30;;;;;-0.30;-0.30;;;;;;;;;1.0;;;;;;;;;;;;;;;;;;;;;;;;;;;;;;;;;;;;;;;;;;;;50.00;;;;;;;;;;;;;;;;;;;;;;;;;;;;;;;;;;;;;;35.00;44.00;;8.00;24.00;;;35.00;38.00;35.00;;;;;;;;;1259.30;1241.70;-39.400;-59.900;;;;;;;;;;;;;2000.100;-49.000;;;;;;;;;;44.00;44.00;44.00;;;;;34.00;;;;0;;;;;;;;;;;;;;102.300;;;;;;;;;;;;34.00;43.00;;;;;;;;;;;;;;0;0.00;0.00;;317.50;;3.00;5.60;-8.80;;1.40;6.50;;;;4.80;;;;4.40;;;;0.40;4.10;2.10;6.00;0.60;4.10;1.80;5.50;0.50;-1.10;0.60;0.40;;;;;18.00;;;;29.00;;;;52.00;;;;31.00;;;;35.00;;;;;;;;43.00;;;;;;;;;;;;;;;;;;;;;;;;;;;;;;;;;;;;;;;;;;;;;;;;;;;;;;;;;;;;;;;;;;;;;;;;;;;;;;;;;;;;;;;;;;;;;;;;;;;;;;;;;;;;;;;;;;;;;;;;;;;;;;;;;;;;;;;;;;;;;;;;;;;;;;;;;;;;;;;;;;;;;;;;;;;;;;;;;;;;;;;;;;;;;;;;;;;;;;;;;;;;;;;;;;;;;;48.00;;;;;;;;;;;;;;;;;;;;;;;;;;;;;;;;;;;;;;;;;;;;;;;;;;;40.00;40.00;40.00;;;;3.00;;;;22.00;;;;;;;38.10;168.40;24.10;0.00;0.00;23.70;;;;;37.00;;;;;36.00;;;;;;;;36.00;;;;2000.10;2000.10;11;1;;;;;;;;;;;;;;;;;;;;;;;;0.00;0;0;0.00;0.00;;;;;;;;;;;;;;;;;;;;;;;;;;;;0;4.10;5.10;3.00;11.00;11.00;11.00;102;163;40;317;322;1249.80;;;32277060;5.00;;;;;;19.00
1579465800000;2020-01-19T21:30:00.000+0100;;;;;;;;;0.70;-44.50;395.60;395.80;394.80;65.00;70.00;69.00;0.30;;;;;0.30;0.30;;;;;;;;;1.0;;;;;;;;;;;;;;;;;;;;;;;;;;;;;;;;;;;;;;;;;;;;50.00;;;;;;;;;;;;;;;;;;;;;;;;;;;;;;;;;;;;;;35.00;44.00;;8.00;25.00;;;35.00;38.00;35.00;;;;;;;;;1260.80;1242.60;-43.300;-53.900;;;;;;;;;;;;;2000.100;-44.000;;;;;;;;;;45.00;46.00;45.00;;;;;34.00;;;;0;;;;;;;;;;;;;;54.600;;;;;;;;;;;;36.00;43.00;;;;;;;;;;;;;;0;0.00;0.00;;322.00;;3.00;2.60;-2.20;;1.90;3.10;;;;3.80;;;;3.90;;;;0.40;3.70;1.60;5.40;0.70;3.60;2.00;5.40;0.60;-1.00;1.00;0.40;;;;;18.00;;;;29.00;;;;53.00;;;;31.00;;;;35.00;;;;;;;;43.00;;;;;;;;;;;;;;;;;;;;;;;;;;;;;;;;;;;;;;;;;;;;;;;;;;;;;;;;;;;;;;;;;;;;;;;;;;;;;;;;;;;;;;;;;;;;;;;;;;;;;;;;;;;;;;;;;;;;;;;;;;;;;;;;;;;;;;;;;;;;;;;;;;;;;;;;;;;;;;;;;;;;;;;;;;;;;;;;;;;;;;;;;;;;;;;;;;;;;;;;;;;;;;;;;;;;;;48.00;;;;;;;;;;;;;;;;;;;;;;;;;;;;;;;;;;;;;;;;;;;;;;;;;;;40.00;40.00;40.00;;;;2.70;;;;22.00;;;;;;;13.20;144.90;23.70;0.00;0.00;23.60;;;;;37.00;;;;;36.00;;;;;;;;36.00;;;;2000.10;2000.10;11;1;;;;;;;;;;;;;;;;;;;;;;;;0.00;0;0;0.00;0.00;;;;;;;;;;;;;;;;;;;;;;;;;;;;0;3.60;5.00;2.50;11.00;11.00;11.00;54;142;14;317;319;1249.80;;;32277068;5.00;;;;;;19.00
1579466400000;2020-01-19T21:40:00.000+0100;;;;;;;;;0.70;-44.00;396.20;396.50;395.50;63.00;67.00;67.00;0.10;;;;;0.10;0.10;;;;;;;;;1.0;;;;;;;;;;;;;;;;;;;;;;;;;;;;;;;;;;;;;;;;;;;;50.00;;;;;;;;;;;;;;;;;;;;;;;;;;;;;;;;;;;;;;35.00;44.00;;8.00;25.00;;;35.00;38.00;35.00;;;;;;;;;1256.60;1243.50;-42.700;-45.300;;;;;;;;;;;;;2000.100;-43.000;;;;;;;;;;46.00;47.00;46.00;;;;;34.00;;;;0;;;;;;;;;;;;;;52.200;;;;;;;;;;;;39.00;43.00;;;;;;;;;;;;;;0;0.00;0.00;;319.00;;3.00;4.40;-5.30;;1.50;3.90;;;;4.00;;;;3.90;;;;0.40;3.80;2.10;5.90;0.60;3.80;1.80;5.30;0.50;-0.90;0.80;0.40;;;;;18.00;;;;29.00;;;;55.00;;;;31.00;;;;35.00;;;;;;;;43.00;;;;;;;;;;;;;;;;;;;;;;;;;;;;;;;;;;;;;;;;;;;;;;;;;;;;;;;;;;;;;;;;;;;;;;;;;;;;;;;;;;;;;;;;;;;;;;;;;;;;;;;;;;;;;;;;;;;;;;;;;;;;;;;;;;;;;;;;;;;;;;;;;;;;;;;;;;;;;;;;;;;;;;;;;;;;;;;;;;;;;;;;;;;;;;;;;;;;;;;;;;;;;;;;;;;;;;48.00;;;;;;;;;;;;;;;;;;;;;;;;;;;;;;;;;;;;;;;;;;;;;;;;;;;40.00;40.00;40.00;;;;2.10;;;;22.00;;;;;;;20.20;106.00;15.20;0.00;0.00;15.10;;;;;37.00;;;;;36.00;;;;;;;;36.00;;;;2000.10;2000.10;11;1;;;;;;;;;;;;;;;;;;;;;;;;0.00;0;0;0.00;0.00;;;;;;;;;;;;;;;;;;;;;;;;;;;;0;3.80;4.80;2.80;11.00;11.00;11.00;52;104;21;317;321;1250.10;;;32277078;5.00;;;;;;19.00
1579467000000;2020-01-19T21:50:00.000+0100;;;;;;;;;0.80;-43.80;396.60;396.90;395.80;64.00;69.00;68.00;0.20;;;;;0.20;0.20;;;;;;;;;1.0;;;;;;;;;;;;;;;;;;;;;;;;;;;;;;;;;;;;;;;;;;;;50.00;;;;;;;;;;;;;;;;;;;;;;;;;;;;;;;;;;;;;;35.00;44.00;;8.00;25.00;;;35.00;38.00;35.00;;;;;;;;;1256.30;1241.40;-43.000;-44.400;;;;;;;;;;;;;2000.100;-43.000;;;;;;;;;;47.00;47.00;47.00;;;;;34.00;;;;0;;;;;;;;;;;;;;54.700;;;;;;;;;;;;43.00;43.00;;;;;;;;;;;;;;0;0.00;0.00;;325.50;;3.00;6.00;-8.40;;1.70;5.50;;;;6.30;;;;3.90;;;;0.30;3.70;1.30;5.10;0.60;3.70;1.70;5.10;0.50;-0.50;0.80;0.30;;;;;18.00;;;;29.00;;;;56.00;;;;32.00;;;;35.00;;;;;;;;42.00;;;;;;;;;;;;;;;;;;;;;;;;;;;;;;;;;;;;;;;;;;;;;;;;;;;;;;;;;;;;;;;;;;;;;;;;;;;;;;;;;;;;;;;;;;;;;;;;;;;;;;;;;;;;;;;;;;;;;;;;;;;;;;;;;;;;;;;;;;;;;;;;;;;;;;;;;;;;;;;;;;;;;;;;;;;;;;;;;;;;;;;;;;;;;;;;;;;;;;;;;;;;;;;;;;;;;;48.00;;;;;;;;;;;;;;;;;;;;;;;;;;;;;;;;;;;;;;;;;;;;;;;;;;;40.00;40.00;40.00;;;;2.10;;;;22.00;;;;;;;9.20;90.00;14.50;0.00;0.00;14.30;;;;;37.00;;;;;36.00;;;;;;;;36.00;;;;2000.10;2000.10;11;1;;;;;;;;;;;;;;;;;;;;;;;;0.00;0;0;0.00;0.00;;;;;;;;;;;;;;;;;;;;;;;;;;;;0;3.70;4.40;2.50;11.00;11.00;11.00;54;90;10;317;323;1250.10;;;32277084;5.00;;;;;;19.00
1579467600000;2020-01-19T22:00:00.000+0100;;;;;;;;;0.80;-43.80;396.70;397.00;395.90;68.00;72.00;72.00;0.10;;;;;0.10;0.10;;;;;;;;;1.0;;;;;;;;;;;;;;;;;;;;;;;;;;;;;;;;;;;;;;;;;;;;50.00;;;;;;;;;;;;;;;;;;;;;;;;;;;;;;;;;;;;;;35.00;44.00;;8.00;26.00;;;35.00;38.00;35.00;;;;;;;;;1256.60;1241.70;-9.900;-45.100;;;;;;;;;;;;;2000.100;-44.000;;;;;;;;;;47.00;48.00;48.00;;;;;34.00;;;;0;;;;;;;;;;;;;;59.800;;;;;;;;;;;;45.00;44.00;;;;;;;;;;;;;;0;0.00;0.00;;321.40;;3.00;4.20;4.20;;2.70;3.80;;;;3.60;;;;4.00;;;;0.40;3.80;1.60;6.00;0.60;3.70;1.60;5.80;0.60;-1.00;0.80;0.40;;;;;18.00;;;;29.00;;;;57.00;;;;32.00;;;;35.00;;;;;;;;43.00;;;;;;;;;;;;;;;;;;;;;;;;;;;;;;;;;;;;;;;;;;;;;;;;;;;;;;;;;;;;;;;;;;;;;;;;;;;;;;;;;;;;;;;;;;;;;;;;;;;;;;;;;;;;;;;;;;;;;;;;;;;;;;;;;;;;;;;;;;;;;;;;;;;;;;;;;;;;;;;;;;;;;;;;;;;;;;;;;;;;;;;;;;;;;;;;;;;;;;;;;;;;;;;;;;;;;;48.00;;;;;;;;;;;;;;;;;;;;;;;;;;;;;;;;;;;;;;;;;;;;;;;;;;;41.00;40.00;41.00;;;;2.40;;;;22.00;;;;;;;0.00;114.90;21.80;0.00;0.00;21.70;;;;;37.00;;;;;36.00;;;;;;;;36.00;;;;2000.10;2000.10;11;1;;;;;;;;;;;;;;;;;;;;;;;;0.00;0;0;0.00;0.00;;;;;;;;;;;;;;;;;;;;;;;;;;;;0;3.70;5.20;2.60;11.00;11.00;11.00;59;114;2;319;323;1250.10;;;32277096;5.00;;;;;;19.00
1579468200000;2020-01-19T22:10:00.000+0100;;;;;;;;;0.80;-44.00;395.40;395.60;394.60;70.00;75.00;75.00;0.00;;;;;0.00;0.00;;;;;;;;;1.0;;;;;;;;;;;;;;;;;;;;;;;;;;;;;;;;;;;;;;;;;;;;50.00;;;;;;;;;;;;;;;;;;;;;;;;;;;;;;;;;;;;;;35.00;44.00;;8.00;26.00;;;35.00;38.00;35.00;;;;;;;;;1256.00;1242.90;-43.200;-45.200;;;;;;;;;;;;;2000.100;-43.000;;;;;;;;;;48.00;49.00;48.00;;;;;34.00;;;;0;;;;;;;;;;;;;;65.200;;;;;;;;;;;;47.00;44.00;;;;;;;;;;;;;;0;0.00;0.00;;323.70;;3.00;-5.40;-7.00;;1.00;-4.00;;;;-7.40;;;;4.00;;;;0.30;3.90;2.50;5.50;0.50;3.80;1.40;5.40;0.60;-0.80;0.60;0.40;;;;;18.00;;;;29.00;;;;58.00;;;;32.00;;;;35.00;;;;;;;;43.00;;;;;;;;;;;;;;;;;;;;;;;;;;;;;;;;;;;;;;;;;;;;;;;;;;;;;;;;;;;;;;;;;;;;;;;;;;;;;;;;;;;;;;;;;;;;;;;;;;;;;;;;;;;;;;;;;;;;;;;;;;;;;;;;;;;;;;;;;;;;;;;;;;;;;;;;;;;;;;;;;;;;;;;;;;;;;;;;;;;;;;;;;;;;;;;;;;;;;;;;;;;;;;;;;;;;;;48.00;;;;;;;;;;;;;;;;;;;;;;;;;;;;;;;;;;;;;;;;;;;;;;;;;;;41.00;40.00;41.00;;;;2.10;;;;22.00;;;;;;;13.10;111.80;16.60;0.00;0.00;16.40;;;;;37.00;;;;;36.00;;;;;;;;36.00;;;;2000.10;2000.10;11;1;;;;;;;;;;;;;;;;;;;;;;;;0.00;0;0;0.00;0.00;;;;;;;;;;;;;;;;;;;;;;;;;;;;0;3.90;4.80;2.80;11.00;11.00;11.00;65;112;14;329;324;1250.10;;;32277106;4.00;;;;;;19.00
1579468800000;2020-01-19T22:20:00.000+0100;;;;;;;;;0.90;-43.80;394.80;395.00;394.00;80.00;84.00;84.00;-0.40;;;;;-0.40;-0.40;;;;;;;;;1.0;;;;;;;;;;;;;;;;;;;;;;;;;;;;;;;;;;;;;;;;;;;;50.00;;;;;;;;;;;;;;;;;;;;;;;;;;;;;;;;;;;;;;35.00;44.00;;8.00;26.00;;;35.00;38.00;35.00;;;;;;;;;1256.90;1241.70;-28.700;-107.800;;;;;;;;;;;;;2000.100;-47.000;;;;;;;;;;48.00;49.00;49.00;;;;;34.00;;;;0;;;;;;;;;;;;;;78.900;;;;;;;;;;;;48.00;44.00;;;;;;;;;;;;;;0;0.00;0.00;;324.20;;3.00;1.10;-9.10;;2.20;3.20;;;;-0.70;;;;4.20;;;;0.40;4.20;2.00;5.70;0.60;4.20;1.70;5.60;0.60;-1.00;0.70;0.40;;;;;18.00;;;;29.00;;;;58.00;;;;32.00;;;;35.00;;;;;;;;43.00;;;;;;;;;;;;;;;;;;;;;;;;;;;;;;;;;;;;;;;;;;;;;;;;;;;;;;;;;;;;;;;;;;;;;;;;;;;;;;;;;;;;;;;;;;;;;;;;;;;;;;;;;;;;;;;;;;;;;;;;;;;;;;;;;;;;;;;;;;;;;;;;;;;;;;;;;;;;;;;;;;;;;;;;;;;;;;;;;;;;;;;;;;;;;;;;;;;;;;;;;;;;;;;;;;;;;;48.00;;;;;;;;;;;;;;;;;;;;;;;;;;;;;;;;;;;;;;;;;;;;;;;;;;;41.00;40.00;41.00;;;;2.40;;;;22.00;;;;;;;19.30;118.40;17.10;0.00;0.00;17.00;;;;;37.00;;;;;36.00;;;;;;;;36.00;;;;2000.10;2000.10;11;1;;;;;;;;;;;;;;;;;;;;;;;;0.00;0;0;0.00;0.00;;;;;;;;;;;;;;;;;;;;;;;;;;;;0;4.20;4.90;2.90;11.00;11.00;11.00;79;118;22;329;331;1250.10;;;32277120;4.00;;;;;;19.00
1579469400000;2020-01-19T22:30:00.000+0100;;;;;;;;;0.70;-55.60;394.20;394.40;393.30;75.00;80.00;79.00;-0.20;;;;;-0.20;-0.20;;;;;;;;;1.0;;;;;;;;;;;;;;;;;;;;;;;;;;;;;;;;;;;;;;;;;;;;50.00;;;;;;;;;;;;;;;;;;;;;;;;;;;;;;;;;;;;;;35.00;44.00;;8.00;26.00;;;36.00;38.00;35.00;;;;;;;;;1256.60;1242.90;-42.600;-69.000;;;;;;;;;;;;;2000.100;-49.000;;;;;;;;;;49.00;50.00;49.00;;;;;34.00;;;;0;;;;;;;;;;;;;;62.900;;;;;;;;;;;;48.00;44.00;;;;;;;;;;;;;;0;0.00;0.00;;333.40;;3.00;2.30;1.40;;0.90;4.00;;;;1.00;;;;4.00;;;;0.40;4.10;2.10;5.80;0.60;4.00;2.10;5.30;0.50;-0.90;0.60;0.40;;;;;17.00;;;;29.00;;;;59.00;;;;32.00;;;;35.00;;;;;;;;43.00;;;;;;;;;;;;;;;;;;;;;;;;;;;;;;;;;;;;;;;;;;;;;;;;;;;;;;;;;;;;;;;;;;;;;;;;;;;;;;;;;;;;;;;;;;;;;;;;;;;;;;;;;;;;;;;;;;;;;;;;;;;;;;;;;;;;;;;;;;;;;;;;;;;;;;;;;;;;;;;;;;;;;;;;;;;;;;;;;;;;;;;;;;;;;;;;;;;;;;;;;;;;;;;;;;;;;;48.00;;;;;;;;;;;;;;;;;;;;;;;;;;;;;;;;;;;;;;;;;;;;;;;;;;;41.00;41.00;41.00;;;;2.10;;;;22.00;;;;;;;15.50;104.60;18.90;0.00;0.00;18.90;;;;;37.00;;;;;36.00;;;;;;;;36.00;;;;2000.10;2000.10;11;1;;;;;;;;;;;;;;;;;;;;;;;;0.00;0;0;0.00;0.00;;;;;;;;;;;;;;;;;;;;;;;;;;;;0;4.00;4.90;2.70;11.00;11.00;11.00;63;104;17;329;332;1249.80;;;32277130;4.00;;;;;;19.00
1579470000000;2020-01-19T22:40:00.000+0100;;;;;;;;;0.80;-51.40;394.20;394.40;393.30;78.00;82.00;82.00;-0.20;;;;;-0.20;-0.20;;;;;;;;;1.0;;;;;;;;;;;;;;;;;;;;;;;;;;;;;;;;;;;;;;;;;;;;50.00;;;;;;;;;;;;;;;;;;;;;;;;;;;;;;;;;;;;;;35.00;44.00;;8.00;26.00;;;36.00;38.00;35.00;;;;;;;;;1256.30;1242.90;-29.600;-122.000;;;;;;;;;;;;;2000.100;-43.000;;;;;;;;;;49.00;50.00;50.00;;;;;34.00;;;;0;;;;;;;;;;;;;;71.000;;;;;;;;;;;;48.00;44.00;;;;;;;;;;;;;;0;0.00;0.00;;331.20;;3.00;-1.00;-2.20;;1.70;0.10;;;;-1.40;;;;4.10;;;;0.30;4.00;2.00;5.80;0.60;4.00;2.10;5.50;0.50;-0.80;0.70;0.30;;;;;17.00;;;;29.00;;;;59.00;;;;32.00;;;;35.00;;;;;;;;43.00;;;;;;;;;;;;;;;;;;;;;;;;;;;;;;;;;;;;;;;;;;;;;;;;;;;;;;;;;;;;;;;;;;;;;;;;;;;;;;;;;;;;;;;;;;;;;;;;;;;;;;;;;;;;;;;;;;;;;;;;;;;;;;;;;;;;;;;;;;;;;;;;;;;;;;;;;;;;;;;;;;;;;;;;;;;;;;;;;;;;;;;;;;;;;;;;;;;;;;;;;;;;;;;;;;;;;;49.00;;;;;;;;;;;;;;;;;;;;;;;;;;;;;;;;;;;;;;;;;;;;;;;;;;;41.00;41.00;41.00;;;;2.10;;;;22.00;;;;;;;32.30;120.10;16.60;0.00;0.00;16.40;;;;;37.00;;;;;36.00;;;;;;;;36.00;;;;2000.10;2000.10;11;1;;;;;;;;;;;;;;;;;;;;;;;;0.00;0;0;0.00;0.00;;;;;;;;;;;;;;;;;;;;;;;;;;;;0;4.00;4.80;3.00;11.00;11.00;11.00;71;118;34;329;329;1250.10;;;32277142;4.00;;;;;;19.00
1579470600000;2020-01-19T22:50:00.000+0100;;;;;;;;;0.90;-44.40;394.40;394.60;393.60;98.00;102.00;103.00;-0.50;;;;;-0.50;-0.50;;;;;;;;;1.0;;;;;;;;;;;;;;;;;;;;;;;;;;;;;;;;;;;;;;;;;;;;50.00;;;;;;;;;;;;;;;;;;;;;;;;;;;;;;;;;;;;;;35.00;44.00;;8.00;26.00;;;36.00;38.00;35.00;;;;;;;;;1259.30;1242.30;-42.600;-54.800;;;;;;;;;;;;;2000.100;-44.000;;;;;;;;;;50.00;50.00;50.00;;;;;34.00;;;;0;;;;;;;;;;;;;;104.800;;;;;;;;;;;;48.00;45.00;;;;;;;;;;;;;;0;0.00;0.00;;327.70;;3.00;0.20;-16.40;;1.90;2.00;;;;-0.90;;;;4.40;;;;0.40;4.30;2.30;6.40;0.60;4.30;2.40;6.20;0.60;-1.30;0.30;0.40;;;;;17.00;;;;29.00;;;;60.00;;;;32.00;;;;35.00;;;;;;;;43.00;;;;;;;;;;;;;;;;;;;;;;;;;;;;;;;;;;;;;;;;;;;;;;;;;;;;;;;;;;;;;;;;;;;;;;;;;;;;;;;;;;;;;;;;;;;;;;;;;;;;;;;;;;;;;;;;;;;;;;;;;;;;;;;;;;;;;;;;;;;;;;;;;;;;;;;;;;;;;;;;;;;;;;;;;;;;;;;;;;;;;;;;;;;;;;;;;;;;;;;;;;;;;;;;;;;;;;49.00;;;;;;;;;;;;;;;;;;;;;;;;;;;;;;;;;;;;;;;;;;;;;;;;;;;41.00;41.00;41.00;;;;3.00;;;;23.00;;;;;;;47.60;164.90;23.00;0.00;0.00;22.80;;;;;37.00;;;;;36.00;;;;;;;;37.00;;;;2000.10;2000.10;11;1;;;;;;;;;;;;;;;;;;;;;;;;0.00;0;0;0.00;0.00;;;;;;;;;;;;;;;;;;;;;;;;;;;;0;4.30;5.30;3.30;11.00;11.00;11.00;104;161;49;329;330;1250.10;;;32277160;4.00;;;;;;19.00
1579471200000;2020-01-19T23:00:00.000+0100;;;;;;;;;0.90;-44.50;394.70;395.00;394.00;84.00;88.00;89.00;-0.30;;;;;-0.30;-0.30;;;;;;;;;1.0;;;;;;;;;;;;;;;;;;;;;;;;;;;;;;;;;;;;;;;;;;;;50.00;;;;;;;;;;;;;;;;;;;;;;;;;;;;;;;;;;;;;;35.00;44.00;;7.00;26.00;;;36.00;38.00;35.00;;;;;;;;;1256.60;1238.70;-42.600;-57.000;;;;;;;;;;;;;2000.100;-43.000;;;;;;;;;;50.00;51.00;50.00;;;;;34.00;;;;0;;;;;;;;;;;;;;85.300;;;;;;;;;;;;49.00;45.00;;;;;;;;;;;;;;0;0.00;0.00;;329.10;;3.00;2.00;-12.60;;1.60;3.30;;;;1.80;;;;4.20;;;;0.40;4.10;1.80;5.80;0.60;4.10;2.30;5.70;0.60;-0.90;0.60;0.40;;;;;17.00;;;;29.00;;;;60.00;;;;32.00;;;;35.00;;;;;;;;43.00;;;;;;;;;;;;;;;;;;;;;;;;;;;;;;;;;;;;;;;;;;;;;;;;;;;;;;;;;;;;;;;;;;;;;;;;;;;;;;;;;;;;;;;;;;;;;;;;;;;;;;;;;;;;;;;;;;;;;;;;;;;;;;;;;;;;;;;;;;;;;;;;;;;;;;;;;;;;;;;;;;;;;;;;;;;;;;;;;;;;;;;;;;;;;;;;;;;;;;;;;;;;;;;;;;;;;;49.00;;;;;;;;;;;;;;;;;;;;;;;;;;;;;;;;;;;;;;;;;;;;;;;;;;;41.00;41.00;41.00;;;;2.40;;;;23.00;;;;;;;25.40;142.70;18.90;0.00;0.00;18.80;;;;;37.00;;;;;36.00;;;;;;;;36.00;;;;2000.10;2000.10;11;1;;;;;;;;;;;;;;;;;;;;;;;;0.00;0;0;0.00;0.00;;;;;;;;;;;;;;;;;;;;;;;;;;;;0;4.10;5.00;3.00;11.00;11.00;11.00;85;138;27;329;331;1250.10;;;32277174;4.00;;;;;;19.00
1579471800000;2020-01-19T23:10:00.000+0100;;;;;;;;;0.60;-57.40;395.30;395.60;394.60;72.00;77.00;76.00;0.00;;;;;0.00;0.00;;;;;;;;;1.0;;;;;;;;;;;;;;;;;;;;;;;;;;;;;;;;;;;;;;;;;;;;50.00;;;;;;;;;;;;;;;;;;;;;;;;;;;;;;;;;;;;;;35.00;44.00;;7.00;26.00;;;36.00;38.00;35.00;;;;;;;;;1255.40;1244.10;-42.500;-95.700;;;;;;;;;;;;;2000.100;-57.000;;;;;;;;;;50.00;51.00;51.00;;;;;34.00;;;;0;;;;;;;;;;;;;;53.700;;;;;;;;;;;;49.00;45.00;;;;;;;;;;;;;;0;0.00;0.00;;333.50;;3.00;3.60;1.50;;1.20;5.30;;;;3.10;;;;3.90;;;;0.40;3.80;1.80;6.10;0.70;3.90;1.80;5.50;0.60;-0.90;1.00;0.40;;;;;17.00;;;;29.00;;;;61.00;;;;32.00;;;;35.00;;;;;;;;43.00;;;;;;;;;;;;;;;;;;;;;;;;;;;;;;;;;;;;;;;;;;;;;;;;;;;;;;;;;;;;;;;;;;;;;;;;;;;;;;;;;;;;;;;;;;;;;;;;;;;;;;;;;;;;;;;;;;;;;;;;;;;;;;;;;;;;;;;;;;;;;;;;;;;;;;;;;;;;;;;;;;;;;;;;;;;;;;;;;;;;;;;;;;;;;;;;;;;;;;;;;;;;;;;;;;;;;;49.00;;;;;;;;;;;;;;;;;;;;;;;;;;;;;;;;;;;;;;;;;;;;;;;;;;;41.00;41.00;41.00;;;;2.10;;;;23.00;;;;;;;10.80;124.60;22.20;0.00;0.00;22.10;;;;;37.00;;;;;35.00;;;;;;;;36.00;;;;2000.10;2000.10;11;1;;;;;;;;;;;;;;;;;;;;;;;;0.00;0;0;0.00;0.00;;;;;;;;;;;;;;;;;;;;;;;;;;;;0;3.90;4.80;2.40;11.00;11.00;11.00;53;122;11;329;333;1249.80;;;32277182;4.00;;;;;;19.00
1579472400000;2020-01-19T23:20:00.000+0100;;;;;;;;;0.40;-51.90;396.00;396.40;395.30;55.00;60.00;57.00;0.30;;;;;0.30;0.30;;;;;;;;;0.0;;;;;;;;;;;;;;;;;;;;;;;;;;;;;;;;;;;;;;;;;;;;50.00;;;;;;;;;;;;;;;;;;;;;;;;;;;;;;;;;;;;;;35.00;44.00;;7.00;27.00;;;36.00;38.00;35.00;;;;;;;;;1331.50;1243.20;31.300;-169.500;;;;;;;;;;;;;1827.100;-10.000;;;;;;;;;;50.00;51.00;51.00;;;;;34.00;;;;0;;;;;;;;;;;;;;16.800;;;;;;;;;;;;49.00;45.00;;;;;;;;;;;;;;0;0.00;0.00;;334.10;;3.00;2.90;-8.70;;2.20;3.50;;;;3.10;;;;3.50;;;;0.30;3.60;1.80;5.60;0.60;3.60;1.70;5.30;0.50;-0.40;0.90;0.30;;;;;17.00;;;;29.00;;;;61.00;;;;32.00;;;;35.00;;;;;;;;42.00;;;;;;;;;;;;;;;;;;;;;;;;;;;;;;;;;;;;;;;;;;;;;;;;;;;;;;;;;;;;;;;;;;;;;;;;;;;;;;;;;;;;;;;;;;;;;;;;;;;;;;;;;;;;;;;;;;;;;;;;;;;;;;;;;;;;;;;;;;;;;;;;;;;;;;;;;;;;;;;;;;;;;;;;;;;;;;;;;;;;;;;;;;;;;;;;;;;;;;;;;;;;;;;;;;;;;;48.00;;;;;;;;;;;;;;;;;;;;;;;;;;;;;;;;;;;;;;;;;;;;;;;;;;;41.00;41.00;41.00;;;;14.60;;;;23.00;;;;;;;0.00;51.10;12.10;0.00;0.00;13.80;;;;;37.00;;;;;35.00;;;;;;;;36.00;;;;0.00;2000.10;11;1;;;;;;;;;;;;;;;;;;;;;;;;0.00;0;0;0.00;0.00;;;;;;;;;;;;;;;;;;;;;;;;;;;;0;3.60;4.30;2.60;11.00;11.90;11.00;15;50;-18;329;332;1253.90;;;32277184;4.00;;;;;;19.00
1579473000000;2020-01-19T23:30:00.000+0100;;;;;;;;;0.80;-14.10;396.20;396.70;395.80;25.00;26.00;26.00;6.20;;;;;6.20;6.20;;;;;;;;;1.0;;;;;;;;;;;;;;;;;;;;;;;;;;;;;;;;;;;;;;;;;;;;50.00;;;;;;;;;;;;;;;;;;;;;;;;;;;;;;;;;;;;;;35.00;44.00;;7.00;26.00;;;36.00;38.00;35.00;;;;;;;;;1394.50;306.20;247.400;-50.100;;;;;;;;;;;;;430.600;-48.000;;;;;;;;;;49.00;50.00;49.00;;;;;33.00;;;;0;;;;;;;;;;;;;;14.700;;;;;;;;;;;;49.00;44.00;;;;;;;;;;;;;;0;0.00;0.00;;328.90;;3.00;-3.90;-4.10;;0.50;-3.70;;;;-5.00;;;;3.40;;;;0.40;3.40;1.50;4.80;0.60;3.30;1.10;5.20;0.60;-2.30;27.20;9.00;;;;;17.00;;;;29.00;;;;60.00;;;;32.00;;;;34.00;;;;;;;;42.00;;;;;;;;;;;;;;;;;;;;;;;;;;;;;;;;;;;;;;;;;;;;;;;;;;;;;;;;;;;;;;;;;;;;;;;;;;;;;;;;;;;;;;;;;;;;;;;;;;;;;;;;;;;;;;;;;;;;;;;;;;;;;;;;;;;;;;;;;;;;;;;;;;;;;;;;;;;;;;;;;;;;;;;;;;;;;;;;;;;;;;;;;;;;;;;;;;;;;;;;;;;;;;;;;;;;;;48.00;;;;;;;;;;;;;;;;;;;;;;;;;;;;;;;;;;;;;;;;;;;;;;;;;;;41.00;40.00;41.00;;;;394.50;;;;22.00;;;;;;;0.00;90.40;20.90;0.00;0.00;23.70;;;;;35.00;;;;;34.00;;;;;;;;35.00;;;;0.00;2000.10;11;1;;;;;;;;;;;;;;;;;;;;;;;;3.60;0;0;0.00;0.00;;;;;;;;;;;;;;;;;;;;;;;;;;;;0;3.40;4.20;1.90;9.50;12.20;2.70;1;88;-100;329;326;1074.30;;;32277188;4.00;;;;;;19.00
1579473600000;2020-01-19T23:40:00.000+0100;;;;;;;;;0.60;-47.60;396.30;396.70;395.60;59.00;64.00;63.00;0.30;;;;;0.30;0.30;;;;;;;;;1.0;;;;;;;;;;;;;;;;;;;;;;;;;;;;;;;;;;;;;;;;;;;;50.00;;;;;;;;;;;;;;;;;;;;;;;;;;;;;;;;;;;;;;35.00;44.00;;7.00;26.00;;;36.00;38.00;35.00;;;;;;;;;1255.10;1241.70;3.500;-50.000;;;;;;;;;;;;;2000.100;-49.000;;;;;;;;;;48.00;49.00;49.00;;;;;34.00;;;;0;;;;;;;;;;;;;;40.600;;;;;;;;;;;;48.00;43.00;;;;;;;;;;;;;;0;0.00;0.00;;324.90;;3.00;-0.40;-10.10;;3.30;-1.90;;;;-1.60;;;;3.80;;;;0.40;3.70;1.70;5.80;0.60;3.60;1.60;5.20;0.60;-0.80;0.90;0.40;;;;;17.00;;;;29.00;;;;60.00;;;;32.00;;;;35.00;;;;;;;;42.00;;;;;;;;;;;;;;;;;;;;;;;;;;;;;;;;;;;;;;;;;;;;;;;;;;;;;;;;;;;;;;;;;;;;;;;;;;;;;;;;;;;;;;;;;;;;;;;;;;;;;;;;;;;;;;;;;;;;;;;;;;;;;;;;;;;;;;;;;;;;;;;;;;;;;;;;;;;;;;;;;;;;;;;;;;;;;;;;;;;;;;;;;;;;;;;;;;;;;;;;;;;;;;;;;;;;;;48.00;;;;;;;;;;;;;;;;;;;;;;;;;;;;;;;;;;;;;;;;;;;;;;;;;;;41.00;41.00;41.00;;;;2.10;;;;22.00;;;;;;;0.00;76.20;16.10;0.00;0.00;16.10;;;;;37.00;;;;;36.00;;;;;;;;37.00;;;;2000.10;2000.10;11;1;;;;;;;;;;;;;;;;;;;;;;;;0.00;0;0;0.00;0.00;;;;;;;;;;;;;;;;;;;;;;;;;;;;0;3.60;4.60;2.70;11.00;11.00;11.00;40;76;-3;321;321;1250.10;;;32277194;4.00;;;;;;19.00
1579474200000;2020-01-19T23:50:00.000+0100;;;;;;;;;0.70;-48.90;396.50;396.80;395.70;68.00;72.00;73.00;0.20;;;;;0.20;0.20;;;;;;;;;1.0;;;;;;;;;;;;;;;;;;;;;;;;;;;;;;;;;;;;;;;;;;;;50.00;;;;;;;;;;;;;;;;;;;;;;;;;;;;;;;;;;;;;;35.00;44.00;;7.00;26.00;;;36.00;38.00;35.00;;;;;;;;;1255.40;1242.30;-46.600;-50.100;;;;;;;;;;;;;2000.100;-48.000;;;;;;;;;;49.00;50.00;49.00;;;;;34.00;;;;0;;;;;;;;;;;;;;57.000;;;;;;;;;;;;48.00;44.00;;;;;;;;;;;;;;0;0.00;0.00;;318.30;;3.00;4.60;-3.70;;1.60;4.70;;;;3.90;;;;3.90;;;;0.40;3.70;1.20;5.50;0.70;3.70;1.80;5.40;0.60;-0.90;0.90;0.40;;;;;17.00;;;;29.00;;;;60.00;;;;32.00;;;;35.00;;;;;;;;43.00;;;;;;;;;;;;;;;;;;;;;;;;;;;;;;;;;;;;;;;;;;;;;;;;;;;;;;;;;;;;;;;;;;;;;;;;;;;;;;;;;;;;;;;;;;;;;;;;;;;;;;;;;;;;;;;;;;;;;;;;;;;;;;;;;;;;;;;;;;;;;;;;;;;;;;;;;;;;;;;;;;;;;;;;;;;;;;;;;;;;;;;;;;;;;;;;;;;;;;;;;;;;;;;;;;;;;;48.00;;;;;;;;;;;;;;;;;;;;;;;;;;;;;;;;;;;;;;;;;;;;;;;;;;;41.00;41.00;41.00;;;;2.10;;;;22.00;;;;;;;12.00;118.00;19.80;0.00;0.00;19.70;;;;;37.00;;;;;36.00;;;;;;;;37.00;;;;2000.10;2000.10;11;1;;;;;;;;;;;;;;;;;;;;;;;;0.00;0;0;0.00;0.00;;;;;;;;;;;;;;;;;;;;;;;;;;;;0;3.70;4.90;2.60;11.00;11.00;11.00;57;118;12;319;324;1250.10;;;32277204;3.00;;;;;;19.00
